seed =  5 traits =  1 
Training: part  223 
Training: part  223 
Round  1 
 Goal of obj  0.99 
Temperature range:  0.00390625 1.5625e-14 
Cycle 1Round 1
Iter 500000 pBad 0.832277 T 0.00105163 Obj 1.05306 Rho 0 GRdif 30.2991 success 145350 failure 12167 obj_new 1.05306 SA_pAcc 1 Delta 0.0120734 SA_r 0.0807145 freedomratio 0.366708
Iter 1000000 pBad 0.775329 T 0.000283118 Obj 1.03449 Rho 0 GRdif 19.873 success 287974 failure 30921 obj_new 1.03449 SA_pAcc 0.970392 Delta -0.0164127 SA_r 0.841698 freedomratio 0.36625
Iter 1500000 pBad 0.726661 T 7.62202e-05 Obj 1.02569 Rho 0 GRdif 14.8628 success 428681 failure 55282 obj_new 1.02569 SA_pAcc 0.826663 Delta -0.0354975 SA_r 0.00822047 freedomratio 0.36106
Iter 2000000 pBad 0.595695 T 2.05198e-05 Obj 1.01836 Rho 0 GRdif 10.6634 success 565946 failure 87097 obj_new 1.01836 SA_pAcc 1 Delta 0.0209264 SA_r 0.184031 freedomratio 0.363073
Iter 2500000 pBad 0.45803 T 5.52429e-06 Obj 1.01449 Rho 0 GRdif 8.43176 success 697597 failure 128901 obj_new 1.01449 SA_pAcc 1 Delta 0.0122233 SA_r 0.846885 freedomratio 0.349642
Iter 3000000 pBad 0.287518 T 1.48723e-06 Obj 1.01042 Rho 0 GRdif 6.07656 success 813495 failure 201825 obj_new 1.01042 SA_pAcc 1 Delta -0.0205241 SA_r 0.135245 freedomratio 0.346541
Iter 3500000 pBad 0.148145 T 4.00389e-07 Obj 1.00862 Rho 0 GRdif 5.03227 success 903738 failure 326231 obj_new 1.00862 SA_pAcc 0.743449 Delta -0.00255162 SA_r 0.80134 freedomratio 0.312867
Iter 4000000 pBad 0.0557876 T 1.07792e-07 Obj 1.00825 Rho 0 GRdif 4.81735 success 958534 failure 531464 obj_new 1.00825 SA_pAcc 3.91037 Delta -0.00302051 SA_r 0.873837 freedomratio 0.265158
Iter 4500000 pBad 0.0248017 T 2.90194e-08 Obj 1.00813 Rho 0 GRdif 4.75527 success 989665 failure 802105 obj_new 1.00815 SA_pAcc 8.4704e-311 Delta 0.000484211 SA_r 0.944952 freedomratio 0.232079
Iter 5000000 pBad 0.0176776 T 7.81252e-09 Obj 1.00809 Rho 0 GRdif 4.72083 success 1006829 failure 1121349 obj_new 1.00809 SA_pAcc 1.43829e-44 Delta -0.00089064 SA_r 0.933732 freedomratio 0.216876
Iter 5500000 pBad 0.00614185 T 2.10327e-09 Obj 1.00808 Rho 0 GRdif 4.71341 success 1015367 failure 1468999 obj_new 1.00808 SA_pAcc 0.015802 Delta -6.31645e-05 SA_r 0.893269 freedomratio 0.205038
Iter 6000000 pBad 0.00409512 T 5.66236e-10 Obj 1.00807 Rho 0 GRdif 4.92918 success 1020165 failure 1829644 obj_new 1.00845 SA_pAcc 0 Delta 3.83453e-05 SA_r 0.096083 freedomratio 0.200822
Iter 6500000 pBad 0.00416493 T 1.5244e-10 Obj 1.00807 Rho 0 GRdif 4.70957 success 1022798 failure 2197888 obj_new 1.00807 SA_pAcc 7.50939e-145 Delta 0.000347874 SA_r 0.832388 freedomratio 0.200068
Iter 7000000 pBad 0.001037 T 4.10396e-11 Obj 1.00807 Rho 0 GRdif 4.70918 success 1024727 failure 2569464 obj_new 1.00807 SA_pAcc 0 Delta -7.00706e-05 SA_r 0.817206 freedomratio 0.198711
Iter 7500000 pBad 0.00113529 T 1.10486e-11 Obj 1.00807 Rho 0 GRdif 4.70841 success 1026015 failure 2944961 obj_new 1.00807 SA_pAcc 1 Delta -9.80284e-07 SA_r 0.390472 freedomratio 0.197107
Iter 8000000 pBad 0.000300533 T 2.97447e-12 Obj 1.00807 Rho 0 GRdif 4.70815 success 1027589 failure 3321899 obj_new 1.00807 SA_pAcc 1 Delta 4.0186e-06 SA_r 0.485077 freedomratio 0.195138
Iter 8500000 pBad 0.000528328 T 8.00778e-13 Obj 1.00807 Rho 0 GRdif 4.70794 success 1029416 failure 3701417 obj_new 1.00807 SA_pAcc 1 Delta -4.71772e-05 SA_r 0.411448 freedomratio 0.192447
Iter 9000000 pBad 2.15236e-05 T 2.15583e-13 Obj 1.00807 Rho 0 GRdif 4.70783 success 1031457 failure 4081877 obj_new 1.00807 SA_pAcc 1 Delta 1.7568e-06 SA_r 0.0296425 freedomratio 0.189705
Iter 9500000 pBad 0.000485787 T 5.80388e-14 Obj 1.00807 Rho 0 GRdif 4.70772 success 1034623 failure 4457072 obj_new 1.00807 SA_pAcc 0 Delta -6.77622e-07 SA_r 0.679482 freedomratio 0.186091
Iter 10000000 pBad 6.87445e-32 T 1.5625e-14 Obj 1.00807 Rho 0 GRdif 4.71671 success 1036026 failure 4792237 obj_new 1.00808 SA_pAcc 0 Delta 1.80304e-34 SA_r 0.541832 freedomratio 0.17503
Cannot move further
iter 9.77066e+06 obj1.00807 rho 0 GRdif 4.70767
Training:
Lab Growth Rates:
1.05 0.54 0.37 0.4 0.11 0.37 0.46 0.47 0.33 0.465 0.301 0.25 1.03 0.25 0.762 0.5 0.7 0.42 0.3 0.37 0.65 0.5 0.37 0.377 0.58 1.483 0.22 0.41 0.4 0.53 0.54 0.41 0.22 0.4 0.52 0.55 0.4 0.14 0.59 0.5 0.32 0.4 0.27 0.46 0.5 0.26 0.636 0.36 0.58 0.19 1.46 0.58 0.1 0.27 0.47 0.5 0.53 1.483 0.37 0.5 0.4 0.34 0.4 0.33 0.56 0.43 0.4 0.59 0.4 0.58 0.41 0.5 0.3 0.56 0.465 0.68 0.5 0.4 0.59 0.43 1.345 0.19 0.2 0.27 0.7 0.33 0.1 0.39 0.65 0.54 0.41 0.4 0.52 0.52 0.37 0.5 0.38 0.59 0.41 0.5 0.33 0.48 0.33 0.54 0.4 0.4 0.5 0.637 1.46 0.56 0.25 0.17 0.38 0.56 0.31 0.34 1.46 0.6 0.4 0.42 0.65 0.4 0.58 0.41 0.46 1.248 0.59 0.4 1.345 0.43 0.47 1.483 0.31 0.485 0.55 0.53 0.31 0.53 0.59 0.37 0.55 0.58 1.67 1.345 0.3 0.65 0.5 0.481 0.45 0.3 0.46 0.22 0.46 1.483 0.55 0.3 0.4 0.54 0.3 0.4 0.4 0.4 0.5 0.54 0.45 0.686 0.09 0.4 0.301 0.56 0.58 0.42 0.45 0.42 0.4 0.4 0.45 0.47 0.53 0.54 0.45 0.43 0.41 0.46 0.45 0.4 1.35 0.58 1.483 0.45 0.56 0.39 0.52 0.59 0.65 0.23 1.345 0.58 0.37 0.25 0.54 0.37 0.51 0.45 0.4 0.42 1.43 0.47 0.53 0.4 0.47 0.37 0.22 0.485 0.901 1.67 0.53 0.5 0.1 0.4 1.66 0.45 0.45 0.39 0.47 0.53 0.4 0.48 0.41 0.46 0.1 0.635 0.5 0.54 0.52 0.37 0.5 0.4 1.483 0.37 0.901 0.55 0.4 0.377 0.52 0.47 0.648 0.4 0.58 1.345 0.4 0.46 0.54 0.5 0.36 0.46 0.46 0.58 0.09 0.42 0.46 0.55 0.46 0.724 0.476 0.55 0.4 1.38 0.23 1.248 0.47 0.52 0.46 0.4 0.54 0.53 0.25 0.43 0.33 0.14 0.47 0.58 0.36 0.36 0.54 0.901 0.32 0.43 0.724 0.22 0.901 0.6 0.4 0.48 0.45 0.48 0.54 0.5 0.42 0.54 0.4 0.5 0.55 0.4 0.23 0.5 0.5 0.901 0.54 0.22 0.4 0.4 0.465 0.5 0.48 0.1 0.54 0.5 0.58 0.481 0.48 0.36 0.53 0.49 0.5 0.47 0.52 0.54 0.54 1.05 0.59 0.52 0.42 0.59 0.43 0.09 0.36 0.4 0.47 0.636 0.45 0.42 0.47 0.56 0.23 1.05 0.4 0.39 0.3 0.49 0.5 0.2 0.42 0.36 0.3 0.46 0.635 1.248 0.32 0.48 0.1 0.48 0.617 0.4 0.26 0.46 0.56 0.3 0.53 0.5 0.59 0.5 0.45 0.58 0.762 0.4 0.11 0.3 0.4 0.4 0.2 0.4 0.55 0.59 0.65 0.41 0.54 0.37 0.51 0.54 1.345 0.17 1.483 0.7 0.901 0.56 0.34 0.54 0.43 0.1 0.58 0.23 1.345 0.762 0.53 0.5 0.54 1.4 0.648 1.66 0.53 0.54 0.1 0.55 0.5 0.71 0.724 0.59 0.46 0.65 0.4 1.43 0.68 0.53 0.4 0.58 0.4 0.45 0.68 1.248 0.4 0.686 0.58 0.37 1.345 0.38 0.54 0.23 0.5 1.345 0.48 0.33 0.47 0.56 1.05 0.47 0.56 0.3 0.4 0.58 0.46 0.45 1.248 0.26 0.42 0.635 0.4 0.33 0.43 0.4 0.47 0.45 0.19 0.25 0.4 0.37 1.483 0.25 0.56 0.65 0.5 0.1 0.59 0.47 0.762 0.36 0.45 0.33 0.3 0.59 0.45 0.52 0.42 1.345 0.56 0.4 1.05 0.51 0.485 1.483 0.476 0.4 0.636 0.27 0.59 0.56 0.37 0.36 0.637 0.3 0.6 0.4 1.483 0.42 0.38 0.481 0.45 0.3 0.43 0.42 0.4 0.38 0.55 0.5 1.42 0.71 0.58 0.53 0.23 0.5 0.637 0.27 0.648 0.4 0.54 0.6 1.46 0.7 0.54 0.65 1.483 0.54 0.4 0.42 0.58 0.23 0.55 0.47 0.27 0.25 0.43 0.52 0.56 0.23 0.68 0.17 0.39 0.52 0.686 0.46 0.46 0.11 0.56 0.56 0.49 1.345 0.4 0.22 0.4 0.47 0.43 0.68 0.54 0.4 1.483 0.42 1.44 0.47 0.301 1.49 0.46 0.377 0.42 0.39 0.47 0.59 0.46 1.345 0.22 0.5 0.476 0.42 0.56 0.485 0.71 0.58
Dot Production Prediction of Lab Growth Rates:
1.05 0.336338 0.44489 0.408298 0.330924 0.306177 0.567917 0.409192 0.352614 0.572982 0.565135 0.306218 1.36023 0.556809 0.773743 0.660731 0.70096 0.377398 0.390125 0.41513 0.619229 0.48004 0.411111 0.570246 0.468128 1.17051 0.464997 0.558496 0.404461 0.521796 0.368736 0.3441 0.467215 0.414652 0.361121 0.445488 0.409815 0.14 0.550063 0.623088 0.293279 0.403411 0.398124 0.381811 0.471755 0.581361 0.6958 0.403216 0.473919 0.306585 1.02973 0.354524 0.85743 0.338616 0.505682 0.642243 0.296938 1.14597 0.38365 0.356637 0.415681 0.328653 0.411875 0.438904 0.530909 0.445849 0.412832 0.550147 0.413572 0.479794 0.313075 0.316834 0.321776 0.473036 0.577834 0.361064 0.474536 0.400375 0.360808 0.382395 1.18316 0.307661 0.418522 0.375847 0.699867 0.324187 0.467737 0.330542 0.654397 0.547197 0.368934 0.410875 0.351754 0.3615 0.414436 0.547141 0.318082 0.313604 0.344808 0.363493 0.348471 0.305454 0.522217 0.54054 0.406474 0.398415 0.691967 0.682632 1.03097 0.527329 0.355096 0.415634 0.313547 0.53605 0.569682 0.306344 1.03777 0.508088 0.413314 0.341503 0.650001 0.413447 0.346234 0.571197 0.298456 0.839987 0.342631 0.404398 1.19083 0.360572 0.485316 1.11256 0.561542 0.556415 0.550537 0.34431 0.56834 0.381477 0.390695 0.381973 0.549196 0.463508 1.40579 1.10746 0.532013 0.626021 0.474485 0.566636 1.44238 0.491122 0.439238 0.461959 0.419717 1.14886 0.440061 0.483218 0.409946 0.435033 0.403467 0.414181 0.331986 0.399998 0.538569 0.39171 1.55044 0.697464 0.439973 0.403415 0.563897 0.463457 0.298268 0.343204 0.341187 0.605574 0.414418 0.410844 1.45325 0.342608 0.502628 0.454675 0.345558 0.336997 0.568254 0.441822 1.49851 0.412138 1.20895 0.360923 1.14133 0.37481 0.472 0.337776 0.381344 0.293756 0.660116 0.429488 1.14857 0.462018 0.416216 0.362574 0.31433 0.417172 0.406518 0.379938 0.399673 0.335266 1.31685 0.363189 0.530012 0.416202 0.343624 0.585797 0.464553 0.556944 0.78078 1.52222 0.418072 0.709529 1.22971 0.397777 1.66 0.419619 0.392985 0.299061 0.343003 0.328239 0.40374 0.297443 0.368601 0.460005 1.04512 0.680878 0.711008 0.351556 0.335087 0.421708 0.355006 0.41041 1.08943 0.423283 0.901 0.435418 0.411271 0.570053 0.365733 0.417601 0.687416 0.414196 0.48016 1.12766 0.403502 0.458323 0.455463 0.324888 0.386212 0.457629 0.331251 0.38122 0.33871 0.361312 0.467045 0.428489 0.558228 0.69711 0.577296 0.552606 0.412379 1.35363 0.428098 0.836632 0.379686 0.388315 0.289046 0.399976 0.524876 0.524577 1.50312 0.384376 0.319102 0.140914 0.360941 0.465084 0.34528 0.368899 0.372492 0.900999 0.315395 0.356714 0.695435 0.459051 0.901641 0.510003 0.397764 0.319919 1.47055 0.350784 0.540107 0.723106 0.345267 0.403859 0.405938 0.390363 0.551021 0.40643 0.536014 0.533894 0.537197 0.904737 0.44316 0.348239 0.410948 0.410875 0.576551 0.321036 0.334358 0.456002 0.379738 0.329977 0.475061 0.567077 0.299335 0.361076 0.52532 0.367924 0.73032 0.407571 0.389838 0.461362 0.387003 1.05 0.550529 0.36638 0.608251 0.544139 0.42106 0.374439 0.346191 0.413874 0.379802 0.683446 0.407211 0.318569 0.502619 0.538105 0.527655 1.65262 0.398231 0.307456 0.304225 0.385665 0.328093 0.381986 0.309619 0.346927 0.468712 0.53387 0.685145 0.833113 0.345303 0.321849 0.347492 0.330829 0.595489 0.414951 0.465785 0.364488 0.54658 0.304419 0.388128 0.320611 0.546382 0.478599 0.349874 0.336082 0.760778 0.405005 0.374358 0.52999 0.410854 0.41531 0.425368 0.411288 0.553688 0.318638 0.632919 0.368884 0.529822 0.391272 0.38638 0.328477 1.16631 0.313368 1.11713 0.703861 0.94767 0.474826 0.305536 0.433882 0.342559 1.43665 0.316329 0.544246 1.1725 0.768572 0.549643 0.596568 0.551024 1.40011 0.681975 1.64708 0.529113 0.29826 0.945888 0.4396 0.537326 0.691169 0.696536 0.314519 0.353993 0.649985 0.320073 1.33378 0.356779 0.330878 0.406368 0.464663 0.404796 0.34379 0.36073 0.837574 0.405203 0.697045 0.477126 0.417881 1.18513 0.364772 0.381069 0.539371 0.623383 1.19999 0.296175 0.484265 0.350023 0.467505 1.03827 0.311141 0.539991 0.440923 0.410066 0.351125 0.474001 1.54167 0.836801 0.352412 0.309935 0.686755 0.413215 0.322716 0.357901 0.400049 0.355044 0.318965 0.316957 0.517826 0.414469 0.419288 1.15613 0.362135 0.548572 0.655813 0.473482 0.935739 0.554647 0.431372 0.768235 0.322747 0.342126 0.35208 0.478457 0.29102 1.52353 0.34184 0.337873 1.12867 0.542588 0.414174 1.05281 0.380565 0.572085 1.16794 0.578417 0.412296 0.695198 0.612591 0.549372 0.540066 0.422131 0.332407 0.683715 0.372047 0.51072 0.408987 1.14191 0.329808 0.363721 0.570383 0.36643 0.307527 0.450179 0.366871 0.402281 0.325172 0.446186 0.336809 1.5459 0.696576 0.472518 0.561554 0.53844 0.345588 0.68273 0.285497 0.685232 0.407354 0.361943 0.534676 1.64524 0.699535 0.401192 0.650001 1.16213 0.530964 0.399631 0.299646 0.378718 0.426699 0.552563 0.390554 0.35317 0.832797 0.410381 0.338028 0.467756 0.545275 0.358492 0.319176 0.303679 0.363748 0.691863 0.473783 0.32813 0.369058 0.537567 0.5489 0.365687 1.18412 0.412003 0.378247 0.413258 0.385851 0.416786 0.359838 0.353362 0.411397 1.14048 0.337001 1.53277 0.41434 0.564735 1.54167 0.424059 0.565601 0.624434 0.306542 0.349936 0.320401 0.435884 1.18009 0.421558 0.78278 0.577484 0.330082 0.54102 0.573824 0.690955 0.472736
Testing:
Lab Growth Rates:
0.47 0.47 0.47
Dot Production Prediction of Lab Growth Rates:
0.403892 0.361965 0.406601
Best performance so far: 
Obj: 4.671e-310Rho: 2.26291e-314Diff: 4.671e-310
Anneal again with the best G and E so far as input
Cycle 2Round 1
Iter 500000 pBad 0.809375 T 0.00105163 Obj 1.04582 Rho 0 GRdif 26.2526 success 114871 failure 11801 obj_new 1.04582 SA_pAcc 1 Delta 0.0090373 SA_r 0.193029 freedomratio 0.273832
Iter 1000000 pBad 0.744943 T 0.000283118 Obj 1.02953 Rho 0 GRdif 17.0546 success 226982 failure 30434 obj_new 1.02953 SA_pAcc 1 Delta 0.0673717 SA_r 0.714801 freedomratio 0.274988
Iter 1500000 pBad 0.635033 T 7.62202e-05 Obj 1.0248 Rho 0 GRdif 14.3611 success 337035 failure 54459 obj_new 1.02481 SA_pAcc 0.901866 Delta -0.0361848 SA_r 0.947349 freedomratio 0.275376
Iter 2000000 pBad 0.511444 T 2.05198e-05 Obj 1.01981 Rho 0 GRdif 11.4977 success 444291 failure 84058 obj_new 1.01981 SA_pAcc 1 Delta 0.026776 SA_r 0.219683 freedomratio 0.271674
Iter 2500000 pBad 0.405159 T 5.52429e-06 Obj 1.01716 Rho 0 GRdif 9.96761 success 546902 failure 124305 obj_new 1.01716 SA_pAcc 1 Delta 0.0182916 SA_r 0.648405 freedomratio 0.270171
Iter 3000000 pBad 0.265789 T 1.48723e-06 Obj 1.01126 Rho 0 GRdif 6.56416 success 636549 failure 193824 obj_new 1.01126 SA_pAcc 1.13073 Delta 0.0194847 SA_r 0.941465 freedomratio 0.25368
Iter 3500000 pBad 0.131137 T 4.00389e-07 Obj 1.00965 Rho 0 GRdif 5.62865 success 716174 failure 285908 obj_new 1.00965 SA_pAcc 2.52294e-05 Delta -0.00204204 SA_r 0.302985 freedomratio 0.243558
Iter 4000000 pBad 0.0877571 T 1.07792e-07 Obj 1.00884 Rho 0 GRdif 5.15903 success 770355 failure 441387 obj_new 1.00884 SA_pAcc 4.75782e-08 Delta -0.0085407 SA_r 0.520915 freedomratio 0.221718
Iter 4500000 pBad 0.0335167 T 2.90194e-08 Obj 1.00844 Rho 0 GRdif 4.92571 success 804668 failure 660397 obj_new 1.00844 SA_pAcc 0.000480727 Delta 0.00331912 SA_r 0.373565 freedomratio 0.18764
Iter 5000000 pBad 0.0223531 T 7.81252e-09 Obj 1.00831 Rho 0 GRdif 4.8472 success 823892 failure 938500 obj_new 1.00831 SA_pAcc 1.07747e-31 Delta 0.000651966 SA_r 0.892434 freedomratio 0.173991
Iter 5500000 pBad 0.0105363 T 2.10327e-09 Obj 1.00825 Rho 0 GRdif 4.81641 success 835389 failure 1251327 obj_new 1.00825 SA_pAcc 1 Delta -0.000958209 SA_r 0.475631 freedomratio 0.167572
Iter 6000000 pBad 0.00480987 T 5.66236e-10 Obj 1.00823 Rho 0 GRdif 4.802 success 843432 failure 1585377 obj_new 1.00823 SA_pAcc 1.63608e-06 Delta -8.48145e-05 SA_r 0.128701 freedomratio 0.158937
Iter 6500000 pBad 0.0028775 T 1.5244e-10 Obj 1.00822 Rho 0 GRdif 4.79501 success 849087 failure 1935545 obj_new 1.00822 SA_pAcc 1 Delta 0.000278422 SA_r 0.389721 freedomratio 0.154373
Iter 7000000 pBad 0.00104731 T 4.10396e-11 Obj 1.00821 Rho 0 GRdif 4.78985 success 855325 failure 2297054 obj_new 1.00821 SA_pAcc 0 Delta -9.07356e-05 SA_r 0.748229 freedomratio 0.148769
Iter 7500000 pBad 0.000938654 T 1.10486e-11 Obj 1.0082 Rho 0 GRdif 4.79757 success 858951 failure 2672525 obj_new 1.00822 SA_pAcc 0 Delta -8.86753e-05 SA_r 0.386199 freedomratio 0.146978
Iter 8000000 pBad 0.000229784 T 2.97447e-12 Obj 1.0082 Rho 0 GRdif 4.78949 success 863845 failure 3055390 obj_new 1.00821 SA_pAcc 0 Delta -1.57095e-05 SA_r 0.265812 freedomratio 0.143206
Iter 8500000 pBad 0.000221639 T 8.00778e-13 Obj 1.0082 Rho 0 GRdif 4.78663 success 869318 failure 3444728 obj_new 1.0082 SA_pAcc 2.22134e-53 Delta -1.9011e-06 SA_r 0.965019 freedomratio 0.13979
Iter 9000000 pBad 2.49021e-26 T 2.15583e-13 Obj 1.0082 Rho 0 GRdif 4.78632 success 872809 failure 3797584 obj_new 1.0082 SA_pAcc 0 Delta 2.14739e-27 SA_r 0.750559 freedomratio 0.13568
Iter 9500000 pBad 1.11037e-122 T 5.80388e-14 Obj 1.0082 Rho 0 GRdif 4.78619 success 872809 failure 4129393 obj_new 1.0082 SA_pAcc 0 Delta -6.55458e-124 SA_r 0.528284 freedomratio 0.133698
Good enough
iter 8.70516e+06 obj1.0082 rho 0 GRdif 4.78619
Training:
Lab Growth Rates:
1.05 0.54 0.37 0.4 0.11 0.37 0.46 0.47 0.33 0.465 0.301 0.25 1.03 0.25 0.762 0.5 0.7 0.42 0.3 0.37 0.65 0.5 0.37 0.377 0.58 1.483 0.22 0.41 0.4 0.53 0.54 0.41 0.22 0.4 0.52 0.55 0.4 0.14 0.59 0.5 0.32 0.4 0.27 0.46 0.5 0.26 0.636 0.36 0.58 0.19 1.46 0.58 0.1 0.27 0.47 0.5 0.53 1.483 0.37 0.5 0.4 0.34 0.4 0.33 0.56 0.43 0.4 0.59 0.4 0.58 0.41 0.5 0.3 0.56 0.465 0.68 0.5 0.4 0.59 0.43 1.345 0.19 0.2 0.27 0.7 0.33 0.1 0.39 0.65 0.54 0.41 0.4 0.52 0.52 0.37 0.5 0.38 0.59 0.41 0.5 0.33 0.48 0.33 0.54 0.4 0.4 0.5 0.637 1.46 0.56 0.25 0.17 0.38 0.56 0.31 0.34 1.46 0.6 0.4 0.42 0.65 0.4 0.58 0.41 0.46 1.248 0.59 0.4 1.345 0.43 0.47 1.483 0.31 0.485 0.55 0.53 0.31 0.53 0.59 0.37 0.55 0.58 1.67 1.345 0.3 0.65 0.5 0.481 0.45 0.3 0.46 0.22 0.46 1.483 0.55 0.3 0.4 0.54 0.3 0.4 0.4 0.4 0.5 0.54 0.45 0.686 0.09 0.4 0.301 0.56 0.58 0.42 0.45 0.42 0.4 0.4 0.45 0.47 0.53 0.54 0.45 0.43 0.41 0.46 0.45 0.4 1.35 0.58 1.483 0.45 0.56 0.39 0.52 0.59 0.65 0.23 1.345 0.58 0.37 0.25 0.54 0.37 0.51 0.45 0.4 0.42 1.43 0.47 0.53 0.4 0.47 0.37 0.22 0.485 0.901 1.67 0.53 0.5 0.1 0.4 1.66 0.45 0.45 0.39 0.47 0.53 0.4 0.48 0.41 0.46 0.1 0.635 0.5 0.54 0.52 0.37 0.5 0.4 1.483 0.37 0.901 0.55 0.4 0.377 0.52 0.47 0.648 0.4 0.58 1.345 0.4 0.46 0.54 0.5 0.36 0.46 0.46 0.58 0.09 0.42 0.46 0.55 0.46 0.724 0.476 0.55 0.4 1.38 0.23 1.248 0.47 0.52 0.46 0.4 0.54 0.53 0.25 0.43 0.33 0.14 0.47 0.58 0.36 0.36 0.54 0.901 0.32 0.43 0.724 0.22 0.901 0.6 0.4 0.48 0.45 0.48 0.54 0.5 0.42 0.54 0.4 0.5 0.55 0.4 0.23 0.5 0.5 0.901 0.54 0.22 0.4 0.4 0.465 0.5 0.48 0.1 0.54 0.5 0.58 0.481 0.48 0.36 0.53 0.49 0.5 0.47 0.52 0.54 0.54 1.05 0.59 0.52 0.42 0.59 0.43 0.09 0.36 0.4 0.47 0.636 0.45 0.42 0.47 0.56 0.23 1.05 0.4 0.39 0.3 0.49 0.5 0.2 0.42 0.36 0.3 0.46 0.635 1.248 0.32 0.48 0.1 0.48 0.617 0.4 0.26 0.46 0.56 0.3 0.53 0.5 0.59 0.5 0.45 0.58 0.762 0.4 0.11 0.3 0.4 0.4 0.2 0.4 0.55 0.59 0.65 0.41 0.54 0.37 0.51 0.54 1.345 0.17 1.483 0.7 0.901 0.56 0.34 0.54 0.43 0.1 0.58 0.23 1.345 0.762 0.53 0.5 0.54 1.4 0.648 1.66 0.53 0.54 0.1 0.55 0.5 0.71 0.724 0.59 0.46 0.65 0.4 1.43 0.68 0.53 0.4 0.58 0.4 0.45 0.68 1.248 0.4 0.686 0.58 0.37 1.345 0.38 0.54 0.23 0.5 1.345 0.48 0.33 0.47 0.56 1.05 0.47 0.56 0.3 0.4 0.58 0.46 0.45 1.248 0.26 0.42 0.635 0.4 0.33 0.43 0.4 0.47 0.45 0.19 0.25 0.4 0.37 1.483 0.25 0.56 0.65 0.5 0.1 0.59 0.47 0.762 0.36 0.45 0.33 0.3 0.59 0.45 0.52 0.42 1.345 0.56 0.4 1.05 0.51 0.485 1.483 0.476 0.4 0.636 0.27 0.59 0.56 0.37 0.36 0.637 0.3 0.6 0.4 1.483 0.42 0.38 0.481 0.45 0.3 0.43 0.42 0.4 0.38 0.55 0.5 1.42 0.71 0.58 0.53 0.23 0.5 0.637 0.27 0.648 0.4 0.54 0.6 1.46 0.7 0.54 0.65 1.483 0.54 0.4 0.42 0.58 0.23 0.55 0.47 0.27 0.25 0.43 0.52 0.56 0.23 0.68 0.17 0.39 0.52 0.686 0.46 0.46 0.11 0.56 0.56 0.49 1.345 0.4 0.22 0.4 0.47 0.43 0.68 0.54 0.4 1.483 0.42 1.44 0.47 0.301 1.49 0.46 0.377 0.42 0.39 0.47 0.59 0.46 1.345 0.22 0.5 0.476 0.42 0.56 0.485 0.71 0.58
Dot Production Prediction of Lab Growth Rates:
1.0542 0.317997 0.43182 0.402768 0.335209 0.264357 0.55378 0.356458 0.375713 0.52837 0.538455 0.303236 1.24358 0.510951 0.866535 0.813465 0.803159 0.351323 0.522168 0.40543 0.622586 0.464823 0.402475 0.527897 0.468754 1.34356 0.467052 0.529506 0.395392 0.528223 0.386238 0.332291 0.463011 0.406215 0.348578 0.464102 0.395684 0.205523 0.548779 0.744855 0.315477 0.40244 0.361101 0.394006 0.459904 0.569005 0.695467 0.42302 0.460651 0.297841 1.0725 0.378856 1.09339 0.322322 0.486069 0.840118 0.290509 1.32326 0.389367 0.410287 0.402839 0.305679 0.399562 0.455235 0.540871 0.442133 0.402283 0.539651 0.402011 0.460431 0.31801 0.326418 0.308631 0.4655 0.530832 0.346615 0.46772 0.380504 0.361224 0.374634 1.37453 0.304938 0.354338 0.357164 0.8102 0.309606 0.429652 0.338353 0.640118 0.538717 0.405594 0.400899 0.368107 0.383089 0.443698 0.545193 0.295539 0.319897 0.365875 0.358155 0.359226 0.295555 0.52303 0.535996 0.399154 0.400796 0.866517 0.680309 1.076 0.551437 0.3447 0.416738 0.282468 0.548106 0.584325 0.300056 1.06338 0.653383 0.399366 0.330136 0.659475 0.403229 0.393004 0.532645 0.319157 0.901731 0.335869 0.384262 1.36554 0.383153 0.469967 1.34589 0.588677 0.530524 0.544429 0.384938 0.614021 0.382435 0.381229 0.377346 0.551771 0.465942 1.38063 1.34757 0.684198 0.652843 0.46953 0.527204 1.3827 0.659354 0.422562 0.479389 0.406217 1.31912 0.469802 0.6525 0.396484 0.458546 0.388676 0.402713 0.315243 0.403054 0.53699 0.407973 1.45532 0.688129 0.467432 0.40499 0.534632 0.460474 0.292176 0.32136 0.37439 0.57997 0.403145 0.400743 1.40322 0.316256 0.451203 0.459277 0.31094 0.367408 0.534176 0.419692 1.41481 0.402155 1.15031 0.363545 1.34969 0.392907 0.463632 0.337256 0.404408 0.302855 0.660966 0.422509 1.35668 0.445295 0.408517 0.332369 0.311102 0.410774 0.437607 0.41539 0.401603 0.282587 1.20496 0.370527 0.534556 0.403933 0.35084 0.529658 0.468521 0.530284 0.86922 1.45209 0.427011 0.891498 1.55945 0.379344 1.46058 0.400752 0.354734 0.325708 0.352847 0.296005 0.398173 0.259976 0.371782 0.458224 1.53372 0.685388 0.882467 0.385041 0.359606 0.412406 0.378873 0.405354 1.33972 0.410792 0.902062 0.466345 0.402223 0.526075 0.363616 0.354441 0.680677 0.402157 0.461719 1.34523 0.387107 0.443027 0.471485 0.344997 0.436704 0.457671 0.355193 0.395241 0.346906 0.341512 0.463584 0.452418 0.545946 0.683913 0.533125 0.561892 0.402437 1.25002 0.422857 0.897331 0.349957 0.334626 0.300931 0.392035 0.545051 0.536711 1.44412 0.41042 0.312709 0.20521 0.356134 0.464887 0.313105 0.365394 0.3791 0.905729 0.325936 0.361029 0.690777 0.481452 0.907539 0.686426 0.394955 0.295044 1.41299 0.345676 0.533735 0.884515 0.326495 0.371346 0.388615 0.447047 0.547012 0.390455 0.555061 0.556898 0.534433 0.905658 0.461513 0.34412 0.398668 0.396981 0.5311 0.339108 0.357766 0.422117 0.372491 0.345992 0.461937 0.530036 0.297418 0.37058 0.540503 0.394868 0.937937 0.386569 0.40148 0.473962 0.349647 1.05485 0.536932 0.342283 0.592991 0.540655 0.39238 0.378675 0.364795 0.404579 0.361829 0.694917 0.373377 0.312868 0.479545 0.533437 0.546894 1.37022 0.401212 0.322202 0.301438 0.404611 0.323048 0.349729 0.304562 0.345157 0.615923 0.543995 0.687394 0.895716 0.349414 0.357007 0.329782 0.34206 0.612109 0.403407 0.448298 0.355126 0.552029 0.298082 0.4234 0.321779 0.541825 0.470844 0.339535 0.366561 0.850521 0.395129 0.401227 0.679616 0.398101 0.402067 0.364226 0.402167 0.558434 0.312704 0.652511 0.398129 0.554957 0.408335 0.421602 0.347295 1.31694 0.291019 1.3427 0.818429 0.904007 0.461875 0.333442 0.454773 0.362507 1.34593 0.303068 0.543224 1.38284 0.858035 0.537137 0.831028 0.556196 1.40518 0.673396 1.45497 0.526563 0.282937 1.36827 0.4641 0.571472 0.683105 0.689208 0.339061 0.346598 0.671908 0.29363 1.20694 0.341607 0.312653 0.393633 0.46376 0.403275 0.337523 0.34238 0.898515 0.402501 0.690403 0.459408 0.410282 1.36161 0.367133 0.386122 0.551209 0.784991 1.38201 0.326867 0.494862 0.351163 0.463148 1.05307 0.289628 0.542294 0.595019 0.393178 0.338651 0.460269 1.45221 0.891357 0.360418 0.263732 0.685918 0.399264 0.324504 0.336043 0.400399 0.356704 0.296824 0.290789 0.493421 0.401434 0.41019 1.32251 0.338077 0.559144 0.684943 0.459971 1.34076 0.546006 0.360755 0.852541 0.323413 0.3708 0.312257 0.630322 0.318657 1.43583 0.35014 0.363863 1.3474 0.553905 0.402716 1.0557 0.399989 0.531754 1.37645 0.534521 0.40131 0.688134 0.563381 0.550576 0.531285 0.411025 0.344865 0.683333 0.359331 0.675926 0.40503 1.29786 0.343332 0.381547 0.53007 0.370823 0.302839 0.422 0.410223 0.390819 0.270352 0.468088 0.329522 1.48793 0.691839 0.457765 0.534531 0.549255 0.360973 0.68246 0.277407 0.679065 0.392376 0.358708 0.696953 1.40987 0.809966 0.373124 0.652157 1.38341 0.545252 0.381769 0.325908 0.387612 0.424619 0.549235 0.346163 0.371275 1.07601 0.380756 0.314764 0.463884 0.549566 0.342902 0.276246 0.348679 0.378465 0.685163 0.461714 0.3412 0.370563 0.553878 0.555529 0.38546 1.34985 0.400568 0.405956 0.402376 0.380791 0.429178 0.348088 0.387268 0.394906 1.36253 0.336679 1.44664 0.404239 0.537711 1.45221 0.418817 0.529806 0.604995 0.305581 0.35095 0.341999 0.454404 1.34338 0.443285 0.919891 0.529886 0.32162 0.548421 0.533794 0.687042 0.462441
Testing:
Lab Growth Rates:
0.47 0.47 0.47
Dot Production Prediction of Lab Growth Rates:
0.394981 0.367669 0.385548
Best performance so far: 
Obj: 4.671e-310Rho: 6.5069e-314Diff: 4.671e-310
Test:
 Lab Growth Rates:
0.47 0.47 0.47Dot Product Prediction of Growth Rate:
0.3949807 0.3676693 0.385548