seed =  5 traits =  1 
Training: part  111 
Training: part  111 
Round  1 
 Goal of obj  0.99 
Temperature range:  0.00390625 6.25e-15 
Cycle 1Round 1
Iter 500000 pBad 0.823627 T 0.00100454 Obj 1.05919 Rho 0 GRdif 33.8154 success 146441 failure 11339 obj_new 1.05919 SA_pAcc 1 Delta 0.043681 SA_r 0.735357 freedomratio 0.358974
Iter 1000000 pBad 0.764873 T 0.000258329 Obj 1.03294 Rho 0 GRdif 19.0589 success 288218 failure 32538 obj_new 1.03294 SA_pAcc 1.06318 Delta -0.011217 SA_r 0.776547 freedomratio 0.359194
Iter 1500000 pBad 0.694641 T 6.64323e-05 Obj 1.02134 Rho 0 GRdif 12.4183 success 427141 failure 61060 obj_new 1.02134 SA_pAcc 1 Delta 0.0679808 SA_r 0.385457 freedomratio 0.371447
Iter 2000000 pBad 0.594255 T 1.70838e-05 Obj 1.01536 Rho 0 GRdif 8.96493 success 562630 failure 96410 obj_new 1.01536 SA_pAcc 0.888343 Delta 0.0515694 SA_r 0.933155 freedomratio 0.362963
Iter 2500000 pBad 0.474846 T 4.3933e-06 Obj 1.01256 Rho 0 GRdif 7.34016 success 692666 failure 141049 obj_new 1.01256 SA_pAcc 1.06927 Delta -0.0287471 SA_r 0.0369796 freedomratio 0.351675
Iter 3000000 pBad 0.237821 T 1.12979e-06 Obj 1.01097 Rho 0 GRdif 6.41634 success 802631 failure 224408 obj_new 1.01097 SA_pAcc 1 Delta 0.00547319 SA_r 0.0444661 freedomratio 0.338515
Iter 3500000 pBad 0.136287 T 2.90538e-07 Obj 1.00995 Rho 0 GRdif 5.8246 success 880252 failure 376222 obj_new 1.00996 SA_pAcc 0.000105983 Delta -0.00787395 SA_r 0.750936 freedomratio 0.308176
Iter 4000000 pBad 0.0477649 T 7.47152e-08 Obj 1.00966 Rho 0 GRdif 5.65383 success 928044 failure 597945 obj_new 1.00966 SA_pAcc 1 Delta -0.00401262 SA_r 0.581636 freedomratio 0.256321
Iter 4500000 pBad 0.0274842 T 1.92139e-08 Obj 1.00956 Rho 0 GRdif 5.59562 success 954668 failure 881957 obj_new 1.00956 SA_pAcc 2.3632e-128 Delta -0.000480442 SA_r 0.499675 freedomratio 0.23177
Iter 5000000 pBad 0.00744099 T 4.94107e-09 Obj 1.00948 Rho 0 GRdif 5.54884 success 969123 failure 1209382 obj_new 1.00948 SA_pAcc 1.02355e-66 Delta -0.000703501 SA_r 0.0388236 freedomratio 0.212889
Iter 5500000 pBad 0.00671447 T 1.27065e-09 Obj 1.00946 Rho 0 GRdif 5.53551 success 976865 failure 1562619 obj_new 1.00946 SA_pAcc 1 Delta 0.000576614 SA_r 0.929222 freedomratio 0.203672
Iter 6000000 pBad 0.00195715 T 3.26763e-10 Obj 1.00945 Rho 0 GRdif 5.53245 success 981326 failure 1929799 obj_new 1.00945 SA_pAcc 6.2278e-209 Delta -0.000180731 SA_r 0.547846 freedomratio 0.198582
Iter 6500000 pBad 0.00159346 T 8.40309e-11 Obj 1.00945 Rho 0 GRdif 5.53119 success 983900 failure 2303858 obj_new 1.00945 SA_pAcc 0 Delta -0.000130456 SA_r 0.900943 freedomratio 0.196196
Iter 7000000 pBad 0.00109074 T 2.16095e-11 Obj 1.00945 Rho 0 GRdif 5.53001 success 985645 failure 2682070 obj_new 1.00945 SA_pAcc 0 Delta -7.43587e-05 SA_r 0.250319 freedomratio 0.195219
Iter 7500000 pBad 0.000533954 T 5.55714e-12 Obj 1.00945 Rho 0 GRdif 5.53015 success 986800 failure 3062994 obj_new 1.00945 SA_pAcc 0 Delta -3.694e-05 SA_r 0.222921 freedomratio 0.19374
Iter 8000000 pBad 0.000258283 T 1.42908e-12 Obj 1.00945 Rho 0 GRdif 5.52848 success 988664 failure 3444078 obj_new 1.00945 SA_pAcc 0 Delta 1.21623e-06 SA_r 0.755586 freedomratio 0.193103
Iter 8500000 pBad 1.76199e-24 T 3.67505e-13 Obj 1.00945 Rho 0 GRdif 5.7239 success 991612 failure 3806117 obj_new 1.00978 SA_pAcc 0 Delta -1.02649e-25 SA_r 0.555034 freedomratio 0.180867
Iter 9000000 pBad 9.01833e-44 T 9.45081e-14 Obj 1.00945 Rho 0 GRdif 5.5283 success 991612 failure 4099700 obj_new 1.00945 SA_pAcc 1 Delta -5.35944e-45 SA_r 0.475841 freedomratio 0.179927
Iter 9500000 pBad 3.5969e-161 T 2.43039e-14 Obj 1.00945 Rho 0 GRdif 5.5283 success 991612 failure 4396981 obj_new 1.00945 SA_pAcc 1 Delta 2.13791e-162 SA_r 0.375605 freedomratio 0.14785
Iter 10000000 pBad 0 T 6.25002e-15 Obj 1.00945 Rho 0 GRdif 5.52835 success 991612 failure 4723036 obj_new 1.00945 SA_pAcc 0 Delta -0 SA_r 0.190069 freedomratio 0.052561
Cannot move further
iter 8.49159e+06 obj1.00945 rho 0 GRdif 5.5283
Training:
Lab Growth Rates:
0.65 1.05 1.345 0.53 0.47 0.11 0.46 0.56 0.1 0.41 1.483 0.55 0.17 0.58 1.483 0.5 0.46 0.19 0.37 1.248 0.23 0.46 0.22 0.5 0.42 1.46 0.377 0.26 0.47 0.52 0.47 0.55 0.47 0.4 0.23 1.483 1.345 1.345 0.45 0.36 0.26 0.54 0.37 1.483 0.55 0.46 0.25 1.43 0.23 0.55 0.59 0.2 0.71 0.59 1.66 0.476 0.636 0.23 0.56 0.33 0.56 0.5 0.42 0.3 0.5 0.6 0.32 0.59 0.54 0.47 0.52 0.54 0.481 0.46 0.4 0.34 0.43 0.47 0.5 0.636 0.33 0.47 0.58 0.54 0.54 0.47 0.4 0.5 0.4 0.762 0.5 0.53 0.53 0.5 0.5 0.55 0.901 0.54 0.43 0.54 1.483 0.762 0.4 0.59 0.42 1.248 0.1 0.45 0.53 0.54 0.38 0.686 0.5 0.45 0.485 0.4 0.4 0.46 0.4 1.05 0.31 0.4 0.45 0.45 0.5 0.901 0.55 0.47 0.1 0.648 0.465 0.48 0.37 0.617 0.22 0.724 0.762 0.36 0.53 0.45 0.46 0.25 0.37 0.42 0.4 0.4 0.4 1.483 0.54 0.648 0.4 0.2 0.43 0.4 0.54 0.6 1.05 1.345 0.65 0.636 0.39 0.53 0.51 0.52 0.54 0.46 0.42 0.54 1.248 0.32 0.55 0.48 0.49 0.32 0.31 0.48 0.5 0.11 0.25 0.4 0.637 0.55 0.71 0.31 0.46 0.52 0.4 0.4 0.59 0.33 0.55 0.51 0.4 0.54 0.4 0.46 0.635 0.46 0.58 0.52 0.52 0.58 0.5 0.3 0.55 0.45 1.248 0.47 1.248 0.58 0.59 0.3 1.345 0.45 0.54 0.3 0.58 0.54 0.47 0.5 0.901 0.3 0.39 0.71 0.27 0.47 0.37 0.48 0.4 0.686 1.05 0.53 1.67 0.4 0.3 0.34 0.56 1.03 0.42 0.4 1.483 0.33 0.476 0.37 0.4 0.377 0.47 0.5 0.48 0.19 0.4 0.38 0.56 0.901 0.1 0.37 0.4 0.33 0.54 0.42 0.58 1.49 0.4 1.345 0.46 0.37 0.54 0.56 0.4 0.43 0.42 0.45 1.345 0.42 0.25 0.52 0.46 0.4 0.39 0.27 0.58 0.5 0.23 0.37 0.5 0.45 0.23 0.09 1.66 0.4 0.7 0.1 0.58 0.637 0.42 0.56 0.48 1.345 0.22 0.58 0.52 0.37 0.65 0.48 0.5 0.4 1.483 0.58 0.48 0.47 0.3 0.6 0.41 0.485 0.7 0.39 0.55 0.56 0.3 0.3 0.485 0.58 0.5 0.5 0.481 0.25 0.56 0.56 0.43 0.33 1.483 0.54 0.5 0.4 0.42 0.41 0.42 0.41 0.37 0.53 0.43 0.47 0.54 1.05 0.22 0.14 0.53 0.51 0.53 0.59 0.42 0.4 0.27 0.36 0.54 0.5 0.42 0.38 0.58 0.11 0.19 0.47 0.1 0.42 0.42 0.52 1.345 0.54 0.22 0.43 0.48 0.25 0.55 0.301 0.3 0.56 0.36 0.54 0.4 0.49 0.4 0.45 0.4 1.46 0.14 0.56 0.33 0.17 0.27 0.56 0.4 0.46 1.345 0.46 0.59 0.38 0.36 0.38 0.42 0.56 0.4 0.3 0.5 0.68 0.59 0.635 1.345 1.483 0.4 0.476 0.648 0.58 0.47 0.5 0.54 0.68 0.41 0.5 0.56 0.47 0.5 0.68 0.635 0.36 1.38 1.43 0.4 0.58 0.53 0.56 0.56 0.49 0.46 0.41 0.54 0.4 0.43 0.3 0.68 0.58 0.65 0.4 0.54 0.52 0.5 0.1 0.22 0.45 0.45 1.42 0.22 0.45 0.4 1.44 0.27 0.2 0.1 0.45 0.47 0.3 0.4 1.46 0.54 0.09 0.485 0.4 0.45 0.4 0.53 0.42 0.17 0.41 0.37 0.5 0.46 0.58 0.54 1.4 0.4 0.56 1.67 0.09 0.46 1.35 0.481 0.39 0.23 0.5 0.45 0.33 0.3 0.4 0.47 0.4 0.53 0.46 0.68 0.7 0.47 0.4 0.22 0.59 0.36 0.4 0.901 0.5 0.43 0.34 0.27 0.65 0.4 0.58 0.43 0.465 0.43 0.59 0.65 0.4 0.37 0.25 0.4 0.4 1.345 0.5 0.53 0.45 0.377 0.37 0.4 0.65 0.53 0.4 0.5 0.41 0.65 0.52 0.4 0.59 0.58 0.39 0.901 1.483 0.47 0.4 0.26 0.4 0.1 0.25 0.43 0.36 0.59 0.47 0.46 0.301 0.46 0.59 0.23 0.4 0.47 0.52 0.686 0.23 0.36 0.33 1.483 0.59 0.59 0.5 0.58 1.46 0.724 0.762 0.7 0.301 0.4 0.65 0.5 0.37 0.4 0.637 0.724 0.45 0.4 0.465 0.41 0.54 0.58 0.37
Dot Production Prediction of Lab Growth Rates:
0.631685 1.62767 0.715256 0.325742 0.38417 0.385134 0.489783 0.525696 0.437963 0.390982 0.715098 0.54997 0.420463 0.474603 0.690366 0.528015 0.380845 0.358909 0.431267 0.833962 0.52726 0.38894 0.455966 0.336294 0.5125 1.02222 0.468032 0.442551 0.398486 0.36511 0.377034 0.549596 0.390475 0.398054 0.523782 0.672462 0.723077 0.660172 0.410891 0.368213 0.500063 0.362144 0.410472 0.691631 0.544032 0.482759 1.48499 1.12908 0.541516 0.545881 0.544767 0.383847 0.721386 0.329709 1.66 0.472419 0.720009 0.434906 0.464762 0.346452 0.531284 0.468294 0.362663 0.290397 0.5312 0.320619 0.34993 0.549729 0.420588 0.450094 0.378766 0.351866 0.464815 0.463057 0.399798 0.322433 0.37341 0.3813 0.529139 0.700545 0.37518 0.368474 0.375492 0.399873 0.407907 0.411416 0.397494 0.378934 0.400139 0.770371 0.468994 0.37147 0.391121 0.454334 0.47892 0.420846 0.908269 0.430405 0.405233 0.419029 0.711679 0.761991 0.39886 0.339522 0.50897 0.835369 0.901176 1.46626 0.543232 0.442653 0.379589 0.722841 0.338986 1.46848 0.466587 0.40028 0.402248 0.345527 0.40283 1.05001 0.494221 0.401926 1.46899 0.367905 0.507476 0.900631 0.424946 0.412793 1.02937 0.715178 0.470299 0.328969 0.427978 0.617002 0.455184 0.723595 0.767037 0.396151 0.46487 0.357295 0.325286 0.378675 0.341716 0.369155 0.400858 0.400644 0.394166 0.712478 0.391162 0.715429 0.399979 0.416102 0.417331 0.391827 0.536539 0.315927 1.03721 0.688361 0.682343 0.72242 0.339203 0.539405 0.398173 0.379373 0.411599 0.45905 0.360476 0.419952 0.837722 0.328275 0.410398 0.332191 0.376645 0.35694 0.488991 0.34569 0.359785 0.362082 0.333521 0.395628 0.705478 0.54638 0.721371 0.488009 0.370956 0.367874 0.399267 0.39995 0.375031 0.375356 0.424634 0.408827 0.400643 0.551013 0.393651 0.457183 0.712324 0.433327 0.473091 0.389576 0.387357 0.461064 0.471493 0.292467 0.549792 0.393532 0.835294 0.36283 0.83068 0.372046 0.545504 0.314156 0.683084 1.45134 0.394007 0.309161 0.363093 0.551054 0.38468 0.533437 0.901 0.328173 0.371897 0.721871 0.371647 0.438608 0.435235 0.351241 0.398783 0.725354 1.05 0.543927 1.48334 0.397328 0.301689 0.331899 0.55084 1.35911 0.365911 0.399995 0.685945 0.471291 0.471298 0.435649 0.401574 0.468405 0.37186 0.469709 0.360906 0.359628 0.40078 0.342911 0.465494 0.903675 0.545626 0.485312 0.400513 0.389152 0.34524 0.353897 0.475893 1.5416 0.393436 0.72503 0.327197 0.431708 0.376823 0.535939 0.398474 0.376769 0.382545 1.455 0.720303 0.369148 0.374537 0.357116 0.469599 0.400327 0.345365 0.391563 0.381545 0.525405 0.53597 0.436913 0.391816 0.375483 0.435566 0.374593 1.66 0.400597 0.570436 1.39798 0.464406 0.705039 0.324723 0.546475 0.367421 0.726973 0.421885 0.465195 0.38199 0.429309 0.649979 0.35065 0.466365 0.401691 0.673396 0.359101 0.348421 0.378412 0.268935 0.325944 0.456003 0.461461 0.57347 0.323392 0.421857 0.542102 0.330348 0.431095 0.46102 0.351312 0.353349 0.473325 0.466273 0.471454 0.466596 0.547961 0.432464 0.343342 0.707003 0.5508 0.512822 0.399588 0.502023 0.381476 0.351135 0.37342 0.37752 0.416181 0.363233 0.367286 0.408554 1.05054 0.37473 0.140851 0.535127 0.393937 0.370667 0.550875 0.382453 0.397544 0.516162 0.407574 0.403952 0.49763 0.361493 0.361939 0.349164 0.384937 0.360172 0.376293 0.404561 0.337174 0.362354 0.392661 0.717991 0.53628 0.455918 0.378594 0.352097 0.485419 0.421013 0.460105 0.399676 0.464808 0.35745 0.3643 0.401723 0.390962 0.398174 1.5416 0.397564 1.60648 0.139995 0.54195 0.420894 0.37078 0.397773 0.545182 0.399949 0.461194 0.674459 0.428273 0.33461 0.35326 0.363511 0.378045 0.359088 0.54957 0.366203 0.306672 0.529804 0.451596 0.550034 0.710566 0.701179 0.699655 0.401787 0.471867 0.711967 0.394285 0.377859 0.494196 0.532272 0.449912 0.464338 0.453662 0.46207 0.402315 0.46397 0.453229 0.713952 0.379373 1.34344 1.12384 0.370482 0.465057 0.398663 0.554602 0.464942 0.368386 0.415303 0.464288 0.438247 0.402417 0.434397 0.294616 0.452053 0.464172 0.630832 0.399064 0.544366 0.381654 0.352174 0.859259 0.462145 0.381879 0.400205 1.49982 0.389479 0.353796 0.398332 1.53464 0.33616 0.427559 0.869077 0.381836 0.365596 0.306433 0.400173 1.02762 0.36605 0.356008 0.467704 0.400332 0.356221 0.400363 0.488574 0.398232 0.353166 0.344513 0.425988 0.377366 0.460005 0.465385 0.385424 1.54875 0.400157 0.543243 1.52764 0.426138 0.419653 1.01869 0.465642 0.345679 0.435196 0.347308 1.51872 0.354284 0.374883 0.400584 0.405991 0.402149 0.54152 0.471354 0.453204 0.582346 0.415605 0.400667 0.455645 0.402008 0.354243 0.400672 0.939139 0.547574 0.380897 0.34647 0.367191 0.647954 0.399975 0.467755 0.399311 0.469845 0.408429 0.391915 0.641139 0.403385 0.378796 0.540251 0.399358 0.396278 0.724842 0.367637 0.54892 0.362258 0.466712 0.397453 0.401854 0.651111 0.361792 0.400656 0.531325 0.364474 0.655804 0.390543 0.393848 0.546704 0.466572 0.358967 0.784796 0.715999 0.45061 0.397686 0.356238 0.398433 0.432886 0.365733 0.414159 0.346608 0.552541 0.423031 0.396276 0.458382 0.426576 0.349385 0.545697 0.401315 0.413492 0.397412 0.726662 0.540379 0.35096 0.44087 0.658085 0.363457 0.352724 0.372129 0.459152 1.03527 0.723188 0.772403 0.580172 0.46257 0.400035 0.674973 0.345138 0.437396 0.402302 0.708603 0.723869 0.410884 0.400389 0.467516 0.388081 0.361447 0.354462 0.439519
Testing:
Lab Growth Rates:
0.6
Dot Production Prediction of Lab Growth Rates:
0.319128
Best performance so far: 
Obj: 4.67573e-310Rho: 2.26291e-314Diff: 4.67573e-310
Anneal again with the best G and E so far as input
Cycle 2Round 1
Iter 500000 pBad 0.800317 T 0.00100454 Obj 1.05978 Rho 0 GRdif 34.138 success 106150 failure 12196 obj_new 1.05978 SA_pAcc 1.44723 Delta -0.0107051 SA_r 0.633685 freedomratio 0.252252
Iter 1000000 pBad 0.695792 T 0.000258329 Obj 1.03433 Rho 0 GRdif 19.8491 success 208599 failure 33372 obj_new 1.03433 SA_pAcc 1.18312 Delta -0.0221356 SA_r 0.364477 freedomratio 0.249894
Iter 1500000 pBad 0.589978 T 6.64323e-05 Obj 1.02834 Rho 0 GRdif 16.4305 success 307736 failure 62394 obj_new 1.02834 SA_pAcc 1 Delta 0.0197085 SA_r 0.784587 freedomratio 0.251175
Iter 2000000 pBad 0.562446 T 1.70838e-05 Obj 1.02154 Rho 0 GRdif 12.533 success 405119 failure 96809 obj_new 1.02154 SA_pAcc 1.3614 Delta 0.0498666 SA_r 0.640582 freedomratio 0.253012
Iter 2500000 pBad 0.414092 T 4.3933e-06 Obj 1.01722 Rho 0 GRdif 10.0392 success 500272 failure 137242 obj_new 1.01722 SA_pAcc 1 Delta -0.0355019 SA_r 0.164053 freedomratio 0.246644
Iter 3000000 pBad 0.249224 T 1.12979e-06 Obj 1.01232 Rho 0 GRdif 7.20021 success 587032 failure 197509 obj_new 1.01232 SA_pAcc 1 Delta 0.00724416 SA_r 0.946659 freedomratio 0.228705
Iter 3500000 pBad 0.195967 T 2.90538e-07 Obj 1.01002 Rho 0 GRdif 5.86022 success 660970 failure 289935 obj_new 1.01002 SA_pAcc 1 Delta 0.00607973 SA_r 0.920193 freedomratio 0.22835
Iter 4000000 pBad 0.0909494 T 7.47152e-08 Obj 1.00904 Rho 0 GRdif 5.28877 success 719114 failure 426619 obj_new 1.00904 SA_pAcc 1 Delta 0.00303795 SA_r 0.581442 freedomratio 0.19818
Iter 4500000 pBad 0.0405346 T 1.92139e-08 Obj 1.00868 Rho 0 GRdif 5.08456 success 752191 failure 640317 obj_new 1.00868 SA_pAcc 1 Delta 0.00230992 SA_r 0.849112 freedomratio 0.178669
Iter 5000000 pBad 0.0160895 T 4.94107e-09 Obj 1.00849 Rho 0 GRdif 4.97372 success 774534 failure 907439 obj_new 1.00849 SA_pAcc 0.560343 Delta -0.000109808 SA_r 0.944292 freedomratio 0.160131
Iter 5500000 pBad 0.00669271 T 1.27065e-09 Obj 1.00844 Rho 0 GRdif 4.94986 success 787138 failure 1219090 obj_new 1.00845 SA_pAcc 0 Delta -0.000216951 SA_r 0.628179 freedomratio 0.151468
Iter 6000000 pBad 0.00854629 T 3.26763e-10 Obj 1.00842 Rho 0 GRdif 4.93309 success 795837 failure 1554242 obj_new 1.00842 SA_pAcc 1 Delta 0.000115943 SA_r 0.105098 freedomratio 0.145653
Iter 6500000 pBad 0.00181079 T 8.40309e-11 Obj 1.00842 Rho 0 GRdif 4.92814 success 802141 failure 1910003 obj_new 1.00842 SA_pAcc 1 Delta 0.000122545 SA_r 0.569971 freedomratio 0.139701
Iter 7000000 pBad 0.00166552 T 2.16095e-11 Obj 1.00841 Rho 0 GRdif 4.92516 success 808606 failure 2280487 obj_new 1.00841 SA_pAcc 7.53804e+45 Delta -7.25284e-05 SA_r 0.42504 freedomratio 0.135048
Iter 7500000 pBad 0.00183744 T 5.55714e-12 Obj 1.00841 Rho 0 GRdif 4.92325 success 815909 failure 2663792 obj_new 1.00841 SA_pAcc 3.55989e-181 Delta 0.000147859 SA_r 0.317294 freedomratio 0.132373
Iter 8000000 pBad 0.00057418 T 1.42908e-12 Obj 1.00841 Rho 0 GRdif 4.92193 success 824236 failure 3058651 obj_new 1.00841 SA_pAcc 1 Delta -1.56147e-05 SA_r 0.0275852 freedomratio 0.129344
Iter 8500000 pBad 1.10084e-25 T 3.67505e-13 Obj 1.0084 Rho 0 GRdif 4.92145 success 828251 failure 3435614 obj_new 1.0084 SA_pAcc 1 Delta 4.43987e-27 SA_r 0.512558 freedomratio 0.12548
Iter 9000000 pBad 2.79068e-176 T 9.45081e-14 Obj 1.0084 Rho 0 GRdif 4.92145 success 828251 failure 3782767 obj_new 1.0084 SA_pAcc 1 Delta 1.54641e-177 SA_r 0.538984 freedomratio 0.124418
Iter 9500000 pBad 1.0734e-262 T 2.43039e-14 Obj 1.0084 Rho 0 GRdif 4.92145 success 828251 failure 4135282 obj_new 1.0084 SA_pAcc 1 Delta 8.61763e-264 SA_r 0.445077 freedomratio 0.0845192
Good enough
iter 8.31163e+06 obj1.0084 rho 0 GRdif 4.92145
Training:
Lab Growth Rates:
0.65 1.05 1.345 0.53 0.47 0.11 0.46 0.56 0.1 0.41 1.483 0.55 0.17 0.58 1.483 0.5 0.46 0.19 0.37 1.248 0.23 0.46 0.22 0.5 0.42 1.46 0.377 0.26 0.47 0.52 0.47 0.55 0.47 0.4 0.23 1.483 1.345 1.345 0.45 0.36 0.26 0.54 0.37 1.483 0.55 0.46 0.25 1.43 0.23 0.55 0.59 0.2 0.71 0.59 1.66 0.476 0.636 0.23 0.56 0.33 0.56 0.5 0.42 0.3 0.5 0.6 0.32 0.59 0.54 0.47 0.52 0.54 0.481 0.46 0.4 0.34 0.43 0.47 0.5 0.636 0.33 0.47 0.58 0.54 0.54 0.47 0.4 0.5 0.4 0.762 0.5 0.53 0.53 0.5 0.5 0.55 0.901 0.54 0.43 0.54 1.483 0.762 0.4 0.59 0.42 1.248 0.1 0.45 0.53 0.54 0.38 0.686 0.5 0.45 0.485 0.4 0.4 0.46 0.4 1.05 0.31 0.4 0.45 0.45 0.5 0.901 0.55 0.47 0.1 0.648 0.465 0.48 0.37 0.617 0.22 0.724 0.762 0.36 0.53 0.45 0.46 0.25 0.37 0.42 0.4 0.4 0.4 1.483 0.54 0.648 0.4 0.2 0.43 0.4 0.54 0.6 1.05 1.345 0.65 0.636 0.39 0.53 0.51 0.52 0.54 0.46 0.42 0.54 1.248 0.32 0.55 0.48 0.49 0.32 0.31 0.48 0.5 0.11 0.25 0.4 0.637 0.55 0.71 0.31 0.46 0.52 0.4 0.4 0.59 0.33 0.55 0.51 0.4 0.54 0.4 0.46 0.635 0.46 0.58 0.52 0.52 0.58 0.5 0.3 0.55 0.45 1.248 0.47 1.248 0.58 0.59 0.3 1.345 0.45 0.54 0.3 0.58 0.54 0.47 0.5 0.901 0.3 0.39 0.71 0.27 0.47 0.37 0.48 0.4 0.686 1.05 0.53 1.67 0.4 0.3 0.34 0.56 1.03 0.42 0.4 1.483 0.33 0.476 0.37 0.4 0.377 0.47 0.5 0.48 0.19 0.4 0.38 0.56 0.901 0.1 0.37 0.4 0.33 0.54 0.42 0.58 1.49 0.4 1.345 0.46 0.37 0.54 0.56 0.4 0.43 0.42 0.45 1.345 0.42 0.25 0.52 0.46 0.4 0.39 0.27 0.58 0.5 0.23 0.37 0.5 0.45 0.23 0.09 1.66 0.4 0.7 0.1 0.58 0.637 0.42 0.56 0.48 1.345 0.22 0.58 0.52 0.37 0.65 0.48 0.5 0.4 1.483 0.58 0.48 0.47 0.3 0.6 0.41 0.485 0.7 0.39 0.55 0.56 0.3 0.3 0.485 0.58 0.5 0.5 0.481 0.25 0.56 0.56 0.43 0.33 1.483 0.54 0.5 0.4 0.42 0.41 0.42 0.41 0.37 0.53 0.43 0.47 0.54 1.05 0.22 0.14 0.53 0.51 0.53 0.59 0.42 0.4 0.27 0.36 0.54 0.5 0.42 0.38 0.58 0.11 0.19 0.47 0.1 0.42 0.42 0.52 1.345 0.54 0.22 0.43 0.48 0.25 0.55 0.301 0.3 0.56 0.36 0.54 0.4 0.49 0.4 0.45 0.4 1.46 0.14 0.56 0.33 0.17 0.27 0.56 0.4 0.46 1.345 0.46 0.59 0.38 0.36 0.38 0.42 0.56 0.4 0.3 0.5 0.68 0.59 0.635 1.345 1.483 0.4 0.476 0.648 0.58 0.47 0.5 0.54 0.68 0.41 0.5 0.56 0.47 0.5 0.68 0.635 0.36 1.38 1.43 0.4 0.58 0.53 0.56 0.56 0.49 0.46 0.41 0.54 0.4 0.43 0.3 0.68 0.58 0.65 0.4 0.54 0.52 0.5 0.1 0.22 0.45 0.45 1.42 0.22 0.45 0.4 1.44 0.27 0.2 0.1 0.45 0.47 0.3 0.4 1.46 0.54 0.09 0.485 0.4 0.45 0.4 0.53 0.42 0.17 0.41 0.37 0.5 0.46 0.58 0.54 1.4 0.4 0.56 1.67 0.09 0.46 1.35 0.481 0.39 0.23 0.5 0.45 0.33 0.3 0.4 0.47 0.4 0.53 0.46 0.68 0.7 0.47 0.4 0.22 0.59 0.36 0.4 0.901 0.5 0.43 0.34 0.27 0.65 0.4 0.58 0.43 0.465 0.43 0.59 0.65 0.4 0.37 0.25 0.4 0.4 1.345 0.5 0.53 0.45 0.377 0.37 0.4 0.65 0.53 0.4 0.5 0.41 0.65 0.52 0.4 0.59 0.58 0.39 0.901 1.483 0.47 0.4 0.26 0.4 0.1 0.25 0.43 0.36 0.59 0.47 0.46 0.301 0.46 0.59 0.23 0.4 0.47 0.52 0.686 0.23 0.36 0.33 1.483 0.59 0.59 0.5 0.58 1.46 0.724 0.762 0.7 0.301 0.4 0.65 0.5 0.37 0.4 0.637 0.724 0.45 0.4 0.465 0.41 0.54 0.58 0.37
Dot Production Prediction of Lab Growth Rates:
0.632116 1.40631 1.2977 0.260359 0.368152 0.383957 0.563919 0.53385 0.468496 0.364173 1.27788 0.548512 0.439987 0.484118 1.30965 0.793862 0.356237 0.314912 0.421162 0.830585 0.546015 0.367592 0.480214 0.3087 0.638885 1.03694 0.449838 0.482035 0.409911 0.361237 0.350599 0.549942 0.423213 0.398896 0.536259 1.24937 1.32911 1.26962 0.411725 0.377952 0.609069 0.334252 0.430399 1.31002 0.556928 0.546327 1.46912 1.18087 0.544842 0.558121 0.551592 0.352435 0.716068 0.304985 1.51208 0.449901 0.712648 0.433472 0.477923 0.314866 0.54656 0.483839 0.274458 0.499489 0.538352 0.564549 0.323895 0.561639 0.451209 0.481815 0.378853 0.280422 0.440227 0.463927 0.403768 0.31405 0.351974 0.384612 0.551457 0.706071 0.369927 0.358489 0.347753 0.367161 0.393564 0.405073 0.399952 0.404186 0.405833 0.76396 0.477119 0.319924 0.430569 0.670346 0.715503 0.46027 0.904086 0.45977 0.399949 0.448571 1.31416 0.758449 0.399303 0.327306 0.621944 0.837392 1.55021 1.43009 0.535763 0.463401 0.376008 0.715173 0.324936 1.47197 0.447049 0.402439 0.402738 0.328663 0.376064 1.0516 0.58309 0.406515 1.40039 0.385532 0.747706 0.906272 0.45549 0.438032 1.6857 0.701515 0.449891 0.291344 0.41596 0.713709 0.477193 0.714915 0.761999 0.433693 0.483797 0.290681 0.282745 0.362735 0.27256 0.36287 0.404905 0.409496 0.389688 1.29019 0.39515 0.704036 0.399759 0.400215 0.412824 0.388542 0.539555 0.557033 1.04278 1.32406 0.677584 0.714825 0.302613 0.530641 0.415851 0.392727 0.384335 0.460009 0.344333 0.448752 0.840216 0.297264 0.443549 0.273089 0.389527 0.346043 0.572392 0.324262 0.325319 0.323037 0.304489 0.393954 0.697972 0.552962 0.709843 0.581848 0.323477 0.344322 0.399491 0.399137 0.311199 0.356786 0.461507 0.435028 0.403172 0.55661 0.390782 0.458979 0.702503 0.439321 0.480734 0.366577 0.38239 0.485786 0.484476 0.296708 0.554397 0.410582 0.835104 0.376372 0.829503 0.3783 0.552387 0.558609 1.27793 1.42482 0.390247 0.533304 0.396274 0.544576 0.421832 0.537968 0.900999 0.580405 0.344612 0.705224 0.363745 0.485578 0.420915 0.300869 0.396043 0.715087 1.05 0.526029 1.47307 0.398301 0.303713 0.30283 0.543684 1.27963 0.334554 0.402009 1.28866 0.547954 0.447493 0.430533 0.405562 0.44674 0.343713 0.491268 0.280858 0.319124 0.403912 0.275361 0.479699 0.9015 0.923328 0.585194 0.405335 0.346616 0.28534 0.32038 0.48236 1.52008 0.389475 1.31696 0.271627 0.464029 0.400785 0.547626 0.399976 0.374809 0.411793 1.38801 1.31186 0.341576 0.367099 0.352088 0.470463 0.402888 0.305462 0.374372 0.369123 0.799213 0.545188 0.429443 0.437994 0.307726 0.432617 0.382769 1.52099 0.405491 0.752532 1.37208 0.480279 0.702854 0.283387 0.541308 0.364569 1.33046 0.459482 0.475993 0.395751 0.416472 0.652013 0.338207 0.475745 0.408111 1.25443 0.38474 0.342922 0.347707 0.434615 0.593077 0.444706 0.434854 0.750666 0.283472 0.46666 0.5483 0.583105 0.414071 0.435131 0.344179 0.327655 0.669797 0.438778 0.531983 0.483357 0.547132 0.451123 0.29623 1.2688 0.539885 0.773171 0.399887 0.615362 0.391747 0.303053 0.364819 0.415595 0.451764 0.343606 0.373568 0.380127 1.05767 0.349468 0.301605 0.539083 0.396039 0.333424 0.554542 0.302572 0.397234 0.633406 0.431579 0.377309 0.762326 0.328681 0.292865 0.281556 0.363911 0.306829 0.304089 0.328364 0.275412 0.339789 0.411694 1.32168 0.553891 0.474141 0.365157 0.271699 0.588952 0.458451 0.451757 0.368448 0.482154 0.320907 0.379195 0.407091 0.410905 0.399982 1.52008 0.396047 1.43097 0.298775 0.553197 0.465763 0.296413 0.383588 0.537858 0.404503 0.539733 1.27774 0.453804 0.288524 0.30071 0.359998 0.376357 0.335331 0.539191 0.287775 0.521361 0.77569 0.400383 0.556035 0.70802 1.35062 1.27022 0.406669 0.450705 0.696432 0.393528 0.361034 0.660004 0.537317 0.397195 0.450265 0.689116 0.474527 0.382895 0.485827 0.403862 0.707735 0.346257 1.26805 1.18693 0.302586 0.471023 0.409591 0.548851 0.476423 0.38808 0.411662 0.449526 0.46982 0.40745 0.437656 0.30041 0.404141 0.470009 0.617858 0.404507 0.538271 0.37056 0.315893 1.34714 0.478876 0.359149 0.374408 1.49378 0.394349 0.353135 0.398182 1.49213 0.27 0.399419 1.34502 0.387793 0.34068 0.517523 0.402202 1.03338 0.37359 0.335879 0.448865 0.401648 0.359101 0.405437 0.555662 0.354402 0.303008 0.303894 0.411943 0.375527 0.453275 0.472308 0.342689 1.39998 0.403749 0.556305 1.37126 0.466062 0.39966 1.09507 0.442686 0.314673 0.433693 0.322905 1.51594 0.310217 0.316417 0.404452 0.345862 0.402916 0.534828 0.468499 0.402247 0.748955 0.45093 0.404178 0.476314 0.379076 0.357093 0.403275 0.952714 0.551344 0.351632 0.340015 0.330717 0.646947 0.402258 0.479383 0.365421 0.447319 0.406396 0.36 0.644882 0.40459 0.400307 0.932947 0.401145 0.394418 1.35309 0.366514 0.554993 0.314919 0.448338 0.412292 0.404463 0.650257 0.370885 0.403399 0.544746 0.336809 0.649962 0.381844 0.39252 0.557842 0.486367 0.309339 0.779199 1.29901 0.477901 0.396831 0.390023 0.399808 0.455641 0.361405 0.416023 0.33466 0.551842 0.389892 0.386643 0.451018 0.432585 0.329208 0.548376 0.40219 0.381912 0.395944 0.711985 0.543729 0.326829 0.504135 1.26494 0.318311 0.287922 0.383293 0.458487 1.02971 0.715155 0.770228 0.745882 0.450311 0.400787 0.680013 0.334898 0.423504 0.406003 0.705485 0.716698 0.422129 0.406169 0.444939 0.403348 0.338277 0.312472 0.431759
Testing:
Lab Growth Rates:
0.6
Dot Production Prediction of Lab Growth Rates:
0.547483
Best performance so far: 
Obj: 4.67573e-310Rho: 6.5069e-314Diff: 4.67573e-310
Test:
 Lab Growth Rates:
0.6Dot Product Prediction of Growth Rate:
0.5474827