seed =  5 traits =  1 
Training: part  112 
Training: part  112 
Round  1 
 Goal of obj  0.99 
Temperature range:  0.00390625 7.8125e-10 
Cycle 1Round 1
Iter 500000 pBad 0.872294 T 0.00180639 Obj 1.0572 Rho 0 GRdif 32.7042 success 147573 failure 7735 obj_new 1.0572 SA_pAcc 1 Delta 0.0675841 SA_r 0.690016 freedomratio 0.377649
Iter 1000000 pBad 0.836327 T 0.000835341 Obj 1.05894 Rho 0 GRdif 33.6745 success 293525 failure 18562 obj_new 1.05894 SA_pAcc 1 Delta 0.0337148 SA_r 0.910893 freedomratio 0.370744
Iter 1500000 pBad 0.814411 T 0.000386292 Obj 1.03778 Rho 0 GRdif 21.8073 success 438897 failure 32512 obj_new 1.03778 SA_pAcc 1.0433 Delta 0.0760315 SA_r 0.669424 freedomratio 0.366355
Iter 2000000 pBad 0.800192 T 0.000178635 Obj 1.02741 Rho 0 GRdif 15.9009 success 582733 failure 49118 obj_new 1.02741 SA_pAcc 1 Delta 0.0277743 SA_r 0.117637 freedomratio 0.366584
Iter 2500000 pBad 0.747331 T 8.26073e-05 Obj 1.02456 Rho 0 GRdif 14.2683 success 724083 failure 70962 obj_new 1.02456 SA_pAcc 1 Delta -0.0618471 SA_r 0.0403573 freedomratio 0.368883
Iter 3000000 pBad 0.700749 T 3.82006e-05 Obj 1.01951 Rho 0 GRdif 11.3589 success 863601 failure 97557 obj_new 1.01951 SA_pAcc 1 Delta -0.0552551 SA_r 0.535391 freedomratio 0.35658
Iter 3500000 pBad 0.630055 T 1.76653e-05 Obj 1.01696 Rho 0 GRdif 9.89111 success 1001664 failure 126592 obj_new 1.01696 SA_pAcc 1 Delta 0.0134174 SA_r 0.416276 freedomratio 0.363861
Iter 4000000 pBad 0.495272 T 8.16907e-06 Obj 1.01402 Rho 0 GRdif 8.18878 success 1133441 failure 166260 obj_new 1.01402 SA_pAcc 1.00522 Delta -0.0272456 SA_r 0.100676 freedomratio 0.356148
Iter 4500000 pBad 0.34096 T 3.77767e-06 Obj 1.01086 Rho 0 GRdif 6.35056 success 1250854 failure 234607 obj_new 1.01086 SA_pAcc 1 Delta -0.0184656 SA_r 0.338205 freedomratio 0.351045
Iter 5000000 pBad 0.270812 T 1.74693e-06 Obj 1.00983 Rho 0 GRdif 5.75338 success 1354618 failure 329447 obj_new 1.00983 SA_pAcc 0.765052 Delta -0.0155974 SA_r 0.718059 freedomratio 0.34386
Iter 5500000 pBad 0.192822 T 8.07843e-07 Obj 1.00901 Rho 0 GRdif 5.27517 success 1441403 failure 459956 obj_new 1.00901 SA_pAcc 1 Delta -0.00443524 SA_r 0.796922 freedomratio 0.329043
Iter 6000000 pBad 0.117378 T 3.73576e-07 Obj 1.00874 Rho 0 GRdif 5.11733 success 1507016 failure 637271 obj_new 1.00874 SA_pAcc 0.425251 Delta 0.0105935 SA_r 0.916227 freedomratio 0.29742
Iter 6500000 pBad 0.075095 T 1.72755e-07 Obj 1.00855 Rho 0 GRdif 5.00478 success 1555432 failure 856582 obj_new 1.00855 SA_pAcc 1 Delta 0.0040072 SA_r 0.698479 freedomratio 0.272096
Iter 7000000 pBad 0.0396009 T 7.9888e-08 Obj 1.00847 Rho 0 GRdif 4.95682 success 1590130 failure 1116121 obj_new 1.00847 SA_pAcc 1 Delta -0.00263235 SA_r 0.850277 freedomratio 0.243478
Iter 7500000 pBad 0.0245584 T 3.69431e-08 Obj 1.00842 Rho 0 GRdif 4.93114 success 1613328 failure 1410775 obj_new 1.00842 SA_pAcc 1.21878e-40 Delta 0.00086472 SA_r 0.97469 freedomratio 0.228172
Iter 8000000 pBad 0.0176989 T 1.70838e-08 Obj 1.0084 Rho 0 GRdif 4.91632 success 1629326 failure 1728475 obj_new 1.0084 SA_pAcc 1 Delta 0.00140269 SA_r 0.782751 freedomratio 0.221469
Iter 8500000 pBad 0.0136387 T 7.90017e-09 Obj 1.00838 Rho 0 GRdif 4.90894 success 1641363 failure 2061462 obj_new 1.00838 SA_pAcc 1 Delta -0.00102333 SA_r 0.13149 freedomratio 0.213896
Iter 9000000 pBad 0.00789909 T 3.65332e-09 Obj 1.00838 Rho 0 GRdif 4.90869 success 1649476 failure 2407901 obj_new 1.00838 SA_pAcc 0 Delta 4.25802e-05 SA_r 0.378932 freedomratio 0.207994
Iter 9500000 pBad 0.0040712 T 1.68943e-09 Obj 1.00837 Rho 0 GRdif 4.90175 success 1655324 failure 2764334 obj_new 1.00837 SA_pAcc 0.219877 Delta -3.65324e-05 SA_r 0.299182 freedomratio 0.204593
Iter 10000000 pBad 0.00500997 T 7.81251e-10 Obj 1.00837 Rho 0 GRdif 4.8998 success 1659240 failure 3128369 obj_new 1.00837 SA_pAcc 1 Delta 0.00047689 SA_r 0.560553 freedomratio 0.201923
Cannot move further
iter 9.99995e+06 obj1.00837 rho 0 GRdif 4.8998
Training:
Lab Growth Rates:
0.27 0.3 0.45 0.485 0.55 0.46 0.53 0.09 0.59 0.476 0.58 0.54 1.05 0.4 0.4 0.47 0.27 0.65 0.54 0.47 0.4 0.6 1.49 0.26 0.4 0.3 0.54 1.67 0.49 0.65 0.5 0.41 0.36 0.5 0.17 0.52 0.46 0.52 0.37 1.483 0.54 0.42 0.31 0.56 0.46 0.46 0.724 0.54 1.483 0.58 0.3 0.59 0.4 0.58 0.11 0.45 0.47 0.39 0.34 0.5 0.4 0.4 0.45 0.4 0.5 0.53 0.48 0.48 0.65 0.33 0.4 1.345 0.59 0.5 0.4 0.53 0.53 0.17 0.4 0.3 0.23 0.26 0.4 0.5 0.42 0.33 0.59 0.49 0.724 0.46 0.48 0.23 0.5 0.22 0.52 0.43 0.45 0.53 0.38 0.25 0.47 1.345 1.345 1.345 0.724 1.483 0.58 0.1 0.23 0.27 1.248 0.22 0.39 0.49 0.59 0.53 0.25 0.4 0.56 0.901 0.42 0.54 0.45 0.6 1.483 0.55 0.4 0.11 0.1 0.42 0.46 0.56 0.4 0.4 0.45 0.39 0.3 0.4 1.05 0.37 0.39 0.47 0.54 1.483 1.35 0.41 0.4 0.25 0.14 0.32 0.39 0.52 0.46 0.636 0.52 0.301 0.58 0.43 0.56 0.4 0.46 0.55 0.53 0.476 0.58 0.43 0.48 0.45 0.47 0.43 1.46 0.37 0.47 0.59 0.53 0.465 0.4 0.58 0.4 0.59 0.58 0.26 0.5 0.4 0.4 0.42 0.59 0.37 0.301 0.19 0.4 1.43 0.33 0.54 0.45 0.48 0.5 0.34 1.483 1.345 0.37 0.481 0.48 1.46 0.901 0.5 0.4 0.55 0.3 1.248 0.58 0.4 0.59 0.59 0.5 0.4 0.33 0.635 0.65 0.68 0.58 0.42 0.4 0.41 0.38 0.55 0.377 0.58 0.42 0.762 0.762 0.5 0.3 0.4 0.465 0.55 0.1 0.54 1.66 0.38 0.4 0.45 0.41 0.42 0.43 0.56 0.7 0.617 0.5 0.58 0.4 0.33 0.47 0.47 0.32 0.637 0.47 1.483 0.37 0.37 1.345 0.2 0.54 0.4 0.22 0.52 0.5 0.46 0.41 0.5 0.4 0.42 0.47 0.37 0.762 0.45 0.54 0.25 0.41 0.27 0.58 0.19 0.45 0.59 0.485 0.46 0.52 0.65 0.4 0.43 0.42 0.52 0.46 0.54 0.38 0.52 0.635 0.53 0.47 0.25 0.4 0.4 0.51 0.37 0.4 0.4 0.4 0.58 0.53 0.42 0.31 0.648 0.46 0.47 0.4 0.47 0.54 0.54 0.37 1.483 0.59 0.54 0.46 1.483 0.45 0.5 0.5 0.4 0.46 0.71 0.5 0.23 0.4 0.56 0.25 1.483 0.23 0.54 0.7 0.45 0.47 0.55 0.32 0.5 0.23 0.648 0.46 0.7 0.5 0.51 0.11 0.17 0.47 0.5 0.762 0.5 0.36 1.43 0.47 0.56 1.483 1.67 0.25 1.05 1.345 0.56 0.56 0.4 0.4 0.48 1.345 0.33 0.47 0.37 0.56 0.38 0.45 0.09 0.5 0.485 0.68 0.4 0.31 0.4 1.42 0.54 0.27 0.37 0.5 0.54 0.43 0.14 1.05 0.36 0.3 0.34 0.71 0.47 0.22 0.42 0.53 0.4 0.3 0.377 1.44 0.4 0.55 0.42 0.47 1.483 0.65 0.5 1.345 0.53 1.38 1.05 1.4 0.465 0.22 0.47 0.43 0.65 0.47 0.42 0.33 1.248 0.45 1.248 0.58 0.43 0.59 0.5 0.46 0.5 0.56 0.42 0.37 0.39 0.1 0.2 0.58 0.42 0.5 0.1 0.71 0.52 0.485 0.47 0.481 0.56 0.37 0.3 0.54 0.56 0.46 0.2 0.46 0.53 0.23 0.6 1.66 0.4 0.7 0.43 0.48 0.5 0.58 0.41 0.54 0.45 0.58 0.54 0.686 0.901 0.42 1.46 0.5 0.54 0.1 0.5 0.55 0.37 0.4 0.52 0.22 0.59 0.54 0.4 0.1 0.901 0.901 0.3 0.4 0.65 0.54 0.54 0.3 0.45 0.56 0.686 0.45 0.59 0.68 0.09 0.377 0.45 0.637 0.5 0.3 0.56 1.345 1.345 1.345 0.4 0.5 0.56 0.36 0.54 0.4 0.3 0.56 0.22 0.1 0.648 0.5 0.25 0.59 0.41 0.46 0.637 1.248 0.42 0.4 0.43 0.36 0.481 0.56 0.53 0.51 1.03 0.65 0.68 0.36 0.55 0.41 0.55 0.33 0.636 0.37 0.53 0.301 0.58 0.68 0.36 0.4 0.23 0.54 0.19 1.46 0.4 0.58 0.36 0.58 0.27 0.476 0.4 0.22 0.636 0.33 0.4 0.46 0.4 0.55 0.47 0.635 0.52 0.686 0.4 0.901 0.48 0.23 0.36 0.4 0.4 0.1 0.54 0.43 0.46
Dot Production Prediction of Lab Growth Rates:
0.336693 0.441632 0.361586 0.572116 0.551639 0.384348 0.320546 0.340886 0.548304 0.571263 0.357649 0.468189 1.05001 0.407012 0.408731 0.369095 0.314064 0.640368 0.36075 0.352859 0.402513 0.552049 1.53705 0.52388 0.402471 0.252915 0.466288 1.55828 0.381472 0.653907 0.41139 0.371445 0.337231 0.32984 0.295564 0.369065 0.47346 0.339452 0.487514 1.14929 0.478232 0.349499 0.520935 0.534197 0.459669 0.336122 0.72405 0.542814 1.1873 0.464048 0.255776 0.535849 0.400513 0.456807 0.338717 1.4484 0.397401 0.333639 0.334407 0.726442 0.411839 0.407775 1.48556 0.397851 0.373052 0.537295 0.34145 0.311441 0.659415 0.413758 0.406016 1.1461 0.534485 0.48294 0.402903 0.36965 0.395393 0.321196 0.4097 0.5374 0.548957 0.422873 0.408204 0.339479 0.522356 0.344585 0.323473 0.36594 0.719608 0.339455 0.346392 0.41496 0.479098 0.480249 0.34677 0.357833 0.368009 0.359179 0.352035 0.336411 0.409655 1.20219 1.2239 1.19943 0.722953 1.15532 0.319217 1.03868 0.416623 0.350075 1.23987 0.485258 0.302032 0.388484 0.552535 0.439549 0.458931 0.315282 0.543587 0.90457 0.359483 0.539645 0.376542 0.565666 1.14605 0.549403 0.408451 0.361448 1.05054 0.365762 0.456256 0.549989 0.407317 0.400578 0.403464 0.329156 0.251315 0.408473 1.04997 0.401994 0.331781 0.339107 0.328125 1.14555 1.35 0.333822 0.409043 0.331325 0.139989 0.320347 0.362011 0.349318 0.468379 0.7198 0.371713 0.581387 0.324596 0.315795 0.542714 0.404854 0.377376 0.5496 0.528456 0.566772 0.366617 0.36644 0.325554 0.35578 0.310738 0.332564 1.71845 0.395787 0.346063 0.317038 0.540157 0.564806 0.405873 0.336419 0.405341 0.36004 0.47397 0.375087 0.532239 0.405662 0.406836 0.323925 0.342777 0.383468 0.576669 0.295837 0.405144 1.38034 0.430519 0.544049 1.5335 0.313825 0.64529 0.344458 1.12655 1.21858 0.393275 0.567962 0.34358 1.03812 0.896804 0.332295 0.408492 0.471516 0.525795 1.2521 0.480851 0.398957 0.539967 0.331592 0.734119 0.344722 0.323444 0.710357 0.631945 0.386599 0.367181 0.335551 0.40366 0.575728 0.339475 0.466517 0.559895 0.478693 0.349918 1.39538 1.39636 0.554278 0.541784 0.405424 0.562454 0.550851 0.399883 0.367355 1.66 0.315402 0.404415 0.371991 0.334587 0.329927 0.362904 0.55355 0.703563 0.501439 0.359349 0.47298 0.400408 0.335677 0.355723 0.345042 0.318583 0.712694 0.37285 1.16774 0.395797 0.395414 1.17824 0.365581 0.371745 0.402852 0.486082 0.375452 0.554195 0.343147 0.366834 0.337179 0.408255 0.33895 0.361894 0.406984 1.4167 1.49346 0.469896 0.489176 0.573072 0.542705 0.46472 0.312865 0.353799 0.312293 0.576198 0.454986 0.369525 0.649659 0.40957 0.400569 0.340009 0.397595 0.37583 0.337164 0.367949 0.358035 0.712391 0.530024 0.353869 1.52521 0.407191 0.397174 0.384047 0.362389 0.399348 0.401076 0.407079 0.484928 0.528147 0.345134 0.530441 0.712647 0.461759 0.370612 0.39663 0.435061 0.361424 0.361287 0.392628 1.16633 0.368775 0.389188 0.404492 1.21596 0.347768 0.680002 0.323345 0.39908 0.31875 0.722485 0.330531 0.54843 0.407692 0.474114 0.842916 1.13908 0.541682 0.461359 0.712573 1.53705 0.379519 0.559283 0.3294 0.337527 0.541103 0.712308 0.314218 0.711806 0.349149 0.356078 0.328529 0.382128 0.448954 0.479184 1.43868 0.753701 0.354385 1.38247 0.348933 0.539126 1.17141 1.33383 0.350046 1.00551 1.18909 0.487048 0.540236 0.405889 0.340649 0.321112 1.21636 0.361608 0.361181 0.331194 0.539771 0.315027 1.46553 0.406527 0.677079 0.567836 0.383053 0.40482 0.524978 0.401466 1.55747 0.299903 0.368092 0.378999 0.326213 0.544393 0.391628 0.140895 1.05566 0.392011 0.521575 0.32162 0.720491 0.348923 0.36926 0.500898 0.470479 0.405259 0.562265 0.568109 1.51443 0.401292 0.47024 0.331766 0.404547 1.11392 0.65435 0.710392 1.17904 0.361719 1.33132 1.73271 1.39999 0.565882 0.482639 0.387018 0.326644 0.661759 0.342631 0.322397 0.328795 1.25371 0.395721 1.24799 0.465854 0.356461 0.331994 0.480791 0.317524 0.470373 0.479461 0.320574 0.404952 0.309667 1.22838 0.373987 0.370024 0.336292 0.7511 0.411897 0.712395 0.371058 0.57354 0.297305 0.574328 0.547073 0.406994 0.486819 0.318272 0.541135 0.471888 0.359158 0.458035 0.535926 0.554336 0.545586 1.66 0.401308 0.713024 0.384196 0.369953 0.551235 0.479734 0.575245 0.529495 1.544 0.473556 0.470448 0.717301 0.90099 0.33265 1.01615 0.738728 0.34995 0.356937 0.53265 0.548979 0.391239 0.399773 0.341374 0.39013 0.550926 0.551792 0.399891 1.15926 0.896962 0.873447 0.378073 0.40039 0.649657 0.295723 0.331551 0.586824 0.350695 0.468892 0.723496 0.353792 0.551426 0.388005 0.362993 0.557389 0.345841 0.71043 0.735871 0.361568 0.465026 1.18864 1.1366 1.12815 0.406384 0.466763 0.539729 0.383419 0.358563 0.398183 0.332258 0.547165 0.482887 0.848911 0.705208 0.676343 0.328924 0.343107 0.348258 0.386194 0.713053 1.24162 0.496406 0.399851 0.340721 0.362681 0.570623 0.464752 0.329674 0.377486 1.38306 0.646999 0.38654 0.357371 0.458492 0.34824 0.467165 0.454311 0.724292 0.365129 0.387275 0.573059 0.303659 0.377565 0.338356 0.407378 0.547814 0.377161 0.3071 1.04685 0.401629 0.342808 0.31526 0.471988 0.34836 0.57384 0.405399 0.319622 0.727161 0.326002 0.405444 0.333871 0.403801 0.471592 0.327176 0.708881 0.339829 0.721909 0.40748 1.25734 0.344854 0.413951 0.324789 0.396571 0.407369 1.49073 0.532341 0.358273 0.470321
Testing:
Lab Growth Rates:
0.6
Dot Production Prediction of Lab Growth Rates:
0.549802
Best performance so far: 
Obj: 4.67573e-310Rho: 2.26291e-314Diff: 4.67573e-310
Anneal again with the best G and E so far as input
Cycle 2Round 1
Iter 500000 pBad 0.859619 T 0.00180639 Obj 1.04819 Rho 0 GRdif 27.6753 success 105249 failure 6206 obj_new 1.04819 SA_pAcc 1.03333 Delta -0.0148461 SA_r 0.431515 freedomratio 0.247267
Iter 1000000 pBad 0.828138 T 0.000835341 Obj 1.03621 Rho 0 GRdif 20.9129 success 208208 failure 16080 obj_new 1.03621 SA_pAcc 1 Delta -0.0665678 SA_r 0.292959 freedomratio 0.244592
Iter 1500000 pBad 0.796628 T 0.000386292 Obj 1.02859 Rho 0 GRdif 16.5745 success 310334 failure 28332 obj_new 1.02859 SA_pAcc 0.671499 Delta 0.0313836 SA_r 0.642894 freedomratio 0.243176
Iter 2000000 pBad 0.723434 T 0.000178635 Obj 1.02705 Rho 0 GRdif 15.6913 success 411549 failure 43653 obj_new 1.02705 SA_pAcc 1 Delta -0.0383729 SA_r 0.517188 freedomratio 0.247059
Iter 2500000 pBad 0.684025 T 8.26073e-05 Obj 1.02295 Rho 0 GRdif 13.3538 success 510143 failure 63878 obj_new 1.02297 SA_pAcc 0.760236 Delta 0.0542197 SA_r 0.925249 freedomratio 0.244694
Iter 3000000 pBad 0.609817 T 3.82006e-05 Obj 1.02104 Rho 0 GRdif 12.2426 success 606772 failure 89198 obj_new 1.02104 SA_pAcc 1 Delta -0.00491934 SA_r 0.353035 freedomratio 0.241082
Iter 3500000 pBad 0.593215 T 1.76653e-05 Obj 1.01855 Rho 0 GRdif 10.8098 success 701453 failure 118879 obj_new 1.01855 SA_pAcc 1 Delta 0.008174 SA_r 0.33905 freedomratio 0.241975
Iter 4000000 pBad 0.477029 T 8.16907e-06 Obj 1.01727 Rho 0 GRdif 10.068 success 793735 failure 153982 obj_new 1.01727 SA_pAcc 1 Delta 0.00205754 SA_r 0.903345 freedomratio 0.240294
Iter 4500000 pBad 0.346272 T 3.77767e-06 Obj 1.01439 Rho 0 GRdif 8.40192 success 879108 failure 203931 obj_new 1.01439 SA_pAcc 1 Delta 0.0256492 SA_r 0.136335 freedomratio 0.235766
Iter 5000000 pBad 0.30102 T 1.74693e-06 Obj 1.01099 Rho 0 GRdif 6.42591 success 956157 failure 274149 obj_new 1.01099 SA_pAcc 1.57561 Delta -0.0117755 SA_r 0.483832 freedomratio 0.231405
Iter 5500000 pBad 0.189232 T 8.07843e-07 Obj 1.00995 Rho 0 GRdif 5.82193 success 1022535 failure 365900 obj_new 1.00995 SA_pAcc 0.445968 Delta -0.00920974 SA_r 0.228197 freedomratio 0.224685
Iter 6000000 pBad 0.159033 T 3.73576e-07 Obj 1.00937 Rho 0 GRdif 5.49038 success 1077765 failure 488090 obj_new 1.00938 SA_pAcc 3.40391e-11 Delta 0.000100344 SA_r 0.397185 freedomratio 0.215859
Iter 6500000 pBad 0.112094 T 1.72755e-07 Obj 1.0089 Rho 0 GRdif 5.21011 success 1125524 failure 635503 obj_new 1.0089 SA_pAcc 0.0034031 Delta -0.0092985 SA_r 0.177147 freedomratio 0.204096
Iter 7000000 pBad 0.0503343 T 7.9888e-08 Obj 1.00862 Rho 0 GRdif 5.04561 success 1161197 failure 824071 obj_new 1.00862 SA_pAcc 0.192269 Delta -0.00178669 SA_r 0.794576 freedomratio 0.185197
Iter 7500000 pBad 0.0408464 T 3.69431e-08 Obj 1.00849 Rho 0 GRdif 4.97103 success 1186897 failure 1050854 obj_new 1.00849 SA_pAcc 0.0365912 Delta -0.00166212 SA_r 0.459554 freedomratio 0.176365
Iter 8000000 pBad 0.0222873 T 1.70838e-08 Obj 1.00839 Rho 0 GRdif 4.9156 success 1207475 failure 1305126 obj_new 1.00839 SA_pAcc 1 Delta 0.00145804 SA_r 0.46893 freedomratio 0.165308
Iter 8500000 pBad 0.0160074 T 7.90017e-09 Obj 1.00835 Rho 0 GRdif 4.88836 success 1222626 failure 1586728 obj_new 1.00835 SA_pAcc 1 Delta 0.000109934 SA_r 0.0527146 freedomratio 0.155968
Iter 9000000 pBad 0.0101492 T 3.65332e-09 Obj 1.00832 Rho 0 GRdif 4.87095 success 1233841 failure 1890710 obj_new 1.00832 SA_pAcc 1 Delta -0.000169272 SA_r 0.271433 freedomratio 0.151312
Iter 9500000 pBad 0.00904184 T 1.68943e-09 Obj 1.0083 Rho 0 GRdif 4.86053 success 1243180 failure 2208574 obj_new 1.0083 SA_pAcc 3.405e-287 Delta 0.000112884 SA_r 0.384244 freedomratio 0.147516
Good enough
iter 9.99995e+06 obj1.00829 rho 0 GRdif 4.8548
Training:
Lab Growth Rates:
0.27 0.3 0.45 0.485 0.55 0.46 0.53 0.09 0.59 0.476 0.58 0.54 1.05 0.4 0.4 0.47 0.27 0.65 0.54 0.47 0.4 0.6 1.49 0.26 0.4 0.3 0.54 1.67 0.49 0.65 0.5 0.41 0.36 0.5 0.17 0.52 0.46 0.52 0.37 1.483 0.54 0.42 0.31 0.56 0.46 0.46 0.724 0.54 1.483 0.58 0.3 0.59 0.4 0.58 0.11 0.45 0.47 0.39 0.34 0.5 0.4 0.4 0.45 0.4 0.5 0.53 0.48 0.48 0.65 0.33 0.4 1.345 0.59 0.5 0.4 0.53 0.53 0.17 0.4 0.3 0.23 0.26 0.4 0.5 0.42 0.33 0.59 0.49 0.724 0.46 0.48 0.23 0.5 0.22 0.52 0.43 0.45 0.53 0.38 0.25 0.47 1.345 1.345 1.345 0.724 1.483 0.58 0.1 0.23 0.27 1.248 0.22 0.39 0.49 0.59 0.53 0.25 0.4 0.56 0.901 0.42 0.54 0.45 0.6 1.483 0.55 0.4 0.11 0.1 0.42 0.46 0.56 0.4 0.4 0.45 0.39 0.3 0.4 1.05 0.37 0.39 0.47 0.54 1.483 1.35 0.41 0.4 0.25 0.14 0.32 0.39 0.52 0.46 0.636 0.52 0.301 0.58 0.43 0.56 0.4 0.46 0.55 0.53 0.476 0.58 0.43 0.48 0.45 0.47 0.43 1.46 0.37 0.47 0.59 0.53 0.465 0.4 0.58 0.4 0.59 0.58 0.26 0.5 0.4 0.4 0.42 0.59 0.37 0.301 0.19 0.4 1.43 0.33 0.54 0.45 0.48 0.5 0.34 1.483 1.345 0.37 0.481 0.48 1.46 0.901 0.5 0.4 0.55 0.3 1.248 0.58 0.4 0.59 0.59 0.5 0.4 0.33 0.635 0.65 0.68 0.58 0.42 0.4 0.41 0.38 0.55 0.377 0.58 0.42 0.762 0.762 0.5 0.3 0.4 0.465 0.55 0.1 0.54 1.66 0.38 0.4 0.45 0.41 0.42 0.43 0.56 0.7 0.617 0.5 0.58 0.4 0.33 0.47 0.47 0.32 0.637 0.47 1.483 0.37 0.37 1.345 0.2 0.54 0.4 0.22 0.52 0.5 0.46 0.41 0.5 0.4 0.42 0.47 0.37 0.762 0.45 0.54 0.25 0.41 0.27 0.58 0.19 0.45 0.59 0.485 0.46 0.52 0.65 0.4 0.43 0.42 0.52 0.46 0.54 0.38 0.52 0.635 0.53 0.47 0.25 0.4 0.4 0.51 0.37 0.4 0.4 0.4 0.58 0.53 0.42 0.31 0.648 0.46 0.47 0.4 0.47 0.54 0.54 0.37 1.483 0.59 0.54 0.46 1.483 0.45 0.5 0.5 0.4 0.46 0.71 0.5 0.23 0.4 0.56 0.25 1.483 0.23 0.54 0.7 0.45 0.47 0.55 0.32 0.5 0.23 0.648 0.46 0.7 0.5 0.51 0.11 0.17 0.47 0.5 0.762 0.5 0.36 1.43 0.47 0.56 1.483 1.67 0.25 1.05 1.345 0.56 0.56 0.4 0.4 0.48 1.345 0.33 0.47 0.37 0.56 0.38 0.45 0.09 0.5 0.485 0.68 0.4 0.31 0.4 1.42 0.54 0.27 0.37 0.5 0.54 0.43 0.14 1.05 0.36 0.3 0.34 0.71 0.47 0.22 0.42 0.53 0.4 0.3 0.377 1.44 0.4 0.55 0.42 0.47 1.483 0.65 0.5 1.345 0.53 1.38 1.05 1.4 0.465 0.22 0.47 0.43 0.65 0.47 0.42 0.33 1.248 0.45 1.248 0.58 0.43 0.59 0.5 0.46 0.5 0.56 0.42 0.37 0.39 0.1 0.2 0.58 0.42 0.5 0.1 0.71 0.52 0.485 0.47 0.481 0.56 0.37 0.3 0.54 0.56 0.46 0.2 0.46 0.53 0.23 0.6 1.66 0.4 0.7 0.43 0.48 0.5 0.58 0.41 0.54 0.45 0.58 0.54 0.686 0.901 0.42 1.46 0.5 0.54 0.1 0.5 0.55 0.37 0.4 0.52 0.22 0.59 0.54 0.4 0.1 0.901 0.901 0.3 0.4 0.65 0.54 0.54 0.3 0.45 0.56 0.686 0.45 0.59 0.68 0.09 0.377 0.45 0.637 0.5 0.3 0.56 1.345 1.345 1.345 0.4 0.5 0.56 0.36 0.54 0.4 0.3 0.56 0.22 0.1 0.648 0.5 0.25 0.59 0.41 0.46 0.637 1.248 0.42 0.4 0.43 0.36 0.481 0.56 0.53 0.51 1.03 0.65 0.68 0.36 0.55 0.41 0.55 0.33 0.636 0.37 0.53 0.301 0.58 0.68 0.36 0.4 0.23 0.54 0.19 1.46 0.4 0.58 0.36 0.58 0.27 0.476 0.4 0.22 0.636 0.33 0.4 0.46 0.4 0.55 0.47 0.635 0.52 0.686 0.4 0.901 0.48 0.23 0.36 0.4 0.4 0.1 0.54 0.43 0.46
Dot Production Prediction of Lab Growth Rates:
0.335139 0.57482 0.324866 0.622924 0.555666 0.381247 0.28383 0.348614 0.552137 0.626966 0.37503 0.466285 1.04988 0.388298 0.391563 0.367874 0.269978 0.643332 0.338413 0.34316 0.390935 0.735724 1.5258 0.537409 0.383369 0.265644 0.467191 1.54873 0.392693 0.655906 0.43511 0.392096 0.344511 0.353505 0.266262 0.369614 0.471167 0.296392 0.491815 1.33963 0.481752 0.345363 0.555334 0.538616 0.494546 0.329308 0.72572 0.55082 1.34909 0.474604 0.266846 0.536989 0.392442 0.458986 0.321073 1.42318 0.368903 0.33089 0.331737 0.765058 0.398605 0.390964 1.49489 0.379281 0.371562 0.532955 0.349838 0.306068 0.661913 0.423985 0.3925 1.33903 0.538331 0.48065 0.382723 0.349702 0.382223 0.318226 0.394665 0.688167 0.551319 0.429353 0.390773 0.377503 0.569714 0.338429 0.293709 0.36596 0.72043 0.340935 0.346779 0.429426 0.481647 0.477273 0.338442 0.351596 0.387151 0.28752 0.375781 0.360368 0.423336 1.32968 1.38418 1.34541 0.721116 1.31043 0.318436 1.2013 0.429072 0.367919 1.24078 0.485379 0.258631 0.384925 0.55115 0.426352 0.429139 0.284753 0.551833 0.900985 0.386724 0.539617 0.393863 0.718092 1.3315 0.547478 0.39291 0.372055 1.2791 0.341354 0.450603 0.55165 0.394831 0.384217 0.430738 0.32069 0.259635 0.394105 1.05429 0.425185 0.332395 0.338807 0.30905 1.32281 1.20766 0.33237 0.393683 0.355662 0.14002 0.320757 0.379063 0.34207 0.495818 0.719903 0.400572 0.629249 0.311672 0.334834 0.551848 0.384773 0.406021 0.54385 0.532208 0.627289 0.36937 0.384807 0.333199 0.316803 0.320828 0.321924 1.46378 0.422076 0.344033 0.305397 0.544049 0.625503 0.392324 0.338418 0.388485 0.355079 0.475823 0.409789 0.532415 0.397955 0.389573 0.343123 0.349799 0.388315 0.628717 0.289054 0.385092 1.23781 0.445903 0.534921 1.54531 0.277549 0.679487 0.353195 1.32354 1.36186 0.419562 0.62608 0.38025 1.05036 0.901389 0.34134 0.394014 0.472764 0.663423 1.24797 0.477159 0.389619 0.536418 0.355851 0.780739 0.363184 0.310246 0.714074 0.620753 0.282375 0.405404 0.331045 0.385724 0.627153 0.306743 0.478118 0.611854 0.477989 0.35981 1.39216 1.40438 0.568315 0.658298 0.39135 0.622456 0.547065 0.415135 0.368871 1.58985 0.278703 0.39175 0.397466 0.353561 0.256219 0.383701 0.553981 0.841651 0.469054 0.368124 0.47559 0.394864 0.328571 0.423462 0.383691 0.320166 0.714811 0.345132 1.34767 0.413227 0.414499 1.33999 0.342659 0.414201 0.381887 0.478761 0.341319 0.557831 0.329996 0.390761 0.342247 0.392513 0.265901 0.430116 0.42259 1.41243 1.53697 0.47494 0.432843 0.621243 0.533598 0.477683 0.284389 0.333426 0.259005 0.629199 0.496359 0.34584 0.619112 0.397276 0.412162 0.33797 0.359563 0.394135 0.336159 0.402836 0.35404 0.713447 0.538765 0.383915 1.51424 0.396926 0.386831 0.392574 0.390624 0.394296 0.377266 0.389664 0.486139 0.529495 0.3371 0.57314 0.710803 0.460734 0.356666 0.376457 0.450661 0.369536 0.340296 0.386986 1.36265 0.367678 0.378086 0.396926 1.34822 0.386011 0.698547 0.322286 0.392825 0.322319 0.723161 0.354931 0.558094 0.392466 0.474443 1.02343 1.32237 0.55262 0.465561 0.843006 1.5258 0.380284 0.55672 0.35689 0.324496 0.551204 0.711117 0.301014 0.850001 0.369922 0.370858 0.307457 0.368009 0.449343 0.471048 1.41783 0.81466 0.359836 1.22029 0.324909 0.539284 1.3254 1.36 0.361593 1.03844 1.31748 0.478921 0.547762 0.387148 0.30519 0.249263 1.36042 0.368393 0.335639 0.282223 0.533353 0.291464 1.46012 0.426084 0.788529 0.622844 0.281416 0.384199 0.556457 0.393703 1.55143 0.269154 0.392694 0.424441 0.340523 0.544596 0.427921 0.139994 1.05638 0.412025 0.676202 0.292536 0.717376 0.360805 0.388044 0.527744 0.498405 0.392391 0.699382 0.617624 1.52399 0.396626 0.478225 0.352657 0.382042 1.31057 0.649291 0.739577 1.29713 0.371609 1.34653 1.44254 1.40004 0.624967 0.486206 0.319755 0.35165 0.650955 0.332555 0.292552 0.318507 1.24783 0.340898 1.24799 0.476261 0.358903 0.314176 0.482716 0.312046 0.469834 0.473145 0.347322 0.421928 0.280992 1.42171 0.329352 0.399061 0.332216 0.821496 0.428554 0.715477 0.413025 0.623636 0.266222 0.628053 0.547581 0.42073 0.589118 0.319487 0.548128 0.471368 0.329335 0.455098 0.543991 0.55119 0.682355 1.61251 0.3929 0.853567 0.409433 0.305165 0.542837 0.47995 0.624925 0.539969 1.53973 0.474707 0.473736 0.716642 0.897439 0.358341 1.10466 0.780203 0.363107 0.292457 0.532566 0.54846 0.409748 0.378456 0.300259 0.40171 0.552773 0.554173 0.378544 1.44746 0.893867 0.893059 0.348636 0.389877 0.658893 0.306201 0.322044 0.757475 0.377953 0.47404 0.723736 0.35074 0.543323 0.281744 0.374058 0.608423 0.370113 0.711386 0.84599 0.353348 0.474381 1.36709 1.32042 1.30722 0.397283 0.471716 0.550063 0.391773 0.3339 0.377831 0.296805 0.553229 0.480072 0.998021 0.707389 0.781973 0.296068 0.356426 0.35955 0.377728 0.710661 1.23762 0.534759 0.380668 0.362734 0.36313 0.624333 0.472736 0.303219 0.403887 1.3543 0.64232 0.284777 0.35254 0.474159 0.353588 0.482434 0.460613 0.727745 0.364573 0.425538 0.626643 0.279889 0.279407 0.345042 0.393397 0.546431 0.389119 0.302288 1.07883 0.393211 0.358585 0.319336 0.473851 0.357836 0.631662 0.38629 0.316479 0.732003 0.322855 0.390706 0.353006 0.39423 0.482293 0.328761 0.711377 0.364607 0.72391 0.392582 1.24018 0.383608 0.429707 0.32105 0.375677 0.39113 1.46605 0.537936 0.366483 0.465235
Testing:
Lab Growth Rates:
0.6
Dot Production Prediction of Lab Growth Rates:
0.722206
Best performance so far: 
Obj: 4.67573e-310Rho: 6.5069e-314Diff: 4.67573e-310
Test:
 Lab Growth Rates:
0.6Dot Product Prediction of Growth Rate:
0.7222079