seed =  5 traits =  1 
Training: part  192 
Training: part  192 
Round  1 
 Goal of obj  0.99 
Temperature range:  0.0078125 1.5625e-15 
Cycle 1Round 1
Iter 500000 pBad 0.847831 T 0.00181068 Obj 1.09048 Rho 0 GRdif 50.7597 success 146592 failure 9180 obj_new 1.09048 SA_pAcc 1.11637 Delta -0.0649554 SA_r 0.951035 freedomratio 0.367168
Iter 1000000 pBad 0.781597 T 0.000419657 Obj 1.04016 Rho 0 GRdif 23.0746 success 289247 failure 27385 obj_new 1.04016 SA_pAcc 0.822112 Delta 0.0596663 SA_r 0.710183 freedomratio 0.373724
Iter 1500000 pBad 0.735284 T 9.72626e-05 Obj 1.02649 Rho 0 GRdif 15.3298 success 428813 failure 53593 obj_new 1.02651 SA_pAcc 0.823082 Delta 0.0721344 SA_r 0.89612 freedomratio 0.362176
Iter 2000000 pBad 0.549218 T 2.25423e-05 Obj 1.02015 Rho 0 GRdif 11.6902 success 565680 failure 86042 obj_new 1.02015 SA_pAcc 1 Delta -0.0342127 SA_r 0.492479 freedomratio 0.35006
Iter 2500000 pBad 0.448737 T 5.22455e-06 Obj 1.01583 Rho 0 GRdif 9.20442 success 696671 failure 128484 obj_new 1.01583 SA_pAcc 1 Delta -0.00417513 SA_r 0.962785 freedomratio 0.356882
Iter 3000000 pBad 0.299245 T 1.21088e-06 Obj 1.01155 Rho 0 GRdif 6.72796 success 810890 failure 204857 obj_new 1.01155 SA_pAcc 2.15102 Delta -0.0129761 SA_r 0.564868 freedomratio 0.338728
Iter 3500000 pBad 0.19128 T 2.80641e-07 Obj 1.00985 Rho 0 GRdif 5.74545 success 904911 failure 321971 obj_new 1.00985 SA_pAcc 0.985815 Delta -0.000276088 SA_r 0.955459 freedomratio 0.3171
Iter 4000000 pBad 0.0499025 T 6.50434e-08 Obj 1.00891 Rho 0 GRdif 5.19838 success 966585 failure 515867 obj_new 1.00891 SA_pAcc 1.93944 Delta 0.00241644 SA_r 0.701544 freedomratio 0.257696
Iter 4500000 pBad 0.0230771 T 1.50749e-08 Obj 1.0088 Rho 0 GRdif 5.13452 success 990275 failure 806420 obj_new 1.0088 SA_pAcc 0.020465 Delta -0.000961024 SA_r 0.732202 freedomratio 0.229354
Iter 5000000 pBad 0.00717746 T 3.49387e-09 Obj 1.00875 Rho 0 GRdif 5.11327 success 1002252 failure 1137882 obj_new 1.00876 SA_pAcc 0 Delta -0.000155796 SA_r 0.643011 freedomratio 0.212859
Iter 5500000 pBad 0.00423684 T 8.09763e-10 Obj 1.00873 Rho 0 GRdif 5.09736 success 1009233 failure 1488845 obj_new 1.00874 SA_pAcc 0 Delta -0.000443285 SA_r 0.830026 freedomratio 0.207949
Iter 6000000 pBad 0.00189508 T 1.87676e-10 Obj 1.00873 Rho 0 GRdif 5.12971 success 1012697 failure 1850578 obj_new 1.00879 SA_pAcc 0 Delta 0.000156584 SA_r 0.117042 freedomratio 0.204324
Iter 6500000 pBad 0.00155384 T 4.34971e-11 Obj 1.00872 Rho 0 GRdif 5.08948 success 1014874 failure 2218103 obj_new 1.00872 SA_pAcc 5.33883e-159 Delta -0.000136869 SA_r 0.570935 freedomratio 0.202069
Iter 7000000 pBad 0.000587234 T 1.00812e-11 Obj 1.00872 Rho 0 GRdif 5.08855 success 1016223 failure 2589257 obj_new 1.00872 SA_pAcc 1 Delta -5.13656e-05 SA_r 0.86317 freedomratio 0.199864
Iter 7500000 pBad 0.000556182 T 2.33649e-12 Obj 1.00872 Rho 0 GRdif 5.11011 success 1018081 failure 2964457 obj_new 1.00876 SA_pAcc 0 Delta -1.37807e-05 SA_r 0.288712 freedomratio 0.195398
Iter 8000000 pBad 3.231e-30 T 5.41521e-13 Obj 1.00872 Rho 0 GRdif 5.08708 success 1022774 failure 3322629 obj_new 1.00872 SA_pAcc 1 Delta 6.22005e-32 SA_r 0.671552 freedomratio 0.183987
Iter 8500000 pBad 1.96126e-31 T 1.25507e-13 Obj 1.00872 Rho 0 GRdif 5.08781 success 1023926 failure 3611965 obj_new 1.00872 SA_pAcc 0 Delta 1.06766e-32 SA_r 0.208604 freedomratio 0.180697
Iter 9000000 pBad 1.56541e-241 T 2.90883e-14 Obj 1.00872 Rho 0 GRdif 5.08708 success 1023926 failure 3905742 obj_new 1.00872 SA_pAcc 1 Delta -2.96391e-243 SA_r 0.96735 freedomratio 0.143346
Iter 9500000 pBad 0 T 6.74171e-15 Obj 1.00872 Rho 0 GRdif 5.08717 success 1023926 failure 4228396 obj_new 1.00872 SA_pAcc 0 Delta -0 SA_r 0.357074 freedomratio 0.0520195
Iter 10000000 pBad 0 T 1.5625e-15 Obj 1.00872 Rho 0 GRdif 5.08819 success 1023926 failure 4566981 obj_new 1.00872 SA_pAcc 0 Delta -0 SA_r 0.449663 freedomratio 0.0340262
Cannot move further
iter 8.08975e+06 obj1.00872 rho 0 GRdif 5.08708
Training:
Lab Growth Rates:
0.25 0.485 0.55 0.1 0.46 0.37 0.59 0.476 0.58 0.54 1.05 0.4 0.4 0.47 0.45 0.65 0.42 0.47 0.4 0.6 1.49 0.46 0.4 0.3 0.54 1.67 0.49 0.65 0.5 0.41 0.36 0.47 0.17 0.47 0.46 0.52 0.59 1.483 0.54 0.42 0.31 0.56 0.3 0.43 0.724 0.54 1.483 0.58 0.3 0.59 0.4 0.58 0.09 0.45 0.5 0.47 0.32 0.6 0.4 0.4 0.45 0.4 0.5 0.53 0.42 0.42 0.65 0.33 0.4 1.345 0.59 0.5 0.4 0.46 0.53 0.31 0.4 0.3 0.23 0.26 0.4 0.33 0.2 0.36 0.47 0.52 0.724 0.52 0.48 0.23 0.5 0.22 0.54 0.43 0.45 0.48 0.27 0.42 0.47 1.345 1.345 1.345 0.724 1.483 0.39 0.1 0.23 0.45 1.248 0.22 0.39 0.49 0.59 0.53 0.59 0.45 0.56 0.901 0.42 0.54 0.45 0.6 1.483 0.55 0.4 0.11 0.1 0.42 0.46 0.56 0.4 0.4 0.45 0.53 0.3 0.4 1.05 0.37 0.47 0.48 0.54 1.483 1.35 0.41 0.4 0.42 0.14 0.32 0.39 0.47 0.3 0.636 0.52 0.301 0.46 0.43 0.56 0.4 0.1 0.55 0.53 0.476 0.39 0.43 0.59 0.25 0.47 0.43 1.46 0.37 0.47 0.54 0.53 0.465 0.4 0.58 0.4 0.47 0.58 0.26 0.5 0.4 0.4 0.27 0.51 0.37 0.301 0.19 0.4 1.43 0.42 0.54 0.45 0.48 0.5 0.34 1.483 1.345 0.37 0.481 0.48 1.46 0.901 0.33 0.4 0.55 0.3 1.248 0.58 0.4 0.59 0.59 0.5 0.45 0.33 0.635 0.65 0.68 0.58 0.39 0.4 0.41 0.42 0.55 0.377 0.58 0.42 0.762 0.762 0.5 0.3 0.4 0.465 0.55 0.1 0.42 1.66 0.37 0.4 0.41 0.41 0.53 0.37 0.56 0.7 0.617 0.5 0.58 0.4 0.33 0.47 0.38 0.52 0.637 0.36 1.483 0.37 0.37 1.345 0.38 0.54 0.5 0.22 0.52 0.5 0.46 0.47 0.5 0.4 0.53 0.38 0.37 0.762 0.45 0.54 0.59 0.41 0.27 0.58 0.19 0.25 0.59 0.485 0.46 0.52 0.65 0.4 0.36 0.42 0.47 0.46 0.4 0.38 0.52 0.635 0.53 0.46 0.25 0.4 0.4 0.51 0.59 0.4 0.4 0.4 0.58 0.53 0.54 0.26 0.648 0.46 0.47 0.4 0.34 0.54 0.54 0.5 1.483 0.59 0.54 0.46 1.483 0.49 0.5 0.5 0.4 0.46 0.71 0.5 0.23 0.4 0.56 0.25 1.483 0.23 0.54 0.7 0.45 0.47 0.55 0.32 0.5 0.23 0.648 0.46 0.7 0.47 0.19 0.11 0.17 0.47 0.5 0.762 0.5 0.36 1.43 0.48 0.56 1.483 1.67 0.25 1.05 1.345 0.56 0.56 0.4 0.4 0.54 1.345 0.33 0.47 0.42 0.56 0.27 0.45 0.09 0.5 0.485 0.68 0.4 0.31 0.4 1.42 0.58 0.27 0.37 0.5 0.54 0.37 0.14 1.05 0.36 0.3 0.34 0.71 0.47 0.22 0.2 0.48 0.4 0.3 0.377 1.44 0.4 0.55 0.42 0.47 1.483 0.65 0.5 1.345 0.53 1.38 1.05 1.4 0.465 0.22 0.47 0.41 0.65 0.43 0.39 0.5 1.248 0.45 1.248 0.58 0.27 0.54 0.5 0.46 0.5 0.56 0.43 0.37 0.53 0.1 0.2 0.53 0.42 0.5 0.52 0.71 0.52 0.485 0.43 0.481 0.56 0.37 0.3 0.54 0.56 0.46 0.38 0.46 0.53 0.23 0.6 1.66 0.4 0.7 0.22 0.54 0.5 0.58 0.41 0.54 0.45 0.58 0.54 0.686 0.901 0.3 1.46 0.5 0.4 0.52 0.5 0.55 0.37 0.4 0.52 0.22 0.59 0.54 0.4 0.1 0.901 0.901 0.58 0.4 0.65 0.54 0.54 0.3 0.45 0.56 0.686 0.25 0.59 0.68 0.09 0.377 0.45 0.637 0.5 0.58 0.56 1.345 1.345 1.345 0.4 0.5 0.56 0.48 0.42 0.4 0.3 0.56 0.22 0.1 0.648 0.5 0.25 0.59 0.46 0.46 0.637 1.248 0.42 0.4 0.43 0.36 0.481 0.56 0.4 0.51 1.03 0.65 0.68 0.58 0.55 0.41 0.55 0.33 0.636 0.37 0.53 0.301 0.46 0.68 0.11 0.4 0.23 0.45 0.47 1.46 0.4 0.58 0.36 0.58 0.45 0.476 0.4 0.17 0.636 0.33 0.4 0.33 0.4 0.55 0.5 0.635 0.54 0.686 0.4 0.901 0.48 0.23 0.58 0.4 0.4 0.1 0.54 0.36 0.46
Dot Production Prediction of Lab Growth Rates:
0.370627 0.61295 0.55626 0.457421 0.52114 0.42246 0.556939 0.6178 0.297636 0.454878 1.05 0.401233 0.398442 0.368468 0.29862 0.641812 0.558604 0.361407 0.387318 0.528744 1.54657 0.453753 0.39257 0.249161 0.467441 1.5206 0.381911 0.662782 0.362179 0.349456 0.425159 0.406 0.318813 0.419608 0.467232 0.37741 0.340021 1.10145 0.459815 0.342036 0.552092 0.535344 0.329316 0.369753 0.684694 0.551929 1.13285 0.474404 0.255813 0.544716 0.402849 0.452595 0.387441 1.43708 0.401574 0.352254 0.329042 0.50469 0.398139 0.401679 1.4518 0.400181 0.416018 0.534968 0.30832 0.33353 0.650037 0.484897 0.407031 1.10314 0.547131 0.491038 0.401293 0.520203 0.405868 0.529335 0.401818 0.524012 0.547355 0.388896 0.403392 0.365065 0.405357 0.360494 0.408986 0.387826 0.684422 0.383789 0.34585 0.430988 0.485437 0.46661 0.369612 0.370522 0.387109 0.289007 0.380747 0.36946 0.470022 1.13673 1.16834 1.14869 0.683654 1.08463 0.342079 1.56778 0.428333 0.312244 0.83722 0.47252 0.352467 0.383018 0.561774 0.517551 0.334593 0.422848 0.542603 0.906137 0.349208 0.533215 0.406981 0.506774 1.09529 0.544036 0.400087 0.329605 1.55035 0.315193 0.452804 0.547114 0.40624 0.401539 0.378648 0.272745 0.251292 0.399289 1.04999 0.420041 0.356837 0.32188 0.311911 1.05741 1.2398 0.400662 0.39768 0.353772 0.455911 0.363269 0.29424 0.323946 0.409403 0.680587 0.346798 0.614425 0.439223 0.344423 0.546781 0.392536 0.446951 0.544784 0.529368 0.614308 0.315645 0.446736 0.328884 0.363047 0.406836 0.378277 1.54407 0.415318 0.42899 0.388836 0.54988 0.617032 0.398715 0.39068 0.394469 0.410859 0.478582 0.548843 0.530429 0.404834 0.398724 0.287462 0.404339 0.406744 0.611166 0.306233 0.385654 1.40042 0.350333 0.540733 1.52134 0.289825 0.546815 0.316858 1.10526 1.16029 0.415131 0.606153 0.308054 1.02918 0.903856 0.318034 0.402136 0.448023 0.488912 0.846171 0.485523 0.397988 0.549638 0.350277 0.657689 0.375664 0.330001 0.672772 0.622095 0.430479 0.356406 0.326432 0.404647 0.611052 0.357995 0.469449 0.611735 0.48619 0.346314 0.765218 0.761994 0.55654 0.488423 0.401213 0.610916 0.549542 0.329776 0.391148 1.66 0.299027 0.402579 0.379917 0.383318 0.433417 0.404415 0.551376 0.703887 0.702032 0.337284 0.479631 0.402505 0.363133 0.366509 0.319256 0.392864 0.672469 0.35563 1.11969 0.40788 0.407663 1.12588 0.304658 0.369589 0.560511 0.468333 0.354741 0.552012 0.355395 0.437507 0.334881 0.398517 0.335495 0.378763 0.42878 0.772355 1.45045 0.45548 0.40476 0.602793 0.3622 0.475966 0.31709 0.309133 0.309269 0.604691 0.535966 0.391533 0.616814 0.392384 0.339621 0.300618 0.35818 0.408586 0.325628 0.366971 0.355917 0.674837 0.527308 0.292193 1.49831 0.405424 0.399458 0.415788 0.319719 0.400333 0.392838 0.390755 0.487805 0.52947 0.374556 0.458156 0.672348 0.460519 0.381344 0.384986 0.323271 0.402677 0.345799 0.372143 1.13247 0.384231 0.39179 0.374641 1.13143 0.399712 0.67178 0.325689 0.395818 0.331017 0.686055 0.328072 0.544647 0.402325 0.484268 0.801952 1.09368 0.536473 0.460852 0.7077 1.54657 0.383539 0.557992 0.315766 0.367689 0.539392 0.672589 0.310589 0.701632 0.45896 0.310914 0.369004 0.319679 0.476336 0.487948 0.767918 0.598982 0.332679 1.37814 0.360787 0.543293 1.11225 1.40856 0.373533 1.02665 1.1369 0.481156 0.538398 0.402377 0.393326 0.381743 1.15566 0.328334 0.365719 0.296355 0.536967 0.339853 1.43416 0.345952 0.58995 0.611101 0.425763 0.401083 0.53795 0.400131 1.5151 0.389597 0.561982 0.522833 0.328408 0.540268 0.408134 0.45965 1.05009 0.432266 0.492308 0.33377 0.681413 0.372159 0.443343 0.387582 0.293438 0.395391 0.514214 0.614605 1.49343 0.400767 0.463345 0.355894 0.339368 1.10108 0.650006 0.645557 1.11269 0.422957 1.28372 1.5094 1.41931 0.615728 0.475424 0.412963 0.386315 0.644219 0.428912 0.324174 0.370546 0.842921 0.330964 0.836732 0.476967 0.384001 0.407634 0.486805 0.404554 0.47837 0.482419 0.40422 0.423467 0.471687 1.90993 0.354475 0.370261 0.352096 0.623561 0.382324 0.678208 0.384273 0.604655 0.411892 0.607825 0.552721 0.425227 0.455406 0.316882 0.545834 0.470031 0.311871 0.458961 0.533251 0.545923 0.500523 1.66 0.406315 0.705449 0.393102 0.390208 0.548452 0.485975 0.607399 0.540565 1.53853 0.479559 0.45489 0.680674 0.899809 0.401645 1.03853 0.637684 0.316953 0.390567 0.531952 0.550016 0.404395 0.393746 0.372574 0.361312 0.558128 0.558889 0.380919 1.72332 0.901001 0.926256 0.371204 0.401821 0.651371 0.41971 0.379207 0.534534 0.344792 0.473519 0.685761 0.498303 0.554874 0.430248 0.456671 0.610783 0.372965 0.668442 0.639659 0.354415 0.472013 1.13016 1.1013 1.11049 0.392958 0.474654 0.542697 0.355703 0.580258 0.391968 0.373296 0.549348 0.470337 0.817382 0.668217 0.567367 0.486062 0.313985 0.418184 0.345731 0.672271 0.835502 0.559678 0.389676 0.360617 0.359714 0.607676 0.473698 0.389517 0.392089 1.28866 0.650003 0.431714 0.327469 0.465333 0.320874 0.469031 0.451438 0.686269 0.450234 0.332887 0.609038 0.435047 0.420991 0.385123 0.400018 0.540998 0.34337 0.346215 1.03512 0.399508 0.372888 0.341581 0.475429 0.429072 0.617243 0.389617 0.422953 0.678163 0.336715 0.401384 0.502497 0.402709 0.471605 0.316729 0.673721 0.339736 0.685215 0.403291 0.795034 0.34997 0.43025 0.366829 0.386282 0.402723 1.41847 0.536829 0.374028 0.465451
Testing:
Lab Growth Rates:
0.43 0.43 0.43
Dot Production Prediction of Lab Growth Rates:
0.430672 0.414693 0.371989
Best performance so far: 
Obj: 4.6462e-310Rho: 2.26291e-314Diff: 4.6462e-310
Anneal again with the best G and E so far as input
Cycle 2Round 1
Iter 500000 pBad 0.850078 T 0.00181068 Obj 1.0866 Rho 0 GRdif 48.667 success 106448 failure 7969 obj_new 1.0866 SA_pAcc 1.09359 Delta -0.0316838 SA_r 0.288001 freedomratio 0.246322
Iter 1000000 pBad 0.73661 T 0.000419657 Obj 1.03744 Rho 0 GRdif 21.54 success 209400 failure 24284 obj_new 1.03744 SA_pAcc 0.992384 Delta -0.0011138 SA_r 0.214801 freedomratio 0.244268
Iter 1500000 pBad 0.667827 T 9.72626e-05 Obj 1.02938 Rho 0 GRdif 16.9695 success 308825 failure 49724 obj_new 1.02938 SA_pAcc 1.1199 Delta -0.0324047 SA_r 0.937044 freedomratio 0.253351
Iter 2000000 pBad 0.56328 T 2.25423e-05 Obj 1.02073 Rho 0 GRdif 12.0245 success 405229 failure 82549 obj_new 1.02073 SA_pAcc 1 Delta -0.0334469 SA_r 0.0580698 freedomratio 0.25032
Iter 2500000 pBad 0.377244 T 5.22455e-06 Obj 1.01648 Rho 0 GRdif 9.5759 success 498583 failure 123228 obj_new 1.01648 SA_pAcc 1 Delta -0.0282942 SA_r 0.387135 freedomratio 0.246218
Iter 3000000 pBad 0.214471 T 1.21088e-06 Obj 1.01224 Rho 0 GRdif 7.13138 success 576524 failure 198304 obj_new 1.01224 SA_pAcc 1 Delta 0.00888731 SA_r 0.714976 freedomratio 0.225819
Iter 3500000 pBad 0.169551 T 2.80641e-07 Obj 1.01055 Rho 0 GRdif 6.14931 success 644342 failure 299591 obj_new 1.01055 SA_pAcc 1.67868 Delta 0.00403709 SA_r 0.182378 freedomratio 0.21882
Iter 4000000 pBad 0.0747293 T 6.50434e-08 Obj 1.00964 Rho 0 GRdif 5.62398 success 693995 failure 456292 obj_new 1.00964 SA_pAcc 1.24547 Delta 0.00318764 SA_r 0.486613 freedomratio 0.193911
Iter 4500000 pBad 0.0321693 T 1.50749e-08 Obj 1.00913 Rho 0 GRdif 5.32418 success 730554 failure 671859 obj_new 1.00913 SA_pAcc 4.56449e-17 Delta 0.00320184 SA_r 0.689555 freedomratio 0.1661
Iter 5000000 pBad 0.0113526 T 3.49387e-09 Obj 1.00888 Rho 0 GRdif 5.20079 success 756974 failure 955333 obj_new 1.00891 SA_pAcc 0 Delta -0.00035248 SA_r 0.456303 freedomratio 0.149261
Iter 5500000 pBad 0.00605428 T 8.09763e-10 Obj 1.0088 Rho 0 GRdif 5.13624 success 772514 failure 1294277 obj_new 1.0088 SA_pAcc 5.1815e-51 Delta -3.29626e-05 SA_r 0.315336 freedomratio 0.1359
Iter 6000000 pBad 0.00282199 T 1.87676e-10 Obj 1.00879 Rho 0 GRdif 5.12614 success 779906 failure 1664065 obj_new 1.00879 SA_pAcc 1 Delta 3.32646e-05 SA_r 0.335438 freedomratio 0.133943
Iter 6500000 pBad 0.00221952 T 4.34971e-11 Obj 1.00878 Rho 0 GRdif 5.1219 success 785152 failure 2044253 obj_new 1.00878 SA_pAcc 5.78645e-10 Delta 0.00013036 SA_r 0.959037 freedomratio 0.132699
Iter 7000000 pBad 0.000642844 T 1.00812e-11 Obj 1.00877 Rho 0 GRdif 5.11958 success 790311 failure 2430662 obj_new 1.00877 SA_pAcc 0 Delta 2.79732e-05 SA_r 0.395537 freedomratio 0.130687
Iter 7500000 pBad 0.000714524 T 2.33649e-12 Obj 1.00877 Rho 0 GRdif 5.1183 success 795422 failure 2823783 obj_new 1.00877 SA_pAcc 0 Delta -7.07763e-05 SA_r 0.399562 freedomratio 0.12916
Iter 8000000 pBad 4.29258e-11 T 5.41521e-13 Obj 1.00877 Rho 0 GRdif 5.15052 success 800531 failure 3216314 obj_new 1.00883 SA_pAcc 0 Delta 3.91875e-12 SA_r 0.662129 freedomratio 0.128848
Iter 8500000 pBad 1.654e-35 T 1.25507e-13 Obj 1.00877 Rho 0 GRdif 5.11831 success 801093 failure 3554292 obj_new 1.00877 SA_pAcc 0 Delta 1.46748e-36 SA_r 0.16711 freedomratio 0.124654
Iter 9000000 pBad 0 T 2.90883e-14 Obj 1.00877 Rho 0 GRdif 5.11752 success 801093 failure 3897028 obj_new 1.00877 SA_pAcc 0 Delta -0 SA_r 0.329863 freedomratio 0.0804945
Iter 9500000 pBad 0 T 6.74171e-15 Obj 1.00877 Rho 0 GRdif 5.11876 success 801093 failure 4257805 obj_new 1.00877 SA_pAcc 0 Delta -0 SA_r 0.432912 freedomratio 0.0465338
Good enough
iter 8.08596e+06 obj1.00877 rho 0 GRdif 5.1175
Training:
Lab Growth Rates:
0.25 0.485 0.55 0.1 0.46 0.37 0.59 0.476 0.58 0.54 1.05 0.4 0.4 0.47 0.45 0.65 0.42 0.47 0.4 0.6 1.49 0.46 0.4 0.3 0.54 1.67 0.49 0.65 0.5 0.41 0.36 0.47 0.17 0.47 0.46 0.52 0.59 1.483 0.54 0.42 0.31 0.56 0.3 0.43 0.724 0.54 1.483 0.58 0.3 0.59 0.4 0.58 0.09 0.45 0.5 0.47 0.32 0.6 0.4 0.4 0.45 0.4 0.5 0.53 0.42 0.42 0.65 0.33 0.4 1.345 0.59 0.5 0.4 0.46 0.53 0.31 0.4 0.3 0.23 0.26 0.4 0.33 0.2 0.36 0.47 0.52 0.724 0.52 0.48 0.23 0.5 0.22 0.54 0.43 0.45 0.48 0.27 0.42 0.47 1.345 1.345 1.345 0.724 1.483 0.39 0.1 0.23 0.45 1.248 0.22 0.39 0.49 0.59 0.53 0.59 0.45 0.56 0.901 0.42 0.54 0.45 0.6 1.483 0.55 0.4 0.11 0.1 0.42 0.46 0.56 0.4 0.4 0.45 0.53 0.3 0.4 1.05 0.37 0.47 0.48 0.54 1.483 1.35 0.41 0.4 0.42 0.14 0.32 0.39 0.47 0.3 0.636 0.52 0.301 0.46 0.43 0.56 0.4 0.1 0.55 0.53 0.476 0.39 0.43 0.59 0.25 0.47 0.43 1.46 0.37 0.47 0.54 0.53 0.465 0.4 0.58 0.4 0.47 0.58 0.26 0.5 0.4 0.4 0.27 0.51 0.37 0.301 0.19 0.4 1.43 0.42 0.54 0.45 0.48 0.5 0.34 1.483 1.345 0.37 0.481 0.48 1.46 0.901 0.33 0.4 0.55 0.3 1.248 0.58 0.4 0.59 0.59 0.5 0.45 0.33 0.635 0.65 0.68 0.58 0.39 0.4 0.41 0.42 0.55 0.377 0.58 0.42 0.762 0.762 0.5 0.3 0.4 0.465 0.55 0.1 0.42 1.66 0.37 0.4 0.41 0.41 0.53 0.37 0.56 0.7 0.617 0.5 0.58 0.4 0.33 0.47 0.38 0.52 0.637 0.36 1.483 0.37 0.37 1.345 0.38 0.54 0.5 0.22 0.52 0.5 0.46 0.47 0.5 0.4 0.53 0.38 0.37 0.762 0.45 0.54 0.59 0.41 0.27 0.58 0.19 0.25 0.59 0.485 0.46 0.52 0.65 0.4 0.36 0.42 0.47 0.46 0.4 0.38 0.52 0.635 0.53 0.46 0.25 0.4 0.4 0.51 0.59 0.4 0.4 0.4 0.58 0.53 0.54 0.26 0.648 0.46 0.47 0.4 0.34 0.54 0.54 0.5 1.483 0.59 0.54 0.46 1.483 0.49 0.5 0.5 0.4 0.46 0.71 0.5 0.23 0.4 0.56 0.25 1.483 0.23 0.54 0.7 0.45 0.47 0.55 0.32 0.5 0.23 0.648 0.46 0.7 0.47 0.19 0.11 0.17 0.47 0.5 0.762 0.5 0.36 1.43 0.48 0.56 1.483 1.67 0.25 1.05 1.345 0.56 0.56 0.4 0.4 0.54 1.345 0.33 0.47 0.42 0.56 0.27 0.45 0.09 0.5 0.485 0.68 0.4 0.31 0.4 1.42 0.58 0.27 0.37 0.5 0.54 0.37 0.14 1.05 0.36 0.3 0.34 0.71 0.47 0.22 0.2 0.48 0.4 0.3 0.377 1.44 0.4 0.55 0.42 0.47 1.483 0.65 0.5 1.345 0.53 1.38 1.05 1.4 0.465 0.22 0.47 0.41 0.65 0.43 0.39 0.5 1.248 0.45 1.248 0.58 0.27 0.54 0.5 0.46 0.5 0.56 0.43 0.37 0.53 0.1 0.2 0.53 0.42 0.5 0.52 0.71 0.52 0.485 0.43 0.481 0.56 0.37 0.3 0.54 0.56 0.46 0.38 0.46 0.53 0.23 0.6 1.66 0.4 0.7 0.22 0.54 0.5 0.58 0.41 0.54 0.45 0.58 0.54 0.686 0.901 0.3 1.46 0.5 0.4 0.52 0.5 0.55 0.37 0.4 0.52 0.22 0.59 0.54 0.4 0.1 0.901 0.901 0.58 0.4 0.65 0.54 0.54 0.3 0.45 0.56 0.686 0.25 0.59 0.68 0.09 0.377 0.45 0.637 0.5 0.58 0.56 1.345 1.345 1.345 0.4 0.5 0.56 0.48 0.42 0.4 0.3 0.56 0.22 0.1 0.648 0.5 0.25 0.59 0.46 0.46 0.637 1.248 0.42 0.4 0.43 0.36 0.481 0.56 0.4 0.51 1.03 0.65 0.68 0.58 0.55 0.41 0.55 0.33 0.636 0.37 0.53 0.301 0.46 0.68 0.11 0.4 0.23 0.45 0.47 1.46 0.4 0.58 0.36 0.58 0.45 0.476 0.4 0.17 0.636 0.33 0.4 0.33 0.4 0.55 0.5 0.635 0.54 0.686 0.4 0.901 0.48 0.23 0.58 0.4 0.4 0.1 0.54 0.36 0.46
Dot Production Prediction of Lab Growth Rates:
0.360237 0.584932 0.587208 0.445948 0.486423 0.408767 0.580889 0.588516 0.285989 0.46952 1.04939 0.386228 0.382698 0.368449 0.33109 0.644076 0.546284 0.326074 0.375078 0.673123 1.45149 0.433137 0.378927 0.204054 0.481196 1.466 0.380842 0.652224 0.35199 0.337753 0.402931 0.38094 0.314947 0.365583 0.468004 0.366468 0.32021 1.29594 0.480862 0.339604 0.535274 0.562707 0.327595 0.356286 0.719771 0.586173 1.291 0.470432 0.207465 0.569866 0.400796 0.457179 0.384271 1.39729 0.380642 0.323044 0.317797 0.668577 0.383746 0.386474 1.4245 0.384637 0.411609 0.559548 0.309538 0.319212 0.646637 0.44586 0.389126 1.24953 0.569599 0.494055 0.384836 0.496081 0.375441 0.524195 0.387041 0.663599 0.569099 0.394512 0.387662 0.35624 0.37766 0.332541 0.417915 0.39001 0.716136 0.329113 0.334615 0.411745 0.482264 0.473572 0.380542 0.34209 0.367855 0.291379 0.363528 0.364742 0.459621 1.31653 1.35591 1.33675 0.716164 1.28425 0.340898 1.35262 0.413182 0.358565 0.841034 0.482379 0.326605 0.369374 0.583054 0.500943 0.321146 0.402575 0.563423 0.905471 0.351893 0.56301 0.390888 0.652253 1.23494 0.57241 0.399585 0.329185 1.39011 0.316302 0.450305 0.581543 0.39954 0.386871 0.370444 0.292251 0.205335 0.384475 1.04797 0.40596 0.331514 0.300103 0.286025 1.24946 1.00519 0.387198 0.381774 0.34823 0.292093 0.349049 0.313143 0.3014 0.386462 0.715899 0.349035 0.582331 0.409144 0.335815 0.568377 0.379253 0.435541 0.569384 0.555215 0.581261 0.334678 0.425753 0.346565 0.35784 0.371553 0.352915 1.26517 0.400933 0.393548 0.352886 0.581324 0.583469 0.385664 0.357949 0.395954 0.410084 0.477543 0.537633 0.550074 0.388366 0.38305 0.298992 0.395609 0.384064 0.579756 0.309404 0.373639 1.06316 0.343788 0.568755 1.46099 0.303581 0.676793 0.303343 1.26564 1.33 0.399608 0.571969 0.320738 1.04367 0.899127 0.308253 0.386194 0.453997 0.620341 0.850802 0.49054 0.393424 0.576261 0.340536 0.792748 0.355378 0.313386 0.706695 0.619872 0.327279 0.349696 0.29419 0.387883 0.581339 0.364018 0.479067 0.57215 0.488205 0.328398 0.764978 0.757667 0.575937 0.60931 0.386672 0.579219 0.582988 0.336718 0.385014 1.37306 0.304361 0.387062 0.363006 0.349946 0.410541 0.403687 0.573464 0.85035 0.543263 0.337817 0.477739 0.402453 0.340056 0.378592 0.304389 0.369185 0.706955 0.356536 1.30871 0.397423 0.397604 1.30564 0.31055 0.374667 0.718999 0.473385 0.342407 0.573056 0.327324 0.422222 0.34103 0.400062 0.316528 0.372179 0.414824 0.769711 1.43138 0.468775 0.360115 0.577362 0.358833 0.470882 0.313824 0.310706 0.317409 0.575408 0.502513 0.374826 0.628087 0.389771 0.326328 0.298692 0.358354 0.364449 0.314582 0.372164 0.337503 0.711042 0.553714 0.302302 1.43976 0.396888 0.398604 0.406707 0.30291 0.384026 0.378727 0.376625 0.494149 0.553926 0.351134 0.439419 0.709164 0.457408 0.362833 0.373273 0.329626 0.379055 0.340068 0.36978 1.29238 0.35442 0.39841 0.338254 1.33419 0.388382 0.80286 0.327588 0.381273 0.33716 0.719214 0.338249 0.565782 0.385993 0.480422 0.892567 1.26412 0.555843 0.472107 0.847126 1.45149 0.391233 0.592325 0.323232 0.36545 0.559728 0.707631 0.309587 0.849937 0.44301 0.299246 0.347512 0.295851 0.454944 0.492414 0.78148 0.713122 0.334309 1.04917 0.331693 0.565338 1.31284 1.32326 0.362007 1.03828 1.30203 0.485909 0.559782 0.386503 0.362271 0.372783 1.33402 0.326551 0.362436 0.295084 0.5662 0.341147 1.40928 0.343611 0.727285 0.580984 0.32252 0.384104 0.523305 0.383319 1.47879 0.392679 0.564067 0.488901 0.322618 0.571701 0.387132 0.295368 1.0473 0.394153 0.626412 0.329081 0.711003 0.346029 0.408927 0.367142 0.276498 0.381342 0.641264 0.574953 1.45511 0.401224 0.468236 0.351298 0.338164 1.2426 0.647995 0.775371 1.29971 0.413156 1.18757 1.22863 1.39623 0.581337 0.479411 0.383654 0.381602 0.648639 0.398463 0.303748 0.344021 0.845133 0.333378 0.839207 0.47294 0.368911 0.37945 0.49165 0.369036 0.477689 0.490626 0.37899 0.415046 0.449434 1.61851 0.359666 0.365888 0.352572 0.751752 0.357684 0.707246 0.380633 0.571686 0.383754 0.574726 0.573152 0.415054 0.582803 0.320667 0.570544 0.477195 0.316036 0.458872 0.557085 0.574038 0.636139 1.39871 0.405584 0.858485 0.375836 0.367208 0.575064 0.490129 0.580097 0.571522 1.47673 0.475014 0.469787 0.714956 0.898863 0.52616 1.06874 0.768838 0.306184 0.39451 0.549915 0.571997 0.39451 0.378899 0.349301 0.333253 0.583974 0.583703 0.368815 1.55756 0.901296 0.910117 0.372546 0.395577 0.648155 0.375999 0.348065 0.678003 0.364226 0.47443 0.717146 0.502155 0.577233 0.328457 0.430911 0.573864 0.380355 0.702137 0.740393 0.324378 0.477152 1.31606 1.24792 1.24478 0.390454 0.478327 0.55957 0.35845 0.569008 0.384645 0.364256 0.575759 0.470268 0.866924 0.700349 0.643297 0.474237 0.331641 0.394144 0.317328 0.709228 0.839584 0.547779 0.381677 0.334922 0.357983 0.576985 0.473439 0.380751 0.374578 1.17639 0.648073 0.325805 0.31655 0.469139 0.33614 0.469206 0.416827 0.722499 0.418362 0.315689 0.575357 0.40634 0.323434 0.374341 0.383917 0.562628 0.362081 0.336932 1.05093 0.400031 0.382436 0.341631 0.47416 0.411071 0.584507 0.376377 0.386295 0.715541 0.319851 0.386436 0.48749 0.387899 0.475003 0.321625 0.708641 0.33227 0.717876 0.387754 0.792963 0.352914 0.411629 0.33597 0.373754 0.386995 1.41102 0.562472 0.370878 0.466312
Testing:
Lab Growth Rates:
0.43 0.43 0.43
Dot Production Prediction of Lab Growth Rates:
0.406563 0.398768 0.351123
Best performance so far: 
Obj: 4.6462e-310Rho: 6.5069e-314Diff: 4.6462e-310
Test:
 Lab Growth Rates:
0.43 0.43 0.43Dot Product Prediction of Growth Rate:
0.4065628 0.3987675 0.3511232