seed =  5 traits =  1 
Training: part  130 
Training: part  130 
Round  1 
 Goal of obj  0.99 
Temperature range:  0.00390625 2.5e-13 
Cycle 1Round 1
Iter 500000 pBad 0.855179 T 0.00120801 Obj 1.05354 Rho 0 GRdif 30.562 success 146298 failure 10699 obj_new 1.05354 SA_pAcc 1.05238 Delta 0.0037554 SA_r 0.788899 freedomratio 0.374202
Iter 1000000 pBad 0.804021 T 0.000373576 Obj 1.03596 Rho 0 GRdif 20.7044 success 290131 failure 26720 obj_new 1.03596 SA_pAcc 1 Delta -0.0688748 SA_r 0.982002 freedomratio 0.379288
Iter 1500000 pBad 0.714743 T 0.000115528 Obj 1.02714 Rho 0 GRdif 15.6904 success 432070 failure 46985 obj_new 1.02714 SA_pAcc 1.3469 Delta 0.00706587 SA_r 0.782432 freedomratio 0.368553
Iter 2000000 pBad 0.645361 T 3.5727e-05 Obj 1.02135 Rho 0 GRdif 12.3816 success 569208 failure 76930 obj_new 1.02135 SA_pAcc 1 Delta -0.0180779 SA_r 0.78926 freedomratio 0.36625
Iter 2500000 pBad 0.562129 T 1.10486e-05 Obj 1.01705 Rho 0 GRdif 9.90987 success 700405 failure 118705 obj_new 1.01705 SA_pAcc 1.12037 Delta -0.0554524 SA_r 0.857188 freedomratio 0.356882
Iter 3000000 pBad 0.330592 T 3.41676e-06 Obj 1.01261 Rho 0 GRdif 7.34545 success 825206 failure 173013 obj_new 1.01261 SA_pAcc 1 Delta -0.0232072 SA_r 0.0673359 freedomratio 0.345315
Iter 3500000 pBad 0.225141 T 1.05663e-06 Obj 1.01041 Rho 0 GRdif 6.06605 success 926312 failure 274353 obj_new 1.01041 SA_pAcc 0.481248 Delta -0.0205356 SA_r 0.164424 freedomratio 0.32866
Iter 4000000 pBad 0.168959 T 3.26763e-07 Obj 1.00902 Rho 0 GRdif 5.26051 success 1008436 failure 416774 obj_new 1.00902 SA_pAcc 1 Delta -0.0140379 SA_r 0.510127 freedomratio 0.310546
Iter 4500000 pBad 0.0637756 T 1.01051e-07 Obj 1.00866 Rho 0 GRdif 5.05332 success 1062139 failure 625816 obj_new 1.00866 SA_pAcc 1 Delta -0.00184296 SA_r 0.563372 freedomratio 0.267458
Iter 5000000 pBad 0.046191 T 3.12501e-08 Obj 1.00854 Rho 0 GRdif 4.98323 success 1094565 failure 892629 obj_new 1.00854 SA_pAcc 1 Delta 0.000463833 SA_r 0.0204271 freedomratio 0.239086
Iter 5500000 pBad 0.0217954 T 9.66407e-09 Obj 1.00849 Rho 0 GRdif 4.954 success 1114171 failure 1202715 obj_new 1.00849 SA_pAcc 3.64365e-150 Delta -7.93204e-05 SA_r 0.876045 freedomratio 0.217198
Iter 6000000 pBad 0.0110196 T 2.98861e-09 Obj 1.00845 Rho 0 GRdif 4.9333 success 1125387 failure 1543849 obj_new 1.00845 SA_pAcc 1.72634e-08 Delta 0.00104119 SA_r 0.351925 freedomratio 0.206921
Iter 6500000 pBad 0.0056074 T 9.24226e-10 Obj 1.00844 Rho 0 GRdif 4.92273 success 1132305 failure 1900451 obj_new 1.00844 SA_pAcc 0 Delta 0.000509936 SA_r 0.499109 freedomratio 0.199727
Iter 7000000 pBad 0.00262507 T 2.85816e-10 Obj 1.00842 Rho 0 GRdif 4.91812 success 1136720 failure 2269131 obj_new 1.00843 SA_pAcc 0 Delta -0.000136291 SA_r 0.853999 freedomratio 0.196975
Iter 7500000 pBad 0.00194568 T 8.83886e-11 Obj 1.00842 Rho 0 GRdif 4.91488 success 1139514 failure 2644861 obj_new 1.00842 SA_pAcc 0 Delta 4.1192e-05 SA_r 0.282194 freedomratio 0.19404
Iter 8000000 pBad 0.00128186 T 2.73341e-11 Obj 1.00842 Rho 0 GRdif 4.91229 success 1141673 failure 3026143 obj_new 1.00842 SA_pAcc 1.36139 Delta 2.8662e-07 SA_r 0.123591 freedomratio 0.191441
Iter 8500000 pBad 0.000295081 T 8.45306e-12 Obj 1.00842 Rho 0 GRdif 4.9119 success 1143076 failure 3411017 obj_new 1.00842 SA_pAcc 0 Delta -1.11208e-06 SA_r 0.40683 freedomratio 0.19026
Iter 9000000 pBad 0.000572823 T 2.61411e-12 Obj 1.00842 Rho 0 GRdif 4.91175 success 1144578 failure 3799055 obj_new 1.00842 SA_pAcc 0 Delta 3.97631e-05 SA_r 0.414772 freedomratio 0.186091
Iter 9500000 pBad 0.000881983 T 8.08411e-13 Obj 1.00842 Rho 0 GRdif 4.91129 success 1147938 failure 4188480 obj_new 1.00842 SA_pAcc 0 Delta 8.05952e-05 SA_r 0.10323 freedomratio 0.180308
Iter 10000000 pBad 1.17368e-21 T 2.50001e-13 Obj 1.00842 Rho 0 GRdif 4.91119 success 1151365 failure 4549193 obj_new 1.00842 SA_pAcc 1 Delta -8.75459e-23 SA_r 0.379913 freedomratio 0.171295
Cannot move further
iter 9.97523e+06 obj1.00842 rho 0 GRdif 4.91119
Training:
Lab Growth Rates:
0.4 0.42 0.45 0.59 0.377 0.43 0.42 1.43 0.38 0.4 0.53 0.38 0.56 0.56 0.46 0.45 0.23 0.27 0.55 1.345 0.4 0.47 0.4 1.483 0.37 0.32 0.49 0.1 0.25 0.68 0.58 0.47 0.11 0.56 1.05 0.46 0.41 0.47 0.31 0.47 0.51 0.43 0.637 0.762 0.54 0.37 0.4 0.46 0.1 0.26 0.4 0.42 0.53 0.56 0.45 0.55 0.4 0.45 1.248 0.53 0.43 0.55 0.46 0.23 0.3 1.67 0.48 0.19 0.3 0.724 0.48 0.56 0.7 0.34 0.48 0.54 0.48 0.26 0.5 0.636 0.3 0.33 0.686 0.46 0.52 0.45 0.53 0.59 0.36 1.248 0.58 0.45 0.39 0.32 0.09 0.22 0.37 0.53 0.901 0.4 0.45 0.37 0.36 0.5 0.648 0.5 0.6 0.45 0.6 0.4 0.1 0.46 0.37 0.53 0.1 0.33 0.47 1.345 0.65 0.56 0.55 0.59 0.52 0.42 0.68 0.5 0.42 0.54 0.42 0.27 0.09 0.27 0.5 1.248 0.3 1.483 0.4 0.1 0.47 1.248 0.33 0.54 1.483 1.44 0.56 0.58 0.7 0.52 0.52 0.65 0.4 0.5 0.55 0.3 0.39 0.4 0.33 1.483 0.25 0.465 0.59 1.05 0.42 0.48 0.37 1.345 0.49 0.56 0.3 0.481 0.4 0.53 0.55 0.46 0.54 0.46 0.17 0.19 0.5 0.686 0.36 1.483 0.4 0.46 0.39 0.5 0.52 0.5 0.43 0.54 0.22 0.58 0.5 0.481 0.53 0.485 0.5 0.47 0.25 0.65 1.49 0.54 0.5 0.5 0.41 0.2 0.56 0.54 0.6 0.43 0.54 0.43 0.33 0.22 0.4 0.45 0.39 0.23 0.51 1.05 0.37 0.45 0.46 0.31 0.2 0.09 0.46 0.11 0.4 0.52 0.648 0.901 0.465 0.54 0.5 0.5 0.4 0.42 0.33 0.4 0.37 0.23 0.3 0.56 0.53 1.46 0.38 0.22 1.345 0.1 0.45 0.54 0.49 0.42 0.4 0.635 1.46 0.5 0.14 0.5 0.4 0.3 1.42 0.4 0.4 0.17 0.4 0.39 0.54 0.46 1.38 0.54 0.485 0.59 0.54 0.5 0.47 1.483 0.5 0.47 0.4 0.42 0.59 0.54 0.54 1.345 0.53 0.724 0.54 0.65 0.42 0.7 0.47 0.58 0.4 0.41 0.25 0.37 0.59 0.485 0.301 0.48 0.58 0.33 0.36 0.4 0.4 0.25 0.45 0.45 0.45 0.762 0.762 0.54 0.47 0.4 0.4 0.46 0.47 1.67 0.4 0.901 1.483 1.345 0.47 0.45 0.65 0.46 0.724 0.17 0.39 0.637 0.901 0.43 0.5 0.52 0.22 0.4 0.58 0.55 0.41 0.37 0.55 1.05 1.05 0.58 0.22 0.68 0.68 0.34 0.5 0.59 0.47 0.377 0.27 0.4 0.5 0.33 0.4 0.59 0.46 0.4 0.65 0.4 0.7 0.377 0.476 0.58 0.59 0.56 0.58 0.46 0.617 0.42 0.37 0.71 0.5 0.58 0.4 0.47 0.47 0.53 0.301 0.54 0.59 0.1 0.481 0.2 0.27 0.42 0.43 0.41 0.53 1.66 0.5 0.58 0.4 0.301 0.4 0.23 1.345 0.42 0.43 0.58 0.58 0.3 0.465 0.36 0.56 0.55 0.42 0.762 0.52 0.476 0.476 1.35 0.4 0.54 0.4 0.46 0.47 0.38 0.5 0.4 0.53 0.14 0.37 0.59 0.4 0.23 0.56 0.59 0.59 0.54 0.5 0.4 1.345 0.36 0.4 0.4 0.68 0.54 0.65 0.25 0.5 0.65 0.48 0.5 0.48 0.3 1.483 0.5 0.43 0.59 0.52 0.4 0.26 0.54 0.34 0.4 1.46 0.53 0.54 0.25 0.48 0.55 0.3 0.36 0.58 0.4 0.41 0.4 0.37 0.4 1.4 0.47 0.4 1.46 0.6 0.56 0.43 0.54 0.65 0.4 0.52 0.901 0.635 0.46 0.56 0.46 0.648 0.52 0.3 0.55 0.58 0.37 0.5 0.53 0.637 0.36 0.58 0.22 0.686 0.636 0.43 0.4 1.483 0.11 0.47 0.58 0.58 1.248 0.58 0.23 0.47 0.42 0.46 0.37 0.47 0.41 0.56 0.25 1.345 0.59 0.54 0.5 0.4 1.03 0.45 0.485 0.4 0.56 0.36 0.45 0.33 1.345 0.901 0.5 0.41 0.42 0.4 0.47 0.52 0.5 0.4 0.54 0.636 0.3 0.71 0.46 0.19 0.32 0.45 0.4 0.4 0.1 0.27 1.66 1.345 1.483 0.3 0.23 1.483 0.55 0.22 0.56 0.37 1.43 0.71 0.23 0.4 0.42 0.38 0.47 0.635 0.54 0.31 0.45 0.51 1.483 0.1 0.47 1.345 0.41 0.58 0.5
Dot Production Prediction of Lab Growth Rates:
0.399868 0.333561 1.57465 0.371716 0.493821 0.359343 0.544131 1.35772 0.320465 0.398763 0.327992 0.374143 0.545334 0.533005 0.386979 0.373645 0.542027 0.500372 0.474303 1.13961 0.402166 0.350291 0.399525 1.09289 0.418201 0.337578 0.387217 0.407543 0.361448 0.46919 0.466455 0.344254 0.328885 0.533955 1.5409 0.455355 0.346566 0.387993 0.497771 0.33976 0.390529 0.405734 0.715027 1.44066 0.549321 0.404848 0.402164 0.343117 0.405744 0.417587 0.39853 0.520293 0.528326 0.536842 1.48166 0.554578 0.404835 0.394169 1.24785 0.532569 0.388883 0.473918 0.321549 0.539745 0.373849 1.56899 0.29915 0.332287 0.54571 0.719616 0.292349 0.541447 0.705772 0.336533 0.359013 0.358703 0.352808 0.396019 0.483514 0.716232 0.503555 0.31428 0.71686 0.361463 0.368244 0.348803 0.538328 0.547071 0.368554 1.25027 0.461794 0.36621 0.325806 0.319807 0.43535 0.475339 0.393198 0.536557 0.89829 0.403206 0.352565 0.398673 0.362649 0.552534 0.716174 0.738934 0.544628 1.54141 0.529668 0.402672 1.13231 0.453746 0.418166 0.318887 1.25266 0.363815 0.377515 1.11906 0.680791 0.481374 0.471944 0.347893 0.354668 0.343199 0.46286 0.417171 0.345537 0.328178 0.350826 0.34461 0.340901 0.376441 0.692676 1.26121 0.539495 1.07634 0.39433 1.30475 0.355221 1.24324 0.329269 0.545247 1.07 1.53584 0.46203 0.37748 0.715198 0.357196 0.388558 0.666286 0.399999 0.480666 0.46516 0.511169 0.319107 0.403841 0.31879 1.09622 1.56023 0.492684 0.326093 1.0556 0.35359 0.360693 0.410763 1.07294 0.371855 0.534387 0.451842 0.487946 0.399993 0.279496 0.549798 0.468985 0.4609 0.386906 0.32318 0.314577 0.677602 0.723416 0.35061 1.12535 0.402626 0.426211 0.306279 0.540051 0.37291 0.751126 0.373369 0.478345 0.475872 0.462814 0.388752 0.490114 0.454625 0.491574 0.345086 0.397707 0.323886 0.647466 1.57465 0.320265 0.325688 0.538513 0.395088 0.352268 0.464159 0.541084 0.544198 0.36995 0.456711 0.403553 0.446691 0.470775 0.402073 1.49207 0.330976 0.423301 0.415758 1.04504 0.4753 0.354687 0.403952 0.501075 0.365933 0.369621 0.463213 0.368575 0.39759 0.359523 0.717407 0.897301 0.491528 0.359033 0.466979 0.705423 0.403311 0.305339 0.457886 0.402376 0.423129 0.538881 0.48743 0.538012 0.537719 1.58331 0.310996 0.474111 1.13808 1.13335 0.385776 0.456075 0.368989 0.410483 0.323381 0.718055 1.05096 0.342205 0.139971 0.485824 0.402493 0.324255 1.57489 0.404178 0.399459 0.407954 0.407395 0.340607 0.380179 0.45332 1.32327 0.370508 0.4889 0.326473 0.310998 0.713892 0.376086 1.06509 0.731911 0.351553 0.400462 0.299026 0.319818 0.534342 0.539991 1.10923 0.399677 0.719503 0.383649 0.65126 0.332868 0.702029 0.36011 0.296126 0.399959 0.36949 0.447047 0.299619 0.54452 0.487964 0.494235 0.346734 0.366094 0.330895 0.336598 0.39938 0.401249 0.357215 0.325668 1.57119 0.357151 1.41603 1.46286 0.362479 0.445694 0.375881 0.402466 0.337507 0.353469 1.35621 0.395955 0.901 1.0809 1.08641 0.442005 1.51806 0.633482 0.386232 0.714833 0.312343 0.331094 0.721226 0.897636 0.357493 0.37759 0.384646 0.358067 0.400092 0.363138 0.553836 0.494633 0.421879 0.544531 1.04142 1.05019 0.462256 0.42018 0.466135 0.459239 0.336971 0.33284 0.550356 0.43445 0.491641 0.300834 0.401681 0.379939 0.369989 0.40352 0.375563 0.464437 0.40051 0.633044 0.403125 0.702838 0.494601 0.494861 0.373341 0.544597 0.537572 0.458009 0.300895 0.585522 0.518835 0.410698 0.716067 0.548728 0.483074 0.404546 0.400085 0.349071 0.536354 0.498317 0.359921 0.545258 0.846521 0.487138 0.355898 0.359088 0.319553 0.362558 0.328965 0.377677 1.66 0.324461 0.478875 0.399084 0.491961 0.404466 0.424007 1.10048 0.321195 0.366271 0.462143 0.353047 0.301779 0.488761 0.325745 0.474851 0.470679 0.33758 1.42527 0.359879 0.495083 0.492017 1.2788 0.402602 0.357251 0.401757 0.402425 0.359968 0.36488 0.696575 0.401354 0.398356 0.140355 0.420437 0.341966 0.400722 0.531629 0.537359 0.540706 0.54651 0.467131 0.659829 0.401621 1.06644 0.349226 0.394602 0.40002 0.464475 0.475733 0.682089 0.361148 0.699771 0.649735 0.293064 0.472866 0.318194 0.295442 1.09191 0.536044 0.385282 0.340891 0.344948 0.401094 0.50106 0.373899 0.311711 0.404132 1.04284 0.375139 0.539806 0.47433 0.329914 0.544135 0.300496 0.351812 0.48442 0.400517 0.495925 0.40157 0.412758 0.400701 1.4 0.42333 0.403711 1.04281 0.53573 0.47778 0.376349 0.537609 0.650007 0.398895 0.355443 0.904035 0.714292 0.467748 0.464501 0.346626 0.710866 0.362859 0.519411 0.54573 0.466594 0.405676 0.325095 0.422542 0.718102 0.403695 0.370027 0.473952 0.723528 0.719867 0.411432 0.401939 1.05428 0.355083 0.364345 0.320886 0.466577 1.2479 0.340719 0.426861 0.386882 0.343173 0.460001 0.383151 0.368731 0.37716 0.538792 0.834515 1.10575 0.333953 0.374683 0.374052 0.398467 1.31602 0.306705 0.493923 0.401764 0.530564 0.416519 1.59702 0.427558 1.0597 1.2492 0.464868 0.496714 0.343347 0.403477 0.327027 0.380156 0.346914 0.399046 0.338326 0.717819 0.356222 0.721822 0.457796 0.324521 0.342287 0.407145 0.328327 0.40473 1.481 0.369223 1.64429 1.11161 1.05787 0.524216 0.545636 1.10025 0.470437 0.39164 0.539563 0.424031 1.34241 0.709698 0.542098 0.404494 0.334656 0.307611 0.365191 0.713734 0.341561 0.49944 0.327965 0.398561 1.08948 0.307539 0.356326 1.08418 0.38375 0.484977 0.738749
Testing:
Lab Growth Rates:
0.4 0.4 0.4
Dot Production Prediction of Lab Growth Rates:
0.401783 0.4 0.401088
Best performance so far: 
Obj: 4.68567e-310Rho: 2.26291e-314Diff: 4.68567e-310
Anneal again with the best G and E so far as input
Cycle 2Round 1
Iter 500000 pBad 0.840439 T 0.00120801 Obj 1.06069 Rho 0 GRdif 34.5294 success 118285 failure 9447 obj_new 1.06069 SA_pAcc 1 Delta -0.0192157 SA_r 0.0463293 freedomratio 0.276155
Iter 1000000 pBad 0.792227 T 0.000373576 Obj 1.03571 Rho 0 GRdif 20.5597 success 233643 failure 25541 obj_new 1.03571 SA_pAcc 1 Delta 0.00509549 SA_r 0.229446 freedomratio 0.283229
Iter 1500000 pBad 0.66799 T 0.000115528 Obj 1.02703 Rho 0 GRdif 15.6311 success 346170 failure 48420 obj_new 1.02703 SA_pAcc 0.955647 Delta 0.0598382 SA_r 0.697911 freedomratio 0.278782
Iter 2000000 pBad 0.624261 T 3.5727e-05 Obj 1.02153 Rho 0 GRdif 12.4853 success 455675 failure 76871 obj_new 1.02153 SA_pAcc 1 Delta 0.0519028 SA_r 0.256936 freedomratio 0.282274
Iter 2500000 pBad 0.533001 T 1.10486e-05 Obj 1.0189 Rho 0 GRdif 10.9742 success 559700 failure 117301 obj_new 1.0189 SA_pAcc 1 Delta 0.0390683 SA_r 0.717894 freedomratio 0.280115
Iter 3000000 pBad 0.366002 T 3.41676e-06 Obj 1.01432 Rho 0 GRdif 8.33298 success 662723 failure 160927 obj_new 1.01432 SA_pAcc 0.863525 Delta 0.0267623 SA_r 0.204473 freedomratio 0.269425
Iter 3500000 pBad 0.23372 T 1.05663e-06 Obj 1.01178 Rho 0 GRdif 6.86267 success 746566 failure 245406 obj_new 1.01178 SA_pAcc 1 Delta 0.00366514 SA_r 0.0724236 freedomratio 0.263726
Iter 4000000 pBad 0.152635 T 3.26763e-07 Obj 1.01061 Rho 0 GRdif 6.22846 success 814932 failure 366423 obj_new 1.01069 SA_pAcc 2.66797e-102 Delta -0.00899533 SA_r 0.0850289 freedomratio 0.244574
Iter 4500000 pBad 0.0711951 T 1.01051e-07 Obj 1.00981 Rho 0 GRdif 5.71798 success 864116 failure 540610 obj_new 1.00981 SA_pAcc 1 Delta -0.00122445 SA_r 0.574669 freedomratio 0.216316
Iter 5000000 pBad 0.0395819 T 3.12501e-08 Obj 1.00942 Rho 0 GRdif 5.4925 success 898307 failure 767744 obj_new 1.00942 SA_pAcc 7.30732e-10 Delta -0.000508897 SA_r 0.573295 freedomratio 0.190942
Iter 5500000 pBad 0.0166675 T 9.66407e-09 Obj 1.0093 Rho 0 GRdif 5.42225 success 918231 failure 1047402 obj_new 1.0093 SA_pAcc 1 Delta -0.000470296 SA_r 0.326561 freedomratio 0.178495
Iter 6000000 pBad 0.0135897 T 2.98861e-09 Obj 1.00924 Rho 0 GRdif 5.38707 success 931908 failure 1358487 obj_new 1.00924 SA_pAcc 2.491e-05 Delta 0.000621535 SA_r 0.199901 freedomratio 0.167812
Iter 6500000 pBad 0.00879247 T 9.24226e-10 Obj 1.00921 Rho 0 GRdif 5.37013 success 941540 failure 1693009 obj_new 1.00921 SA_pAcc 0.0442362 Delta -0.000749053 SA_r 0.998599 freedomratio 0.161834
Iter 7000000 pBad 0.00399155 T 2.85816e-10 Obj 1.00919 Rho 0 GRdif 5.36161 success 949074 failure 2045450 obj_new 1.00919 SA_pAcc 3.38572e-49 Delta -0.000336308 SA_r 0.339068 freedomratio 0.15581
Iter 7500000 pBad 0.00255258 T 8.83886e-11 Obj 1.00918 Rho 0 GRdif 5.3583 success 954140 failure 2409218 obj_new 1.00919 SA_pAcc 0 Delta 0.000217775 SA_r 0.540454 freedomratio 0.153163
Iter 8000000 pBad 0.00111759 T 2.73341e-11 Obj 1.00918 Rho 0 GRdif 5.35448 success 960146 failure 2781591 obj_new 1.00918 SA_pAcc 8.16233e-16 Delta 8.5612e-05 SA_r 0.316747 freedomratio 0.146573
Iter 8500000 pBad 0.000953147 T 8.45306e-12 Obj 1.00918 Rho 0 GRdif 5.35304 success 964719 failure 3165733 obj_new 1.00918 SA_pAcc 1 Delta 1.3067e-05 SA_r 0.0475235 freedomratio 0.145735
Iter 9000000 pBad 0.000848996 T 2.61411e-12 Obj 1.00918 Rho 0 GRdif 5.35569 success 970408 failure 3560937 obj_new 1.00918 SA_pAcc 0 Delta -7.67781e-05 SA_r 0.571364 freedomratio 0.141992
Iter 9500000 pBad 0.000309436 T 8.08411e-13 Obj 1.00917 Rho 0 GRdif 5.35414 success 975533 failure 3956501 obj_new 1.00918 SA_pAcc 0 Delta -1.42263e-05 SA_r 0.417813 freedomratio 0.142579
Good enough
iter 9.99998e+06 obj1.00917 rho 0 GRdif 5.35095
Training:
Lab Growth Rates:
0.4 0.42 0.45 0.59 0.377 0.43 0.42 1.43 0.38 0.4 0.53 0.38 0.56 0.56 0.46 0.45 0.23 0.27 0.55 1.345 0.4 0.47 0.4 1.483 0.37 0.32 0.49 0.1 0.25 0.68 0.58 0.47 0.11 0.56 1.05 0.46 0.41 0.47 0.31 0.47 0.51 0.43 0.637 0.762 0.54 0.37 0.4 0.46 0.1 0.26 0.4 0.42 0.53 0.56 0.45 0.55 0.4 0.45 1.248 0.53 0.43 0.55 0.46 0.23 0.3 1.67 0.48 0.19 0.3 0.724 0.48 0.56 0.7 0.34 0.48 0.54 0.48 0.26 0.5 0.636 0.3 0.33 0.686 0.46 0.52 0.45 0.53 0.59 0.36 1.248 0.58 0.45 0.39 0.32 0.09 0.22 0.37 0.53 0.901 0.4 0.45 0.37 0.36 0.5 0.648 0.5 0.6 0.45 0.6 0.4 0.1 0.46 0.37 0.53 0.1 0.33 0.47 1.345 0.65 0.56 0.55 0.59 0.52 0.42 0.68 0.5 0.42 0.54 0.42 0.27 0.09 0.27 0.5 1.248 0.3 1.483 0.4 0.1 0.47 1.248 0.33 0.54 1.483 1.44 0.56 0.58 0.7 0.52 0.52 0.65 0.4 0.5 0.55 0.3 0.39 0.4 0.33 1.483 0.25 0.465 0.59 1.05 0.42 0.48 0.37 1.345 0.49 0.56 0.3 0.481 0.4 0.53 0.55 0.46 0.54 0.46 0.17 0.19 0.5 0.686 0.36 1.483 0.4 0.46 0.39 0.5 0.52 0.5 0.43 0.54 0.22 0.58 0.5 0.481 0.53 0.485 0.5 0.47 0.25 0.65 1.49 0.54 0.5 0.5 0.41 0.2 0.56 0.54 0.6 0.43 0.54 0.43 0.33 0.22 0.4 0.45 0.39 0.23 0.51 1.05 0.37 0.45 0.46 0.31 0.2 0.09 0.46 0.11 0.4 0.52 0.648 0.901 0.465 0.54 0.5 0.5 0.4 0.42 0.33 0.4 0.37 0.23 0.3 0.56 0.53 1.46 0.38 0.22 1.345 0.1 0.45 0.54 0.49 0.42 0.4 0.635 1.46 0.5 0.14 0.5 0.4 0.3 1.42 0.4 0.4 0.17 0.4 0.39 0.54 0.46 1.38 0.54 0.485 0.59 0.54 0.5 0.47 1.483 0.5 0.47 0.4 0.42 0.59 0.54 0.54 1.345 0.53 0.724 0.54 0.65 0.42 0.7 0.47 0.58 0.4 0.41 0.25 0.37 0.59 0.485 0.301 0.48 0.58 0.33 0.36 0.4 0.4 0.25 0.45 0.45 0.45 0.762 0.762 0.54 0.47 0.4 0.4 0.46 0.47 1.67 0.4 0.901 1.483 1.345 0.47 0.45 0.65 0.46 0.724 0.17 0.39 0.637 0.901 0.43 0.5 0.52 0.22 0.4 0.58 0.55 0.41 0.37 0.55 1.05 1.05 0.58 0.22 0.68 0.68 0.34 0.5 0.59 0.47 0.377 0.27 0.4 0.5 0.33 0.4 0.59 0.46 0.4 0.65 0.4 0.7 0.377 0.476 0.58 0.59 0.56 0.58 0.46 0.617 0.42 0.37 0.71 0.5 0.58 0.4 0.47 0.47 0.53 0.301 0.54 0.59 0.1 0.481 0.2 0.27 0.42 0.43 0.41 0.53 1.66 0.5 0.58 0.4 0.301 0.4 0.23 1.345 0.42 0.43 0.58 0.58 0.3 0.465 0.36 0.56 0.55 0.42 0.762 0.52 0.476 0.476 1.35 0.4 0.54 0.4 0.46 0.47 0.38 0.5 0.4 0.53 0.14 0.37 0.59 0.4 0.23 0.56 0.59 0.59 0.54 0.5 0.4 1.345 0.36 0.4 0.4 0.68 0.54 0.65 0.25 0.5 0.65 0.48 0.5 0.48 0.3 1.483 0.5 0.43 0.59 0.52 0.4 0.26 0.54 0.34 0.4 1.46 0.53 0.54 0.25 0.48 0.55 0.3 0.36 0.58 0.4 0.41 0.4 0.37 0.4 1.4 0.47 0.4 1.46 0.6 0.56 0.43 0.54 0.65 0.4 0.52 0.901 0.635 0.46 0.56 0.46 0.648 0.52 0.3 0.55 0.58 0.37 0.5 0.53 0.637 0.36 0.58 0.22 0.686 0.636 0.43 0.4 1.483 0.11 0.47 0.58 0.58 1.248 0.58 0.23 0.47 0.42 0.46 0.37 0.47 0.41 0.56 0.25 1.345 0.59 0.54 0.5 0.4 1.03 0.45 0.485 0.4 0.56 0.36 0.45 0.33 1.345 0.901 0.5 0.41 0.42 0.4 0.47 0.52 0.5 0.4 0.54 0.636 0.3 0.71 0.46 0.19 0.32 0.45 0.4 0.4 0.1 0.27 1.66 1.345 1.483 0.3 0.23 1.483 0.55 0.22 0.56 0.37 1.43 0.71 0.23 0.4 0.42 0.38 0.47 0.635 0.54 0.31 0.45 0.51 1.483 0.1 0.47 1.345 0.41 0.58 0.5
Dot Production Prediction of Lab Growth Rates:
0.397269 0.291003 1.46348 0.372459 0.635888 0.340096 0.565369 1.10421 0.26814 0.392471 0.30213 0.389405 0.547233 0.550267 0.392149 0.389269 0.559612 0.568084 0.497041 1.36546 0.392733 0.314917 0.397397 1.28572 0.406237 0.315015 0.400708 0.416239 0.345888 0.314258 0.460882 0.351805 0.310011 0.543566 1.34942 0.444203 0.328542 0.420111 0.568613 0.350617 0.387882 0.397427 0.68908 1.45809 0.552047 0.409484 0.403331 0.332084 0.406773 0.442996 0.389209 0.537543 0.525589 0.52481 1.40181 0.551773 0.398657 0.400131 1.23199 0.543128 0.395161 0.510704 0.2982 0.542238 0.386601 1.47986 0.277434 0.322615 0.653388 0.702654 0.271249 0.550433 0.763789 0.333359 0.32675 0.334505 0.35995 0.374441 0.489694 0.702959 0.5738 0.281555 0.693133 0.326017 0.367497 0.341036 0.542886 0.548804 0.355928 1.23681 0.457428 0.346621 0.291717 0.309077 0.442521 0.492081 0.378076 0.521139 0.884317 0.400652 0.377537 0.407908 0.348827 0.569064 0.688078 0.819764 0.643166 1.433 0.609192 0.398383 1.50973 0.501362 0.411689 0.3075 1.70289 0.367463 0.368992 1.33532 0.649041 0.482243 0.502146 0.324226 0.342817 0.346518 0.308402 0.440958 0.315428 0.323792 0.343983 0.330741 0.334786 0.375365 0.680012 1.25434 0.633586 1.26925 0.382794 1.66983 0.309475 1.22857 0.317365 0.5644 1.2941 1.45376 0.465393 0.382527 0.767233 0.326288 0.396151 0.627118 0.389028 0.485541 0.492942 0.583045 0.332514 0.399251 0.307799 1.32736 1.46627 0.621835 0.315416 1.07895 0.338194 0.317 0.400453 1.31191 0.390121 0.534805 0.467635 0.62402 0.398333 0.263665 0.544345 0.480272 0.4848 0.375898 0.308394 0.274656 0.691821 0.691924 0.347439 1.35949 0.3955 0.452036 0.309155 0.561482 0.369868 0.789908 0.378674 0.495986 0.488474 0.469259 0.419259 0.623186 0.493464 0.623407 0.326915 0.381022 0.300979 0.643145 1.46348 0.324589 0.331166 0.530438 0.398375 0.345602 0.465624 0.527168 0.642907 0.366913 0.489819 0.413951 0.498777 0.484967 0.392786 1.42644 0.314618 0.422304 0.428988 1.04387 0.5179 0.375748 0.393624 0.595899 0.352312 0.371314 0.506521 0.375417 0.385256 0.361494 0.685546 0.89314 0.620922 0.389493 0.470545 0.744144 0.396141 0.262252 0.503452 0.39636 0.417798 0.53451 0.53754 0.527716 0.519478 1.40078 0.281107 0.485346 1.37817 1.49384 0.365091 0.481762 0.377195 0.41582 0.292656 0.694916 1.07608 0.333333 0.320827 0.490089 0.394535 0.306868 1.49161 0.398626 0.391975 0.417949 0.402907 0.339875 0.395629 0.507388 1.26901 0.382443 0.633438 0.325421 0.247617 0.745048 0.33882 1.31729 0.770214 0.36629 0.39917 0.263041 0.310204 0.537598 0.533305 1.32551 0.436769 0.69799 0.368546 0.640243 0.326201 0.757684 0.363421 0.271208 0.389797 0.365698 0.475291 0.26914 0.536611 0.635002 0.654787 0.3535 0.331735 0.313123 0.310935 0.387609 0.400727 0.337743 0.31516 1.47616 0.372023 1.44175 1.47895 0.343361 0.427759 0.355338 0.396567 0.349218 0.381845 1.33025 0.383233 0.893028 1.29727 1.31217 0.442726 1.43278 0.635815 0.410353 0.695063 0.269429 0.31951 0.698432 0.886899 0.356867 0.327012 0.39118 0.327961 0.390655 0.390075 0.557363 0.648094 0.417844 0.535962 1.0284 1.08159 0.469258 0.452142 0.313598 0.308455 0.320405 0.299907 0.541151 0.433578 0.623542 0.272563 0.391395 0.374721 0.3813 0.395249 0.390046 0.456378 0.396578 0.617203 0.397903 0.757859 0.632694 0.627938 0.373295 0.539688 0.544256 0.447272 0.291208 0.60778 0.542598 0.404344 0.693209 0.537949 0.482886 0.397643 0.413424 0.345196 0.527299 0.661851 0.341139 0.556348 0.957057 0.618137 0.359781 0.347347 0.278124 0.36189 0.315947 0.379659 1.49206 0.301598 0.491986 0.386332 0.646462 0.396413 0.423831 1.286 0.306631 0.373809 0.466709 0.348624 0.255581 0.618304 0.305335 0.473575 0.499303 0.318599 1.448 0.362388 0.633123 0.624165 1.08125 0.395835 0.339535 0.398813 0.395442 0.325413 0.370918 0.735652 0.39529 0.429984 0.315085 0.409341 0.304349 0.391906 0.550778 0.534456 0.532721 0.548115 0.479301 0.668439 0.392518 1.30711 0.32548 0.381348 0.387925 0.313893 0.478901 0.643003 0.33677 0.7304 0.646065 0.278412 0.474645 0.271318 0.249998 1.25618 0.528984 0.375651 0.333597 0.353168 0.400048 0.554973 0.387736 0.264344 0.396882 1.04308 0.372469 0.523418 0.527829 0.320771 0.545155 0.25367 0.334037 0.488374 0.392132 0.649328 0.392289 0.401347 0.393878 1.38592 0.448936 0.397783 1.05692 0.629738 0.48024 0.37246 0.548153 0.647886 0.396225 0.354036 0.898647 0.692361 0.456209 0.467208 0.333959 0.681636 0.354124 0.609023 0.537369 0.463105 0.412937 0.313041 0.446565 0.692304 0.440798 0.388124 0.486016 0.694442 0.702178 0.431027 0.394722 1.30512 0.333545 0.391 0.291115 0.462857 1.23836 0.334621 0.42275 0.404333 0.321563 0.455421 0.393711 0.349151 0.340749 0.541695 0.972831 1.3125 0.298822 0.386686 0.358978 0.393864 1.2584 0.297669 0.628667 0.392382 0.538209 0.445762 1.47152 0.469994 1.32272 1.27771 0.470255 0.647926 0.335865 0.397989 0.291549 0.389048 0.356088 0.386955 0.324065 0.693389 0.358638 0.699847 0.458466 0.311909 0.324989 0.425056 0.299506 0.399499 1.40009 0.351888 1.49181 1.34019 1.27763 0.624775 0.539613 1.28637 0.502564 0.394498 0.544821 0.41682 1.10641 0.68731 0.544061 0.396391 0.334594 0.289923 0.372555 0.692027 0.338722 0.56693 0.334218 0.425229 1.33176 0.333888 0.332494 1.30623 0.412075 0.487168 0.786797
Testing:
Lab Growth Rates:
0.4 0.4 0.4
Dot Production Prediction of Lab Growth Rates:
0.403051 0.394739 0.398685
Best performance so far: 
Obj: 4.68567e-310Rho: 2.122e-314Diff: 4.68567e-310
Test:
 Lab Growth Rates:
0.4 0.4 0.4Dot Product Prediction of Growth Rate:
0.4030507 0.3947387 0.3986854