seed =  5 traits =  1 
Training: part  205 
Training: part  205 
Round  1 
 Goal of obj  0.99 
Temperature range:  0.00390625 1e-13 
Cycle 1Round 1
Iter 500000 pBad 0.825515 T 0.00115391 Obj 1.06248 Rho 0 GRdif 35.5157 success 146060 failure 10821 obj_new 1.06248 SA_pAcc 0.864826 Delta 0.0484328 SA_r 0.793927 freedomratio 0.367859
Iter 1000000 pBad 0.82175 T 0.000340867 Obj 1.02999 Rho 0 GRdif 17.313 success 289719 failure 27337 obj_new 1.02999 SA_pAcc 1 Delta 0.03528 SA_r 0.388947 freedomratio 0.370651
Iter 1500000 pBad 0.699036 T 0.000100692 Obj 1.02669 Rho 0 GRdif 15.4351 success 430385 failure 50233 obj_new 1.02669 SA_pAcc 1 Delta -0.0302679 SA_r 0.694893 freedomratio 0.366479
Iter 2000000 pBad 0.595604 T 2.97447e-05 Obj 1.02048 Rho 0 GRdif 11.8799 success 569180 failure 77607 obj_new 1.02048 SA_pAcc 1 Delta 0.0337017 SA_r 0.29733 freedomratio 0.359289
Iter 2500000 pBad 0.503483 T 8.7866e-06 Obj 1.01714 Rho 0 GRdif 9.95821 success 700655 failure 117853 obj_new 1.01714 SA_pAcc 1 Delta 0.045552 SA_r 0.0848693 freedomratio 0.355367
Iter 3000000 pBad 0.327395 T 2.59557e-06 Obj 1.01225 Rho 0 GRdif 7.14097 success 815266 failure 192128 obj_new 1.01226 SA_pAcc 0.0436687 Delta 0.0285293 SA_r 0.154983 freedomratio 0.346951
Iter 3500000 pBad 0.257133 T 7.66735e-07 Obj 1.01019 Rho 0 GRdif 5.94199 success 917168 failure 292781 obj_new 1.01019 SA_pAcc 0.2867 Delta 0.0247261 SA_r 0.0546088 freedomratio 0.331448
Iter 4000000 pBad 0.135203 T 2.26494e-07 Obj 1.00919 Rho 0 GRdif 5.36357 success 996640 failure 442774 obj_new 1.00919 SA_pAcc 0.0588949 Delta 0.0045503 SA_r 0.119074 freedomratio 0.302842
Iter 4500000 pBad 0.0462288 T 6.69066e-08 Obj 1.00859 Rho 0 GRdif 5.01487 success 1046960 failure 662770 obj_new 1.00859 SA_pAcc 1 Delta 0.000654033 SA_r 0.479963 freedomratio 0.257243
Iter 5000000 pBad 0.0193132 T 1.97643e-08 Obj 1.00843 Rho 0 GRdif 4.92125 success 1073597 failure 951443 obj_new 1.00843 SA_pAcc 9.44397e-18 Delta -0.00077903 SA_r 0.412574 freedomratio 0.219887
Iter 5500000 pBad 0.00615417 T 5.83839e-09 Obj 1.0084 Rho 0 GRdif 4.90025 success 1086395 failure 1283120 obj_new 1.0084 SA_pAcc 4.87956e-97 Delta -0.000303558 SA_r 0.980707 freedomratio 0.213246
Iter 6000000 pBad 0.0100037 T 1.72467e-09 Obj 1.00838 Rho 0 GRdif 4.89303 success 1093823 failure 1634137 obj_new 1.00838 SA_pAcc 1.83946e-08 Delta -0.000537867 SA_r 0.816182 freedomratio 0.205398
Iter 6500000 pBad 0.00321386 T 5.09468e-10 Obj 1.00838 Rho 0 GRdif 4.88894 success 1097882 failure 1995085 obj_new 1.00838 SA_pAcc 1 Delta -0.000215913 SA_r 0.765726 freedomratio 0.20326
Iter 7000000 pBad 0.000598518 T 1.50497e-10 Obj 1.00838 Rho 0 GRdif 4.88754 success 1100262 failure 2361380 obj_new 1.00838 SA_pAcc 0 Delta 4.72165e-05 SA_r 0.819718 freedomratio 0.202208
Iter 7500000 pBad 0.000798388 T 4.44571e-11 Obj 1.00837 Rho 0 GRdif 4.88569 success 1101887 failure 2730381 obj_new 1.00837 SA_pAcc 1 Delta -3.43031e-05 SA_r 0.24414 freedomratio 0.201375
Iter 8000000 pBad 0.000230098 T 1.31327e-11 Obj 1.00837 Rho 0 GRdif 4.88653 success 1103012 failure 3100837 obj_new 1.00837 SA_pAcc 0 Delta -6.35427e-06 SA_r 0.49652 freedomratio 0.201791
Iter 8500000 pBad 0.000477048 T 3.8794e-12 Obj 1.00837 Rho 0 GRdif 4.88455 success 1104107 failure 3471822 obj_new 1.00837 SA_pAcc 0 Delta -2.05384e-05 SA_r 0.818335 freedomratio 0.200891
Iter 9000000 pBad 1.03749e-11 T 1.14598e-12 Obj 1.00837 Rho 0 GRdif 4.88436 success 1111190 failure 3807434 obj_new 1.00837 SA_pAcc 1 Delta 5.63574e-13 SA_r 0.517036 freedomratio 0.186565
Iter 9500000 pBad 9.8038e-39 T 3.38524e-13 Obj 1.00837 Rho 0 GRdif 4.88944 success 1111251 failure 4086342 obj_new 1.00838 SA_pAcc 0 Delta -8.63039e-41 SA_r 0.919606 freedomratio 0.186209
Iter 10000000 pBad 5.94104e-171 T 1e-13 Obj 1.00837 Rho 0 GRdif 4.88436 success 1111251 failure 4367712 obj_new 1.00837 SA_pAcc 0 Delta 9.57917e-173 SA_r 0.933099 freedomratio 0.163962
Cannot move further
iter 9.05639e+06 obj1.00837 rho 0 GRdif 4.88436
Training:
Lab Growth Rates:
0.59 0.48 0.47 0.46 0.5 0.686 1.483 0.47 1.345 0.58 0.4 0.56 0.55 0.27 0.724 0.27 0.59 0.43 0.46 0.45 0.53 0.22 0.5 0.55 0.37 1.483 0.56 0.53 0.47 0.5 0.3 0.58 0.56 0.1 0.47 0.37 0.41 0.42 0.1 0.49 0.7 0.5 1.248 0.45 0.1 0.59 0.33 0.4 0.4 0.45 0.54 0.58 0.48 0.5 0.48 0.58 0.42 0.43 0.476 0.46 1.345 0.59 0.47 1.345 0.4 1.483 0.5 0.5 1.483 0.59 0.37 0.68 0.23 0.58 0.33 1.05 0.3 0.58 0.26 0.52 0.4 0.58 0.1 0.686 0.23 0.5 0.46 0.47 0.25 0.58 0.54 0.47 0.36 0.476 0.5 0.37 0.4 0.27 0.65 0.71 0.23 1.248 0.4 0.54 0.4 0.377 0.25 0.4 0.4 0.46 0.4 0.41 1.345 0.68 0.68 1.483 0.36 1.345 0.4 0.65 1.345 0.41 0.38 0.47 0.4 1.49 0.59 0.58 0.6 0.3 0.485 0.65 0.19 0.3 0.17 0.5 1.43 0.56 0.36 0.485 0.47 0.59 0.19 1.483 0.68 0.27 0.39 0.4 0.46 0.5 0.54 0.485 0.5 0.53 0.59 0.59 0.5 0.09 1.248 0.4 0.42 0.617 0.49 0.43 1.46 0.56 0.36 0.47 0.33 0.25 0.45 0.54 0.53 0.4 0.46 0.4 0.56 0.4 0.52 1.345 0.11 0.36 1.05 0.33 0.377 0.56 0.3 0.54 0.56 0.52 0.31 0.5 0.4 0.4 0.37 0.58 0.65 0.37 0.25 0.3 0.7 0.476 0.4 0.4 1.345 0.37 0.4 0.54 0.54 0.43 0.52 0.23 0.25 0.65 0.59 0.09 0.4 0.54 0.55 0.53 0.42 0.5 0.45 0.56 0.59 0.58 0.637 0.3 0.23 0.55 0.65 0.22 0.59 0.54 0.55 0.58 0.686 0.4 0.4 0.58 0.481 0.58 0.636 0.22 0.19 0.4 0.4 0.36 0.45 0.3 0.56 0.46 0.54 0.45 0.14 0.4 0.53 0.4 0.4 0.46 0.58 0.4 0.11 0.55 0.46 0.2 0.53 0.4 0.901 0.51 0.56 1.46 0.59 0.65 0.45 0.42 0.46 0.54 0.43 0.1 0.5 0.33 0.54 0.54 1.67 0.71 0.648 0.4 0.17 0.481 0.36 0.46 0.33 0.48 0.4 0.43 0.47 0.34 0.46 0.27 0.4 0.42 0.38 0.45 0.2 0.7 0.34 0.45 0.23 0.5 0.54 0.23 0.45 0.635 0.54 1.483 0.41 0.1 0.53 0.4 0.5 1.03 0.22 1.345 0.65 1.05 1.483 0.42 0.5 0.58 0.43 0.48 0.11 0.43 0.42 0.37 0.53 0.37 1.67 0.762 0.54 0.56 1.483 0.4 0.58 0.4 0.4 0.45 0.23 0.301 0.5 0.59 0.4 0.42 0.3 0.7 0.48 0.48 1.66 1.05 1.483 0.4 0.4 0.54 0.53 0.55 1.46 0.5 0.36 0.52 0.4 0.481 0.2 0.4 0.09 0.37 0.465 0.47 0.37 0.5 0.5 0.26 0.42 0.4 0.34 0.47 0.52 0.71 0.636 0.32 0.17 0.59 0.25 0.42 0.22 0.41 0.27 0.3 0.33 0.53 0.55 0.46 0.43 0.45 0.4 0.47 0.26 0.41 1.42 0.55 0.43 0.54 0.465 0.3 0.56 0.637 0.5 0.301 0.636 0.5 0.4 0.6 1.66 0.48 0.42 0.42 0.46 0.54 0.56 0.901 0.55 0.42 1.35 0.52 0.52 0.58 0.65 0.41 0.22 0.4 0.3 0.4 0.31 0.47 0.485 0.901 0.43 0.47 0.5 0.4 0.49 0.54 0.4 0.59 0.48 0.901 0.5 0.33 0.54 0.5 0.55 0.39 0.22 0.33 0.37 0.42 0.54 1.483 0.46 0.32 0.53 0.53 0.4 0.45 0.52 1.345 0.58 0.6 0.54 0.39 0.5 0.45 0.5 0.45 0.22 0.51 0.724 0.47 0.47 0.4 0.47 0.55 0.762 0.4 0.56 0.54 0.53 0.53 0.52 1.43 0.47 0.377 0.47 0.32 0.23 1.44 0.46 0.37 0.39 0.4 0.3 1.46 1.345 0.762 0.4 0.25 0.56 0.39 0.54 0.39 0.762 0.46 0.635 0.56 1.248 0.648 0.38 0.47 1.38 0.724 0.5 0.54 0.45 0.5 0.36 0.14 0.51 0.41 0.43 1.4 0.46 0.52 0.4 0.648 0.47 0.6 0.301 1.483 0.42 0.37 1.345 0.68 0.52 0.46 1.248 0.56 0.58 0.901 0.45 0.5 0.31 0.465 0.1 0.25 0.4 0.635 0.1 0.58 0.637 0.46 0.1 0.901 0.4 0.54 0.4 0.42 0.45 0.41 0.4 0.42 0.5 0.3 0.37 0.47 1.05 0.4
Dot Production Prediction of Lab Growth Rates:
0.303541 0.314279 0.356316 0.406373 0.775128 0.689595 1.26065 0.352775 1.33527 0.273967 0.402979 0.541168 0.495631 0.271139 0.688451 0.381896 0.539487 0.363504 0.393341 0.319403 0.530005 0.432127 0.763552 0.562981 0.405971 1.28164 0.542903 0.417407 0.408784 0.307559 0.298747 0.300793 0.467296 1.6352 0.338218 0.415691 0.345103 0.373422 1.69432 0.378031 0.710951 0.70022 1.1575 1.65497 1.5492 0.541806 0.45728 0.405424 0.412284 1.60567 0.539122 0.470455 0.347954 0.563714 0.314244 0.464054 0.364324 0.413798 0.483517 0.444438 1.22683 0.54742 0.451571 1.25391 0.414025 1.2998 0.493131 0.495096 1.21734 0.373564 0.406985 0.406522 0.549792 0.337876 0.493515 1.05135 0.294738 0.488137 0.437625 0.383096 0.391585 0.348876 0.419926 0.689146 0.415312 0.310887 0.455096 0.360224 0.470126 0.48806 0.481539 0.437661 0.338827 0.489321 0.526348 0.406805 0.412661 0.328819 0.652283 0.680195 0.415869 1.16497 0.403522 0.268095 0.35532 0.490334 0.346473 0.392056 0.402218 0.394574 0.415296 0.493872 1.28774 0.397653 0.40188 1.26125 0.314812 1.27348 0.420574 0.656033 1.22686 0.344266 0.301677 0.380805 0.406073 1.65497 0.551148 0.468995 0.575867 0.30551 0.481872 0.630849 0.312296 0.595822 0.309669 0.540804 1.38568 0.490786 0.366066 0.479304 0.342773 0.560561 0.313421 1.29896 0.406072 0.582792 0.301434 0.408748 0.329443 0.549028 0.365929 0.483636 0.334346 0.386556 0.300207 0.327541 0.764513 0.454758 1.18466 0.403694 0.550467 0.666829 0.403177 0.385625 1.55675 0.481396 0.427048 0.365591 0.335745 0.916475 0.389713 0.347556 0.392612 0.404172 0.345708 0.410908 0.539923 0.401229 0.356825 1.26445 0.379769 0.360268 1.05 0.324183 0.493927 0.53467 0.555515 0.487532 0.467314 0.343743 0.539519 0.528914 0.403597 0.399758 0.4071 0.389217 0.626518 0.406918 0.28838 0.544562 0.71509 0.489321 0.410982 0.408826 1.25497 0.402368 0.404694 0.469511 0.535248 0.370717 0.358404 0.536116 0.490083 0.650015 0.302148 0.395049 0.412568 0.555669 0.48191 0.547001 0.342319 0.405329 0.351103 0.539833 0.351154 0.354471 0.682302 0.469183 0.539867 0.540534 0.650002 0.489069 0.551875 0.538888 0.48394 0.49283 0.689502 0.413689 0.397596 0.467166 0.477389 0.363581 0.688596 0.489529 0.310921 0.395014 0.411993 0.349557 0.388274 0.586094 0.538935 0.444913 0.479443 0.370697 0.299188 0.413994 0.530739 0.410784 0.394378 0.360451 0.464659 0.285804 0.324736 0.56415 0.464835 0.333796 0.542417 0.414847 1.12654 0.427539 0.46978 1.02487 0.317149 0.640175 1.60179 0.342198 0.460051 0.340007 0.374441 1.45726 0.363278 0.483154 0.327538 0.374877 1.39916 0.698945 0.684742 0.413636 0.424653 0.479934 0.415763 0.357511 0.340997 0.345777 0.410079 0.396355 0.460395 0.339386 0.513584 0.365325 0.410881 0.34544 0.351295 0.417634 0.358086 0.710546 0.336309 1.61633 0.550607 0.342758 0.469896 0.541619 0.279789 0.688067 0.400127 1.24505 0.383663 0.435168 0.307334 0.411174 0.717997 1.36836 0.398354 1.26577 0.656987 1.53331 1.21933 0.5389 0.798896 0.468071 0.404087 0.355634 0.361314 0.432314 0.337691 0.422694 0.52796 0.403924 1.7005 1.2628 0.562006 0.540866 1.20251 0.401852 0.498471 0.417138 0.406873 1.68891 0.545654 0.505596 0.790476 0.301334 0.401831 0.326352 0.368453 0.724563 0.268326 0.360744 1.66 1.02477 1.21005 0.410857 0.392151 0.354193 0.313287 0.54581 1.01753 0.773393 0.321138 0.407277 0.415239 0.474832 0.359664 0.413128 0.337643 0.411822 0.477589 0.305879 0.415937 0.720756 0.475529 0.35698 0.296073 0.394905 0.305659 0.388308 0.363329 0.68979 0.683006 0.296412 0.303918 0.540045 1.64035 0.289014 0.489613 0.492306 0.358742 0.305316 0.305736 0.533352 0.490264 0.419635 0.35094 0.292366 0.395466 0.384003 0.530949 0.491306 1.6379 0.487976 0.342166 0.347179 0.482378 0.559702 0.541278 0.687223 0.765257 0.50183 0.695555 0.369943 0.411227 0.568295 1.66 0.271145 0.365583 0.356618 0.462158 0.554007 0.495436 0.895819 0.550826 0.275224 1.30945 0.373147 0.358481 0.364091 0.646153 0.397644 0.490266 0.402532 0.575294 0.413613 0.534164 0.361231 0.483799 0.901981 0.384503 0.348885 0.325177 0.414229 0.363956 0.470743 0.410905 0.324757 0.272535 0.903814 0.475958 0.356934 0.36125 0.692183 0.473827 0.339645 0.487847 0.356598 0.408976 0.331384 0.536292 1.23631 0.499416 0.320323 0.250344 0.451971 0.40532 0.366272 0.357019 1.33524 0.388135 0.566907 0.331544 0.287599 0.475371 0.413478 0.496783 1.72152 0.349748 0.396524 0.689888 0.447485 0.368062 0.41203 0.352045 0.55614 1.23324 0.402927 0.548707 0.39583 0.358578 0.492084 0.387964 1.39506 0.405221 0.492025 0.448988 0.349409 0.417056 1.60059 0.295636 0.520727 0.305684 0.400641 0.345551 1.02654 1.29604 1.27049 0.399505 0.352653 0.542968 0.302965 0.368776 0.314115 1.2539 0.493472 0.684144 0.52892 1.15929 0.67995 0.368693 0.36006 1.37311 0.694876 0.358623 0.362885 0.35365 0.345 0.336694 0.306661 0.394103 0.377849 0.357857 1.39666 0.351851 0.415486 0.408241 0.688934 0.379935 0.595636 0.501828 1.25258 0.386828 0.450554 1.26007 0.40383 0.338413 0.485692 1.17008 0.542207 0.445383 0.900592 0.409304 0.330873 0.559195 0.48278 0.308156 0.356644 0.409897 0.681863 0.935125 0.471246 0.679435 0.406889 1.44995 0.901 0.413074 0.373306 0.41373 0.558855 1.60795 0.344916 0.301981 0.318464 0.330935 0.526659 0.385201 0.403163 1.04999 0.390588
Testing:
Lab Growth Rates:
0.37 0.38 0.38
Dot Production Prediction of Lab Growth Rates:
0.264727 0.269301 0.271171
Best performance so far: 
Obj: 4.67849e-310Rho: 2.26291e-314Diff: 4.67849e-310
Anneal again with the best G and E so far as input
Cycle 2Round 1
Iter 500000 pBad 0.808614 T 0.00115391 Obj 1.05607 Rho 0 GRdif 31.969 success 108541 failure 10262 obj_new 1.05607 SA_pAcc 1 Delta -0.0508317 SA_r 0.771731 freedomratio 0.261374
Iter 1000000 pBad 0.715 T 0.000340867 Obj 1.03931 Rho 0 GRdif 22.5971 success 213696 failure 28699 obj_new 1.03931 SA_pAcc 1.0916 Delta -0.0134916 SA_r 0.403526 freedomratio 0.258264
Iter 1500000 pBad 0.654689 T 0.000100692 Obj 1.02691 Rho 0 GRdif 15.558 success 316664 failure 54199 obj_new 1.02691 SA_pAcc 1 Delta 0.0460578 SA_r 0.161081 freedomratio 0.258377
Iter 2000000 pBad 0.530769 T 2.97447e-05 Obj 1.02158 Rho 0 GRdif 12.5101 success 417387 failure 85050 obj_new 1.02158 SA_pAcc 1 Delta -0.0200349 SA_r 0.386757 freedomratio 0.254783
Iter 2500000 pBad 0.40797 T 8.7866e-06 Obj 1.01767 Rho 0 GRdif 10.2655 success 515449 failure 121521 obj_new 1.01767 SA_pAcc 1.00073 Delta -0.000581787 SA_r 0.278142 freedomratio 0.25368
Iter 3000000 pBad 0.305536 T 2.59557e-06 Obj 1.01498 Rho 0 GRdif 8.71523 success 602148 failure 180018 obj_new 1.01498 SA_pAcc 0.927937 Delta -0.0122411 SA_r 0.183369 freedomratio 0.24437
Iter 3500000 pBad 0.224493 T 7.66735e-07 Obj 1.01104 Rho 0 GRdif 6.43635 success 673558 failure 278823 obj_new 1.01104 SA_pAcc 1 Delta 0.00522564 SA_r 0.837596 freedomratio 0.233002
Iter 4000000 pBad 0.119499 T 2.26494e-07 Obj 1.01003 Rho 0 GRdif 5.85118 success 731279 failure 409101 obj_new 1.01003 SA_pAcc 0.00386199 Delta -0.000503859 SA_r 0.349321 freedomratio 0.217682
Iter 4500000 pBad 0.0782733 T 6.69066e-08 Obj 1.00932 Rho 0 GRdif 5.4337 success 775318 failure 586703 obj_new 1.00932 SA_pAcc 5.07799 Delta 0.00715053 SA_r 0.656465 freedomratio 0.195203
Iter 5000000 pBad 0.0401532 T 1.97643e-08 Obj 1.009 Rho 0 GRdif 5.25334 success 804259 failure 820572 obj_new 1.00901 SA_pAcc 0.0159941 Delta -0.00237119 SA_r 0.0671767 freedomratio 0.175292
Iter 5500000 pBad 0.0151419 T 5.83839e-09 Obj 1.00889 Rho 0 GRdif 5.18753 success 821053 failure 1105960 obj_new 1.00889 SA_pAcc 8.44113e-34 Delta 0.000988211 SA_r 0.445237 freedomratio 0.160989
Iter 6000000 pBad 0.0136075 T 1.72467e-09 Obj 1.00885 Rho 0 GRdif 5.16286 success 832675 failure 1419782 obj_new 1.00885 SA_pAcc 0 Delta -0.00103211 SA_r 0.967107 freedomratio 0.154699
Iter 6500000 pBad 0.00614184 T 5.09468e-10 Obj 1.00883 Rho 0 GRdif 5.15132 success 840094 failure 1757389 obj_new 1.00883 SA_pAcc 4.73918e-56 Delta 0.000365221 SA_r 0.954347 freedomratio 0.148392
Iter 7000000 pBad 0.00366424 T 1.50497e-10 Obj 1.00882 Rho 0 GRdif 5.14483 success 846421 failure 2112110 obj_new 1.00882 SA_pAcc 1 Delta -0.000362173 SA_r 0.973154 freedomratio 0.141854
Iter 7500000 pBad 0.00143113 T 4.44571e-11 Obj 1.00881 Rho 0 GRdif 5.14171 success 850309 failure 2483059 obj_new 1.00881 SA_pAcc 0 Delta 6.77993e-05 SA_r 0.00489981 freedomratio 0.139192
Iter 8000000 pBad 0.00190279 T 1.31327e-11 Obj 1.00881 Rho 0 GRdif 5.14114 success 853958 failure 2861169 obj_new 1.00881 SA_pAcc 0 Delta -9.98932e-05 SA_r 0.934869 freedomratio 0.137591
Iter 8500000 pBad 0.000421412 T 3.8794e-12 Obj 1.00881 Rho 0 GRdif 5.1465 success 858083 failure 3244772 obj_new 1.00882 SA_pAcc 0 Delta -4.01059e-05 SA_r 0.104922 freedomratio 0.134527
Iter 9000000 pBad 0.000760889 T 1.14598e-12 Obj 1.00881 Rho 0 GRdif 5.13848 success 863466 failure 3638241 obj_new 1.00881 SA_pAcc 1 Delta 5.2321e-05 SA_r 0.164163 freedomratio 0.130629
Iter 9500000 pBad 5.19514e-05 T 3.38524e-13 Obj 1.00881 Rho 0 GRdif 5.13833 success 869617 failure 4039455 obj_new 1.00881 SA_pAcc 0 Delta -1.19503e-06 SA_r 0.943038 freedomratio 0.127641
Good enough
iter 9.75032e+06 obj1.00881 rho 0 GRdif 5.13772
Training:
Lab Growth Rates:
0.59 0.48 0.47 0.46 0.5 0.686 1.483 0.47 1.345 0.58 0.4 0.56 0.55 0.27 0.724 0.27 0.59 0.43 0.46 0.45 0.53 0.22 0.5 0.55 0.37 1.483 0.56 0.53 0.47 0.5 0.3 0.58 0.56 0.1 0.47 0.37 0.41 0.42 0.1 0.49 0.7 0.5 1.248 0.45 0.1 0.59 0.33 0.4 0.4 0.45 0.54 0.58 0.48 0.5 0.48 0.58 0.42 0.43 0.476 0.46 1.345 0.59 0.47 1.345 0.4 1.483 0.5 0.5 1.483 0.59 0.37 0.68 0.23 0.58 0.33 1.05 0.3 0.58 0.26 0.52 0.4 0.58 0.1 0.686 0.23 0.5 0.46 0.47 0.25 0.58 0.54 0.47 0.36 0.476 0.5 0.37 0.4 0.27 0.65 0.71 0.23 1.248 0.4 0.54 0.4 0.377 0.25 0.4 0.4 0.46 0.4 0.41 1.345 0.68 0.68 1.483 0.36 1.345 0.4 0.65 1.345 0.41 0.38 0.47 0.4 1.49 0.59 0.58 0.6 0.3 0.485 0.65 0.19 0.3 0.17 0.5 1.43 0.56 0.36 0.485 0.47 0.59 0.19 1.483 0.68 0.27 0.39 0.4 0.46 0.5 0.54 0.485 0.5 0.53 0.59 0.59 0.5 0.09 1.248 0.4 0.42 0.617 0.49 0.43 1.46 0.56 0.36 0.47 0.33 0.25 0.45 0.54 0.53 0.4 0.46 0.4 0.56 0.4 0.52 1.345 0.11 0.36 1.05 0.33 0.377 0.56 0.3 0.54 0.56 0.52 0.31 0.5 0.4 0.4 0.37 0.58 0.65 0.37 0.25 0.3 0.7 0.476 0.4 0.4 1.345 0.37 0.4 0.54 0.54 0.43 0.52 0.23 0.25 0.65 0.59 0.09 0.4 0.54 0.55 0.53 0.42 0.5 0.45 0.56 0.59 0.58 0.637 0.3 0.23 0.55 0.65 0.22 0.59 0.54 0.55 0.58 0.686 0.4 0.4 0.58 0.481 0.58 0.636 0.22 0.19 0.4 0.4 0.36 0.45 0.3 0.56 0.46 0.54 0.45 0.14 0.4 0.53 0.4 0.4 0.46 0.58 0.4 0.11 0.55 0.46 0.2 0.53 0.4 0.901 0.51 0.56 1.46 0.59 0.65 0.45 0.42 0.46 0.54 0.43 0.1 0.5 0.33 0.54 0.54 1.67 0.71 0.648 0.4 0.17 0.481 0.36 0.46 0.33 0.48 0.4 0.43 0.47 0.34 0.46 0.27 0.4 0.42 0.38 0.45 0.2 0.7 0.34 0.45 0.23 0.5 0.54 0.23 0.45 0.635 0.54 1.483 0.41 0.1 0.53 0.4 0.5 1.03 0.22 1.345 0.65 1.05 1.483 0.42 0.5 0.58 0.43 0.48 0.11 0.43 0.42 0.37 0.53 0.37 1.67 0.762 0.54 0.56 1.483 0.4 0.58 0.4 0.4 0.45 0.23 0.301 0.5 0.59 0.4 0.42 0.3 0.7 0.48 0.48 1.66 1.05 1.483 0.4 0.4 0.54 0.53 0.55 1.46 0.5 0.36 0.52 0.4 0.481 0.2 0.4 0.09 0.37 0.465 0.47 0.37 0.5 0.5 0.26 0.42 0.4 0.34 0.47 0.52 0.71 0.636 0.32 0.17 0.59 0.25 0.42 0.22 0.41 0.27 0.3 0.33 0.53 0.55 0.46 0.43 0.45 0.4 0.47 0.26 0.41 1.42 0.55 0.43 0.54 0.465 0.3 0.56 0.637 0.5 0.301 0.636 0.5 0.4 0.6 1.66 0.48 0.42 0.42 0.46 0.54 0.56 0.901 0.55 0.42 1.35 0.52 0.52 0.58 0.65 0.41 0.22 0.4 0.3 0.4 0.31 0.47 0.485 0.901 0.43 0.47 0.5 0.4 0.49 0.54 0.4 0.59 0.48 0.901 0.5 0.33 0.54 0.5 0.55 0.39 0.22 0.33 0.37 0.42 0.54 1.483 0.46 0.32 0.53 0.53 0.4 0.45 0.52 1.345 0.58 0.6 0.54 0.39 0.5 0.45 0.5 0.45 0.22 0.51 0.724 0.47 0.47 0.4 0.47 0.55 0.762 0.4 0.56 0.54 0.53 0.53 0.52 1.43 0.47 0.377 0.47 0.32 0.23 1.44 0.46 0.37 0.39 0.4 0.3 1.46 1.345 0.762 0.4 0.25 0.56 0.39 0.54 0.39 0.762 0.46 0.635 0.56 1.248 0.648 0.38 0.47 1.38 0.724 0.5 0.54 0.45 0.5 0.36 0.14 0.51 0.41 0.43 1.4 0.46 0.52 0.4 0.648 0.47 0.6 0.301 1.483 0.42 0.37 1.345 0.68 0.52 0.46 1.248 0.56 0.58 0.901 0.45 0.5 0.31 0.465 0.1 0.25 0.4 0.635 0.1 0.58 0.637 0.46 0.1 0.901 0.4 0.54 0.4 0.42 0.45 0.41 0.4 0.42 0.5 0.3 0.37 0.47 1.05 0.4
Dot Production Prediction of Lab Growth Rates:
0.311744 0.296368 0.364566 0.425428 0.71796 0.717331 1.32867 0.352562 1.37258 0.277235 0.326972 0.545429 0.471947 0.277097 0.713261 0.372232 0.541393 0.377126 0.38604 0.328918 0.529545 0.45162 0.797765 0.556806 0.414027 1.32098 0.546358 0.43587 0.394408 0.323646 0.183459 0.318883 0.466152 1.5626 0.32938 0.427065 0.377348 0.343234 1.61635 0.381739 0.875062 0.686701 0.896714 1.49506 1.38176 0.540923 0.456391 0.328487 0.296565 1.42822 0.532856 0.463353 0.332601 0.548037 0.295712 0.475895 0.3254 0.447603 0.588584 0.453103 1.30899 0.548417 0.476337 1.30343 0.299671 1.31385 0.474193 0.476299 1.30488 0.384801 0.426588 0.310792 0.545911 0.334493 0.529295 1.06267 0.324334 0.479434 0.487571 0.415419 0.283094 0.348755 0.452622 0.715672 0.434534 0.334667 0.459603 0.374897 0.540942 0.475296 0.464029 0.412662 0.334692 0.593138 0.528709 0.422193 0.307723 0.341686 0.674561 0.706047 0.432744 0.889294 0.29407 0.276771 0.385759 0.588093 0.356479 0.319415 0.325095 0.394214 0.300861 0.584562 1.33534 0.308262 0.30851 1.27689 0.32401 1.33359 0.30173 0.650341 1.28689 0.308876 0.293665 0.396936 0.301108 1.49506 0.545344 0.478204 0.695294 0.186476 0.582011 0.617996 0.307783 0.70097 0.286866 0.540027 1.16853 0.478517 0.369777 0.591829 0.364403 0.546683 0.294979 1.34179 0.30982 0.625223 0.319989 0.294634 0.286929 0.548627 0.38445 0.581089 0.32088 0.392735 0.30682 0.324853 0.755398 0.474594 0.899017 0.326843 0.619315 0.507068 0.413903 0.384994 1.38541 0.472863 0.42473 0.364952 0.332557 0.924697 0.369472 0.365909 0.432501 0.291798 0.332817 0.296371 0.541518 0.299869 0.367721 1.34031 0.407531 0.359062 1.06556 0.299127 0.590398 0.529074 0.62781 0.470819 0.465162 0.357722 0.59043 0.528857 0.293549 0.288007 0.415154 0.390425 0.640672 0.421201 0.296591 0.618197 0.874644 0.593928 0.297603 0.295115 1.29315 0.403674 0.328458 0.466555 0.530615 0.360658 0.389279 0.545632 0.578674 0.668983 0.319106 0.388642 0.298985 0.550462 0.468513 0.546804 0.305684 0.448458 0.352574 0.546221 0.356404 0.378406 0.700976 0.516052 0.543519 0.545754 0.649211 0.482454 0.55587 0.53603 0.468687 0.476703 0.714016 0.299466 0.29678 0.478403 0.58487 0.377034 0.712468 0.476299 0.318005 0.294033 0.305209 0.351313 0.391631 0.692717 0.547614 0.468789 0.467169 0.359861 0.245948 0.298946 0.536045 0.298262 0.285809 0.352572 0.47089 0.305374 0.339959 0.557992 0.469817 0.355163 0.543738 0.298972 0.855769 0.445467 0.467262 1.07403 0.317092 0.641723 1.36777 0.367388 0.459149 0.293803 0.376666 1.3505 0.396489 0.486734 0.341989 0.381116 1.3628 0.716444 0.703476 0.299614 0.429494 0.587493 0.433471 0.360421 0.296774 0.339236 0.304831 0.412319 0.496391 0.316476 0.570387 0.381198 0.29606 0.30909 0.377367 0.421289 0.381734 0.870916 0.313072 1.41998 0.54537 0.334762 0.458457 0.541278 0.302808 0.705344 0.400467 1.27302 0.406351 0.456069 0.316092 0.298388 0.694023 1.26258 0.402461 1.35675 0.659096 1.34848 1.27106 0.603477 0.826576 0.462596 0.426212 0.33773 0.378646 0.442964 0.337739 0.439953 0.531125 0.410678 1.4645 0.846495 0.546522 0.544358 1.28512 0.299656 0.481667 0.29985 0.330466 1.46363 0.550338 0.590949 0.774359 0.301683 0.29272 0.356835 0.419779 0.872439 0.28097 0.345226 1.46042 1.04279 1.28445 0.298149 0.27968 0.380862 0.315686 0.54522 1.05317 0.790389 0.3055 0.366927 0.299785 0.582927 0.386441 0.298269 0.342571 0.427599 0.587585 0.30104 0.4293 0.643398 0.469676 0.386948 0.279362 0.294607 0.282788 0.382282 0.369706 0.712575 0.712737 0.3069 0.304083 0.540657 1.4308 0.314197 0.483172 0.58379 0.375205 0.182016 0.320307 0.527034 0.4738 0.42649 0.353647 0.33382 0.282581 0.380889 0.603025 0.576989 1.47541 0.476744 0.337621 0.36357 0.592027 0.649521 0.545436 0.701587 0.747783 0.592733 0.717261 0.359496 0.299051 0.667186 1.42786 0.27172 0.331784 0.359132 0.469756 0.539013 0.475491 0.900182 0.550517 0.28427 1.1182 0.338243 0.372756 0.360349 0.649032 0.401509 0.486417 0.289924 0.661131 0.298824 0.609884 0.365884 0.593553 0.902266 0.398102 0.353026 0.320538 0.298903 0.399048 0.460177 0.29788 0.332251 0.288764 0.903858 0.475147 0.369347 0.384258 0.647563 0.456106 0.336378 0.488256 0.355042 0.407081 0.333094 0.53908 1.29921 0.563967 0.320667 0.271046 0.489759 0.294192 0.351196 0.340383 1.36465 0.386438 0.660031 0.322318 0.300016 0.472222 0.397131 0.474429 1.49057 0.347423 0.424267 0.715192 0.494625 0.368599 0.297699 0.352073 0.550776 0.839685 0.327697 0.548281 0.390653 0.377847 0.564371 0.390132 1.18155 0.408989 0.589844 0.425562 0.340837 0.433662 1.47533 0.280629 0.584489 0.340229 0.325812 0.382463 1.03976 1.34683 0.851968 0.289617 0.360182 0.545812 0.303942 0.383016 0.30104 0.841976 0.538616 0.701656 0.528674 0.891801 0.694506 0.376625 0.364466 1.27127 0.715927 0.390684 0.389656 0.365902 0.378709 0.347729 0.245888 0.403662 0.369987 0.349708 1.39873 0.321509 0.366621 0.297156 0.701776 0.376674 0.709982 0.591098 1.30373 0.415492 0.458769 1.34005 0.310925 0.345744 0.473208 0.898177 0.547729 0.45062 0.89968 0.417057 0.325197 0.604915 0.594227 0.341231 0.351369 0.296882 0.705138 0.93184 0.463418 0.697216 0.434254 1.29629 0.908042 0.297856 0.352648 0.298484 0.631913 1.40273 0.343497 0.310704 0.298411 0.318652 0.588578 0.389168 0.407385 1.04897 0.279927
Testing:
Lab Growth Rates:
0.37 0.38 0.38
Dot Production Prediction of Lab Growth Rates:
0.266939 0.266138 0.288292
Best performance so far: 
Obj: 4.67849e-310Rho: 6.5069e-314Diff: 4.67849e-310
Test:
 Lab Growth Rates:
0.37 0.38 0.38Dot Product Prediction of Growth Rate:
0.2669392 0.2661385 0.288292