seed =  5 traits =  1 
Training: part  191 
Training: part  191 
Round  1 
 Goal of obj  0.99 
Temperature range:  0.00390625 7.8125e-14 
Cycle 1Round 1
Iter 500000 pBad 0.863623 T 0.00113976 Obj 1.08194 Rho 0 GRdif 46.1522 success 146386 failure 9753 obj_new 1.08194 SA_pAcc 1 Delta 0.0727385 SA_r 0.953781 freedomratio 0.3624
Iter 1000000 pBad 0.770345 T 0.000332555 Obj 1.04779 Rho 0 GRdif 27.3558 success 290012 failure 26493 obj_new 1.04779 SA_pAcc 1 Delta 0.00998817 SA_r 0.0404751 freedomratio 0.373248
Iter 1500000 pBad 0.721409 T 9.70321e-05 Obj 1.02739 Rho 0 GRdif 15.8417 success 430485 failure 50282 obj_new 1.0274 SA_pAcc 0.837728 Delta 0.0643169 SA_r 0.884302 freedomratio 0.362624
Iter 2000000 pBad 0.614708 T 2.83118e-05 Obj 1.01924 Rho 0 GRdif 11.168 success 567283 failure 82747 obj_new 1.01924 SA_pAcc 0.749646 Delta 0.0329808 SA_r 0.0472513 freedomratio 0.370886
Iter 2500000 pBad 0.457507 T 8.26073e-06 Obj 1.01524 Rho 0 GRdif 8.86373 success 700831 failure 121931 obj_new 1.01524 SA_pAcc 0.957057 Delta 0.022669 SA_r 0.884076 freedomratio 0.361282
Iter 3000000 pBad 0.339476 T 2.41029e-06 Obj 1.01114 Rho 0 GRdif 6.49216 success 824984 failure 177481 obj_new 1.01114 SA_pAcc 1 Delta 0.0093479 SA_r 0.30211 freedomratio 0.357753
Iter 3500000 pBad 0.203356 T 7.03269e-07 Obj 1.00924 Rho 0 GRdif 5.39157 success 930022 failure 272280 obj_new 1.00924 SA_pAcc 1 Delta 0.00175259 SA_r 0.289164 freedomratio 0.325375
Iter 4000000 pBad 0.10003 T 2.05198e-07 Obj 1.0088 Rho 0 GRdif 5.13257 success 999752 failure 440819 obj_new 1.0088 SA_pAcc 1 Delta 0.00729442 SA_r 0.145307 freedomratio 0.289097
Iter 4500000 pBad 0.0487815 T 5.98721e-08 Obj 1.00864 Rho 0 GRdif 5.04112 success 1039763 failure 682037 obj_new 1.00864 SA_pAcc 0.312321 Delta 0.0016058 SA_r 0.0995521 freedomratio 0.251394
Iter 5000000 pBad 0.0286067 T 1.74693e-08 Obj 1.00856 Rho 0 GRdif 4.99384 success 1063471 failure 975995 obj_new 1.00856 SA_pAcc 0.00212101 Delta 0.00164273 SA_r 0.330659 freedomratio 0.227838
Iter 5500000 pBad 0.0100465 T 5.09715e-09 Obj 1.00853 Rho 0 GRdif 4.97905 success 1076783 failure 1302809 obj_new 1.00853 SA_pAcc 1 Delta -0.000446551 SA_r 0.960488 freedomratio 0.214809
Iter 6000000 pBad 0.00548917 T 1.48723e-09 Obj 1.00852 Rho 0 GRdif 4.97306 success 1085263 failure 1647912 obj_new 1.00852 SA_pAcc 5.8854e-12 Delta -0.000225041 SA_r 0.439997 freedomratio 0.205398
Iter 6500000 pBad 0.00293233 T 4.33941e-10 Obj 1.00852 Rho 0 GRdif 4.96974 success 1089803 failure 2008010 obj_new 1.00852 SA_pAcc 1 Delta -7.87605e-05 SA_r 0.0859108 freedomratio 0.203543
Iter 7000000 pBad 0.00238334 T 1.26614e-10 Obj 1.00851 Rho 0 GRdif 4.96631 success 1092647 failure 2375815 obj_new 1.00851 SA_pAcc 4.02781e-69 Delta 7.9299e-05 SA_r 0.841002 freedomratio 0.199455
Iter 7500000 pBad 0.00119517 T 3.69431e-11 Obj 1.00851 Rho 0 GRdif 4.97185 success 1094608 failure 2747351 obj_new 1.00852 SA_pAcc 0 Delta -6.75909e-05 SA_r 0.0113714 freedomratio 0.198577
Iter 8000000 pBad 0.0013605 T 1.07792e-11 Obj 1.00851 Rho 0 GRdif 4.96815 success 1095641 failure 3122739 obj_new 1.00851 SA_pAcc 0 Delta -0.000130327 SA_r 0.292726 freedomratio 0.19804
Iter 8500000 pBad 0.000225687 T 3.14512e-12 Obj 1.00851 Rho 0 GRdif 4.96502 success 1097946 failure 3495482 obj_new 1.00851 SA_pAcc 0 Delta -9.21062e-07 SA_r 0.0461546 freedomratio 0.196975
Iter 9000000 pBad 1.39337e-13 T 9.17673e-13 Obj 1.00851 Rho 0 GRdif 4.96606 success 1100312 failure 3843610 obj_new 1.00851 SA_pAcc 0 Delta -1.30241e-14 SA_r 0.0771704 freedomratio 0.183469
Iter 9500000 pBad 1.60469e-37 T 2.67756e-13 Obj 1.00851 Rho 0 GRdif 5.1347 success 1100312 failure 4128400 obj_new 1.0088 SA_pAcc 0 Delta -1.34086e-38 SA_r 0.585313 freedomratio 0.182839
Iter 10000000 pBad 2.22001e-119 T 7.81252e-14 Obj 1.00851 Rho 0 GRdif 4.96473 success 1100312 failure 4415490 obj_new 1.00851 SA_pAcc 1 Delta 1.80003e-120 SA_r 0.0128998 freedomratio 0.159066
Cannot move further
iter 8.9554e+06 obj1.00851 rho 0 GRdif 4.96473
Training:
Lab Growth Rates:
0.65 1.05 1.345 0.48 0.5 0.11 0.3 0.56 0.52 0.46 1.483 0.55 0.17 0.58 1.483 0.5 0.43 0.19 0.37 1.248 0.23 0.46 0.22 0.47 0.2 1.46 0.377 0.26 0.47 0.52 0.48 0.55 0.47 0.4 0.23 1.483 1.345 1.345 0.45 0.36 0.46 0.42 0.37 1.483 0.55 0.3 0.25 1.43 0.23 0.55 0.59 0.38 0.71 0.51 1.66 0.476 0.636 0.23 0.56 0.33 0.56 0.5 0.53 0.3 0.5 0.6 0.32 0.59 0.54 0.47 0.46 0.54 0.481 0.46 0.53 0.4 0.34 0.43 0.46 0.5 0.636 0.33 0.47 0.58 0.54 0.54 0.47 0.4 0.5 0.4 0.762 0.5 0.4 0.53 0.5 0.5 0.55 0.901 0.54 0.43 0.54 1.483 0.762 0.4 0.59 0.54 1.248 0.1 0.45 0.53 0.54 0.38 0.686 0.5 0.45 0.485 0.4 0.4 0.52 1.05 0.4 0.4 0.45 0.49 0.5 0.901 0.55 0.5 0.1 0.648 0.465 0.59 0.37 0.617 0.22 0.724 0.762 0.36 0.39 0.45 0.46 0.53 0.37 0.42 0.4 0.4 0.4 1.483 0.54 0.648 0.4 0.42 0.31 0.4 0.54 0.6 1.05 1.345 0.65 0.636 0.39 0.53 0.51 0.52 0.47 0.46 0.42 0.54 1.248 0.52 0.55 0.48 0.49 0.32 0.43 0.58 0.5 0.11 0.25 0.5 0.637 0.55 0.71 0.26 0.33 0.54 0.4 0.4 0.59 0.42 0.55 0.19 0.4 0.54 0.4 0.46 0.635 0.51 0.58 0.52 0.52 0.58 0.5 0.3 0.55 0.41 1.248 0.47 1.248 0.58 0.59 0.3 1.345 0.45 0.36 0.3 0.58 0.54 0.47 0.5 0.901 0.3 0.09 0.71 0.45 0.34 0.37 0.54 0.4 0.686 1.05 0.53 1.67 0.4 0.3 0.42 0.56 1.03 0.25 0.4 1.483 0.42 0.476 0.37 0.4 0.377 0.25 0.5 0.25 0.4 0.4 0.46 0.56 0.901 0.1 0.37 0.4 0.5 0.58 0.54 0.58 1.49 0.59 1.345 0.46 0.36 0.45 0.56 0.4 0.41 0.43 0.45 1.345 0.39 0.4 0.53 0.46 0.41 0.39 0.27 0.38 0.5 0.23 0.37 0.54 0.46 0.23 0.37 1.66 0.4 0.7 0.1 0.58 0.637 0.4 0.56 0.47 1.345 0.47 0.58 0.47 0.37 0.65 0.48 0.5 0.4 1.483 0.48 0.43 0.47 0.3 0.6 0.41 0.485 0.7 0.39 0.55 0.56 0.3 0.45 0.485 0.4 0.33 0.4 0.481 0.46 0.56 0.56 0.43 0.5 0.5 0.47 0.56 1.483 0.54 0.33 0.43 0.45 0.27 0.5 0.47 0.37 0.4 0.41 0.46 0.42 1.05 0.31 0.14 0.53 0.23 0.53 0.59 0.48 0.33 0.53 0.48 0.54 0.47 0.54 0.43 0.4 0.34 0.47 0.1 0.42 0.4 0.52 1.345 0.54 0.22 0.27 0.32 0.25 0.55 0.301 0.59 0.56 1.38 0.7 0.31 0.52 0.47 0.45 0.4 0.3 0.14 0.56 0.42 0.4 0.17 0.56 1.35 0.42 1.345 1.67 0.4 0.38 0.36 0.38 0.42 0.56 0.37 0.3 0.43 0.68 0.59 0.635 1.345 1.483 0.46 0.476 0.648 0.4 0.27 0.5 0.54 0.68 0.41 0.5 0.54 0.68 0.635 0.48 0.36 0.4 0.46 0.58 0.09 0.56 0.7 0.19 0.37 0.41 0.43 0.36 0.43 0.42 0.68 0.09 0.33 0.45 0.54 0.54 0.58 0.59 0.1 1.46 0.5 1.42 0.17 0.49 0.59 1.44 0.52 0.58 0.52 0.41 0.54 0.5 0.4 0.39 0.45 0.47 0.4 0.45 0.37 0.485 0.4 1.46 0.4 0.42 0.4 0.4 0.47 0.58 0.58 0.42 0.27 0.53 0.5 0.65 0.58 0.2 0.45 0.481 0.58 0.4 0.45 0.54 0.65 0.4 0.36 0.65 0.53 0.65 0.68 0.33 0.41 0.58 0.22 0.26 0.4 0.47 0.901 0.5 0.27 0.46 0.54 0.11 1.483 0.42 0.52 0.465 0.37 0.65 0.65 1.345 0.2 0.36 0.5 0.4 0.4 0.637 0.25 0.1 0.5 0.377 0.5 0.33 0.53 0.47 0.47 0.37 0.46 0.46 0.59 0.4 0.901 0.3 0.45 0.4 1.43 1.46 0.5 0.56 0.48 1.483 0.4 0.58 0.23 0.47 0.301 0.46 0.45 0.724 0.4 0.58 0.6 0.59 0.4 0.4 0.3 0.53 0.22 0.4 1.4 0.724 0.23 0.762 0.25 0.301 0.5 0.42 0.4 0.4 0.59 0.686 0.59 0.4 0.42 0.465 0.1 0.1 0.56 0.4
Dot Production Prediction of Lab Growth Rates:
0.641257 1.80185 0.950623 0.314044 0.321136 0.339958 0.423233 0.534156 0.393961 0.420049 0.940544 0.54597 0.344264 0.450967 0.949053 0.498638 0.372252 0.338436 0.39517 0.825556 0.529421 0.374983 0.445016 0.405502 0.400265 0.985673 0.461303 0.35269 0.379321 0.390049 0.354692 0.547206 0.387512 0.406117 0.520749 0.930635 0.96804 0.929583 0.403699 0.346445 0.44679 0.539255 0.397747 0.959667 0.55 0.346995 1.51636 1.33249 0.539339 0.55084 0.542201 0.304366 0.722389 0.410045 1.66 0.463697 0.720425 0.412871 0.445142 0.36583 0.531022 0.444699 0.427986 0.31901 0.524969 0.350192 0.355989 0.541722 0.418116 0.456267 0.521138 0.430566 0.455116 0.437714 0.352272 0.398889 0.317218 0.35169 0.299517 0.544724 0.697966 0.333308 0.359056 0.363377 0.315604 0.410361 0.409677 0.395686 0.402882 0.405253 0.771779 0.44557 0.392923 0.343483 0.564071 0.535864 0.418954 0.904824 0.423578 0.364173 0.420375 0.965646 0.761997 0.387756 0.338881 0.336106 0.832339 0.931177 1.47794 0.535081 0.431114 0.361315 0.724112 0.322905 1.47549 0.455652 0.404003 0.404639 0.398305 1.05018 0.384773 0.404599 1.47461 0.392659 0.586382 0.901786 0.415287 0.385342 1.05531 0.71128 0.460835 0.325086 0.395576 0.616957 0.445216 0.721645 0.768204 0.425174 0.357893 0.338187 0.331684 0.486806 0.306849 0.359796 0.402692 0.400834 0.403326 0.934938 0.380233 0.710876 0.404537 0.529658 0.536931 0.391226 0.537173 0.359413 1.00149 0.941972 0.693393 0.720793 0.339959 0.523568 0.421349 0.374425 0.361895 0.436689 0.347973 0.421511 0.840013 0.404816 0.400075 0.328511 0.371722 0.309508 0.42522 0.372261 0.362237 0.382925 0.309258 0.487061 0.700546 0.547043 0.722411 0.545527 0.43 0.353136 0.400566 0.402849 0.333776 0.349241 0.41428 0.329426 0.405927 0.547935 0.388918 0.437711 0.711213 0.392408 0.450372 0.375789 0.339052 0.440836 0.451895 0.300918 0.546786 0.382072 0.829764 0.349836 0.832158 0.367467 0.541295 0.352815 0.937962 1.46235 0.363069 0.332303 0.3388 0.542361 0.408097 0.528827 0.901001 0.365137 0.449788 0.719498 0.39845 0.314982 0.400119 0.40366 0.40532 0.728536 1.05 0.52355 1.50311 0.399073 0.309677 0.353078 0.547913 1.38404 0.360097 0.400003 0.923395 0.35557 0.461422 0.405903 0.403299 0.462001 0.369369 0.450488 0.366833 0.333978 0.401762 0.408759 0.44435 0.896709 0.680912 0.533783 0.40508 0.318818 0.353467 0.395089 0.450249 1.5385 0.310609 0.977933 0.431631 0.331307 0.334189 0.536862 0.401513 0.390832 0.399698 1.46885 0.972136 0.303733 0.404047 0.524374 0.446175 0.358579 0.33026 0.39111 0.315034 0.573352 0.52865 0.406789 0.346931 0.532504 0.413005 0.424722 1.66 0.404348 0.672731 1.40868 0.44121 0.703246 0.393937 0.540332 0.363206 0.982986 0.400865 0.454125 0.377159 0.396879 0.666198 0.328383 0.444201 0.401425 0.908843 0.330715 0.444917 0.360677 0.283486 0.362473 0.444874 0.452476 0.676825 0.324093 0.411701 0.545123 0.370685 0.363773 0.448816 0.394873 0.339948 0.404602 0.455066 0.501494 0.44604 0.545176 0.435075 0.372537 0.328174 0.357267 0.443658 0.930637 0.541522 0.371115 0.35894 0.381092 0.298564 0.613655 0.440194 0.385541 0.394499 0.387651 0.308426 0.34006 1.05003 0.533645 0.140219 0.531801 0.414982 0.350432 0.54107 0.341171 0.32817 0.396159 0.305424 0.398442 0.384007 0.333185 0.417027 0.404014 0.340842 0.340975 0.375967 0.306306 0.38857 0.391652 0.982056 0.538468 0.437815 0.363094 0.323687 0.522484 0.416814 0.458978 0.365483 0.448218 1.3351 0.680758 0.542005 0.362522 0.42251 1.5385 0.40356 0.382683 0.139705 0.547483 0.349544 0.402836 0.331666 0.531297 1.2559 0.341963 0.91467 1.41176 0.404283 0.318996 0.336445 0.367815 0.350053 0.536954 0.393113 0.337687 0.361455 0.476553 0.54539 0.711474 0.976983 0.939877 0.43369 0.462727 0.707818 0.394755 0.399784 0.365927 0.526922 0.476109 0.456829 0.513347 0.380027 0.478835 0.713867 0.346555 0.353272 0.402266 0.384198 0.444702 0.351266 0.550551 0.681612 0.338274 0.402909 0.456442 0.410236 0.363264 0.379526 0.33832 0.480867 0.378332 0.468887 0.382616 0.538776 0.381226 0.370055 0.382257 0.856213 1.73654 0.34485 1.50583 0.435599 0.37384 0.551366 1.52932 0.362193 0.436665 0.359065 0.325285 0.389405 0.595135 0.34443 0.320402 0.364069 0.351803 0.406768 0.355895 0.453781 0.455943 0.395236 1.00707 0.405001 0.538459 0.404809 0.399548 0.356438 0.308862 0.44345 0.383911 0.350295 0.407147 0.445626 0.616808 0.335919 0.353851 0.423449 0.45551 0.397595 0.400671 1.52695 0.357987 0.687788 0.393539 0.332319 0.650288 0.533167 0.647653 0.479027 0.493065 0.350681 0.443657 0.448132 0.459436 0.398662 0.38495 0.917295 0.536537 0.58127 0.447841 0.42976 0.394117 0.964927 0.380838 0.374635 0.460218 0.409345 0.649958 0.640293 0.98975 0.40541 0.406246 0.524544 0.399763 0.403768 0.705282 0.497247 0.847978 0.544494 0.460983 0.333842 0.369953 0.303011 0.445789 0.449349 0.382747 0.356686 0.380335 0.336823 0.404914 0.794071 0.334071 0.335983 0.402363 1.34122 1.0011 0.59979 0.544738 0.309115 0.940299 0.408213 0.446749 0.537431 0.443239 0.45761 0.423456 0.35068 0.723989 0.398868 0.444949 0.349568 0.546482 0.397806 0.403498 0.299478 0.538199 0.443581 0.399841 1.42705 0.723009 0.539892 0.772164 0.681208 0.462678 0.33736 0.345951 0.399562 0.403569 0.322958 0.728191 0.348198 0.399669 0.313479 0.458199 0.461888 0.45341 0.444263 0.405833
Testing:
Lab Growth Rates:
0.22 0.22 0.22
Dot Production Prediction of Lab Growth Rates:
0.439575 0.375796 0.396008
Best performance so far: 
Obj: 4.6462e-310Rho: 2.26291e-314Diff: 4.6462e-310
Anneal again with the best G and E so far as input
Cycle 2Round 1
Iter 500000 pBad 0.817647 T 0.00113976 Obj 1.05461 Rho 0 GRdif 31.1596 success 109482 failure 11235 obj_new 1.05461 SA_pAcc 1.28092 Delta -0.0625157 SA_r 0.70786 freedomratio 0.258948
Iter 1000000 pBad 0.73583 T 0.000332555 Obj 1.03188 Rho 0 GRdif 18.4161 success 215944 failure 30112 obj_new 1.03193 SA_pAcc 0.86029 Delta 0.0404819 SA_r 0.882237 freedomratio 0.263845
Iter 1500000 pBad 0.648721 T 9.70321e-05 Obj 1.02634 Rho 0 GRdif 15.2359 success 319734 failure 55483 obj_new 1.02634 SA_pAcc 1 Delta -0.060647 SA_r 0.40088 freedomratio 0.261607
Iter 2000000 pBad 0.573602 T 2.83118e-05 Obj 1.02222 Rho 0 GRdif 12.8811 success 421769 failure 85266 obj_new 1.02222 SA_pAcc 1.03411 Delta -0.0128752 SA_r 0.804588 freedomratio 0.25872
Iter 2500000 pBad 0.426234 T 8.26073e-06 Obj 1.01775 Rho 0 GRdif 10.3113 success 521059 failure 122379 obj_new 1.01775 SA_pAcc 1 Delta 0.0363166 SA_r 0.3381 freedomratio 0.25434
Iter 3000000 pBad 0.289753 T 2.41029e-06 Obj 1.01412 Rho 0 GRdif 8.21668 success 612280 failure 175526 obj_new 1.01412 SA_pAcc 0.24865 Delta -0.0252599 SA_r 0.935749 freedomratio 0.243254
Iter 3500000 pBad 0.236829 T 7.03269e-07 Obj 1.01007 Rho 0 GRdif 5.87378 success 689313 failure 263745 obj_new 1.01007 SA_pAcc 0.44489 Delta 0.00585516 SA_r 0.939909 freedomratio 0.243254
Iter 4000000 pBad 0.130757 T 2.05198e-07 Obj 1.0091 Rho 0 GRdif 5.30943 success 752988 failure 383787 obj_new 1.0091 SA_pAcc 1 Delta -0.000744831 SA_r 0.346555 freedomratio 0.223579
Iter 4500000 pBad 0.0606692 T 5.98721e-08 Obj 1.00836 Rho 0 GRdif 4.87586 success 800592 failure 552994 obj_new 1.00836 SA_pAcc 0.0272499 Delta 0.00392136 SA_r 0.381006 freedomratio 0.195921
Iter 5000000 pBad 0.0317396 T 1.74693e-08 Obj 1.00807 Rho 0 GRdif 4.70876 success 829510 failure 785089 obj_new 1.00807 SA_pAcc 1 Delta 0.00201586 SA_r 0.360783 freedomratio 0.177791
Iter 5500000 pBad 0.0188972 T 5.09715e-09 Obj 1.00797 Rho 0 GRdif 4.64921 success 845307 failure 1066882 obj_new 1.00797 SA_pAcc 0.161812 Delta -0.000312319 SA_r 0.744514 freedomratio 0.166477
Iter 6000000 pBad 0.0052409 T 1.48723e-09 Obj 1.00792 Rho 0 GRdif 4.6242 success 855449 failure 1378885 obj_new 1.00792 SA_pAcc 1 Delta -0.000390267 SA_r 0.131048 freedomratio 0.158593
Iter 6500000 pBad 0.00306663 T 4.33941e-10 Obj 1.0079 Rho 0 GRdif 4.61124 success 862425 failure 1710221 obj_new 1.0079 SA_pAcc 2.00722e-205 Delta 0.000119596 SA_r 0.73614 freedomratio 0.153685
Iter 7000000 pBad 0.00307938 T 1.26614e-10 Obj 1.00789 Rho 0 GRdif 4.60497 success 867223 failure 2054684 obj_new 1.00789 SA_pAcc 9.90663e-221 Delta -1.56099e-05 SA_r 0.784393 freedomratio 0.149414
Iter 7500000 pBad 0.00197059 T 3.69431e-11 Obj 1.00788 Rho 0 GRdif 4.60156 success 871177 failure 2407719 obj_new 1.00788 SA_pAcc 1 Delta -2.83847e-05 SA_r 0.412488 freedomratio 0.148354
Iter 8000000 pBad 0.000835968 T 1.07792e-11 Obj 1.00788 Rho 0 GRdif 4.60598 success 874516 failure 2766792 obj_new 1.00789 SA_pAcc 0 Delta 7.95642e-05 SA_r 0.949095 freedomratio 0.146573
Iter 8500000 pBad 0.001211 T 3.14512e-12 Obj 1.00788 Rho 0 GRdif 4.60901 success 877651 failure 3133008 obj_new 1.0079 SA_pAcc 0 Delta 7.2199e-05 SA_r 0.0865856 freedomratio 0.143874
Iter 9000000 pBad 0.000650707 T 9.17673e-13 Obj 1.00788 Rho 0 GRdif 4.5983 success 881504 failure 3505453 obj_new 1.00788 SA_pAcc 1 Delta -4.76369e-05 SA_r 0.256119 freedomratio 0.140764
Iter 9500000 pBad 4.53438e-19 T 2.67756e-13 Obj 1.00788 Rho 0 GRdif 4.59803 success 884078 failure 3848362 obj_new 1.00788 SA_pAcc 1 Delta -3.51065e-20 SA_r 0.413537 freedomratio 0.136026
Good enough
iter 9.36583e+06 obj1.00788 rho 0 GRdif 4.59803
Training:
Lab Growth Rates:
0.65 1.05 1.345 0.48 0.5 0.11 0.3 0.56 0.52 0.46 1.483 0.55 0.17 0.58 1.483 0.5 0.43 0.19 0.37 1.248 0.23 0.46 0.22 0.47 0.2 1.46 0.377 0.26 0.47 0.52 0.48 0.55 0.47 0.4 0.23 1.483 1.345 1.345 0.45 0.36 0.46 0.42 0.37 1.483 0.55 0.3 0.25 1.43 0.23 0.55 0.59 0.38 0.71 0.51 1.66 0.476 0.636 0.23 0.56 0.33 0.56 0.5 0.53 0.3 0.5 0.6 0.32 0.59 0.54 0.47 0.46 0.54 0.481 0.46 0.53 0.4 0.34 0.43 0.46 0.5 0.636 0.33 0.47 0.58 0.54 0.54 0.47 0.4 0.5 0.4 0.762 0.5 0.4 0.53 0.5 0.5 0.55 0.901 0.54 0.43 0.54 1.483 0.762 0.4 0.59 0.54 1.248 0.1 0.45 0.53 0.54 0.38 0.686 0.5 0.45 0.485 0.4 0.4 0.52 1.05 0.4 0.4 0.45 0.49 0.5 0.901 0.55 0.5 0.1 0.648 0.465 0.59 0.37 0.617 0.22 0.724 0.762 0.36 0.39 0.45 0.46 0.53 0.37 0.42 0.4 0.4 0.4 1.483 0.54 0.648 0.4 0.42 0.31 0.4 0.54 0.6 1.05 1.345 0.65 0.636 0.39 0.53 0.51 0.52 0.47 0.46 0.42 0.54 1.248 0.52 0.55 0.48 0.49 0.32 0.43 0.58 0.5 0.11 0.25 0.5 0.637 0.55 0.71 0.26 0.33 0.54 0.4 0.4 0.59 0.42 0.55 0.19 0.4 0.54 0.4 0.46 0.635 0.51 0.58 0.52 0.52 0.58 0.5 0.3 0.55 0.41 1.248 0.47 1.248 0.58 0.59 0.3 1.345 0.45 0.36 0.3 0.58 0.54 0.47 0.5 0.901 0.3 0.09 0.71 0.45 0.34 0.37 0.54 0.4 0.686 1.05 0.53 1.67 0.4 0.3 0.42 0.56 1.03 0.25 0.4 1.483 0.42 0.476 0.37 0.4 0.377 0.25 0.5 0.25 0.4 0.4 0.46 0.56 0.901 0.1 0.37 0.4 0.5 0.58 0.54 0.58 1.49 0.59 1.345 0.46 0.36 0.45 0.56 0.4 0.41 0.43 0.45 1.345 0.39 0.4 0.53 0.46 0.41 0.39 0.27 0.38 0.5 0.23 0.37 0.54 0.46 0.23 0.37 1.66 0.4 0.7 0.1 0.58 0.637 0.4 0.56 0.47 1.345 0.47 0.58 0.47 0.37 0.65 0.48 0.5 0.4 1.483 0.48 0.43 0.47 0.3 0.6 0.41 0.485 0.7 0.39 0.55 0.56 0.3 0.45 0.485 0.4 0.33 0.4 0.481 0.46 0.56 0.56 0.43 0.5 0.5 0.47 0.56 1.483 0.54 0.33 0.43 0.45 0.27 0.5 0.47 0.37 0.4 0.41 0.46 0.42 1.05 0.31 0.14 0.53 0.23 0.53 0.59 0.48 0.33 0.53 0.48 0.54 0.47 0.54 0.43 0.4 0.34 0.47 0.1 0.42 0.4 0.52 1.345 0.54 0.22 0.27 0.32 0.25 0.55 0.301 0.59 0.56 1.38 0.7 0.31 0.52 0.47 0.45 0.4 0.3 0.14 0.56 0.42 0.4 0.17 0.56 1.35 0.42 1.345 1.67 0.4 0.38 0.36 0.38 0.42 0.56 0.37 0.3 0.43 0.68 0.59 0.635 1.345 1.483 0.46 0.476 0.648 0.4 0.27 0.5 0.54 0.68 0.41 0.5 0.54 0.68 0.635 0.48 0.36 0.4 0.46 0.58 0.09 0.56 0.7 0.19 0.37 0.41 0.43 0.36 0.43 0.42 0.68 0.09 0.33 0.45 0.54 0.54 0.58 0.59 0.1 1.46 0.5 1.42 0.17 0.49 0.59 1.44 0.52 0.58 0.52 0.41 0.54 0.5 0.4 0.39 0.45 0.47 0.4 0.45 0.37 0.485 0.4 1.46 0.4 0.42 0.4 0.4 0.47 0.58 0.58 0.42 0.27 0.53 0.5 0.65 0.58 0.2 0.45 0.481 0.58 0.4 0.45 0.54 0.65 0.4 0.36 0.65 0.53 0.65 0.68 0.33 0.41 0.58 0.22 0.26 0.4 0.47 0.901 0.5 0.27 0.46 0.54 0.11 1.483 0.42 0.52 0.465 0.37 0.65 0.65 1.345 0.2 0.36 0.5 0.4 0.4 0.637 0.25 0.1 0.5 0.377 0.5 0.33 0.53 0.47 0.47 0.37 0.46 0.46 0.59 0.4 0.901 0.3 0.45 0.4 1.43 1.46 0.5 0.56 0.48 1.483 0.4 0.58 0.23 0.47 0.301 0.46 0.45 0.724 0.4 0.58 0.6 0.59 0.4 0.4 0.3 0.53 0.22 0.4 1.4 0.724 0.23 0.762 0.25 0.301 0.5 0.42 0.4 0.4 0.59 0.686 0.59 0.4 0.42 0.465 0.1 0.1 0.56 0.4
Dot Production Prediction of Lab Growth Rates:
0.639126 1.48641 1.27298 0.264873 0.307697 0.33655 0.375408 0.547801 0.392509 0.420321 1.28696 0.541399 0.299165 0.459867 1.32654 0.761707 0.38701 0.310325 0.399344 0.855934 0.547696 0.360017 0.459716 0.370133 0.357147 1.05108 0.469896 0.386235 0.376694 0.382011 0.369983 0.544408 0.412853 0.403165 0.543015 1.29015 1.31643 1.2975 0.391867 0.362354 0.467324 0.607559 0.419819 1.32302 0.5592 0.301236 1.50116 1.23137 0.536705 0.555276 0.545926 0.282913 0.706237 0.421038 1.566 0.473473 0.696843 0.407888 0.458771 0.358277 0.545839 0.472319 0.430138 0.511889 0.531592 0.560415 0.339527 0.559083 0.461814 0.464016 0.520069 0.413556 0.469113 0.458584 0.379631 0.397473 0.316164 0.360039 0.288193 0.557289 0.692778 0.320349 0.365976 0.36146 0.2817 0.364396 0.396268 0.396619 0.428747 0.401994 0.804151 0.462723 0.393862 0.304488 0.826171 0.741539 0.469649 0.90225 0.450793 0.352991 0.461706 1.33772 0.791626 0.389632 0.337348 0.325102 0.857994 1.55101 1.47097 0.530308 0.444779 0.353931 0.699189 0.327484 1.51617 0.46903 0.399359 0.400418 0.388767 1.05723 0.372811 0.400612 1.45707 0.411506 0.848241 0.899711 0.469247 0.393136 1.60262 0.687813 0.472245 0.328061 0.397888 0.706187 0.467271 0.696639 0.799343 0.439605 0.364001 0.284681 0.334719 0.466402 0.281866 0.348955 0.399123 0.396977 0.398827 1.28707 0.37424 0.687395 0.397989 0.584285 0.574681 0.387892 0.537234 0.563357 1.03499 1.32765 0.652902 0.701441 0.323246 0.525078 0.437808 0.373026 0.364629 0.44425 0.329837 0.454355 0.868782 0.371095 0.45926 0.257933 0.394587 0.303852 0.400389 0.375445 0.36499 0.382162 0.295652 0.759599 0.685272 0.548262 0.697637 0.561059 0.474436 0.380724 0.400564 0.399963 0.320985 0.350923 0.467837 0.284758 0.39974 0.554463 0.386345 0.444372 0.689009 0.414244 0.457603 0.373653 0.34701 0.474107 0.468581 0.298151 0.552242 0.400029 0.857214 0.38349 0.857707 0.358539 0.545558 0.568468 1.30203 1.47656 0.349218 0.553931 0.35936 0.536224 0.407177 0.532503 0.895921 0.593275 0.476969 0.693968 0.413677 0.328932 0.398265 0.357589 0.400065 0.697852 1.04663 0.528873 1.5064 0.394166 0.302238 0.288396 0.544076 1.29746 0.353033 0.396508 1.30973 0.349887 0.470952 0.408006 0.396867 0.468586 0.346266 0.477161 0.34279 0.287993 0.398061 0.402092 0.466392 0.895471 1.0037 0.551997 0.402517 0.334637 0.380742 0.376509 0.460613 1.50767 0.292726 1.29882 0.422413 0.340721 0.361884 0.543348 0.395139 0.406348 0.400369 1.45909 1.31152 0.3008 0.399418 0.533843 0.451357 0.363318 0.319663 0.36483 0.286189 0.793536 0.537049 0.408619 0.337585 0.54174 0.40981 0.444663 1.60216 0.400725 0.712519 1.4654 0.473377 0.687573 0.393147 0.538205 0.354837 1.3313 0.351833 0.451486 0.369705 0.396653 0.654274 0.31316 0.461384 0.397832 1.29594 0.341405 0.425547 0.358703 0.451644 0.594589 0.469546 0.466869 0.714877 0.309227 0.469775 0.541494 0.592709 0.306971 0.468657 0.393346 0.325092 0.399821 0.465984 0.527172 0.472297 0.548298 0.443856 0.38123 0.322467 0.347075 0.458204 1.26321 0.529683 0.324462 0.373817 0.357036 0.266067 0.852656 0.428532 0.401741 0.390155 0.393575 0.307131 0.329605 1.04322 0.578943 0.192058 0.539697 0.408881 0.329471 0.541709 0.344272 0.317044 0.431845 0.306026 0.3419 0.357702 0.314753 0.385431 0.401894 0.328986 0.291188 0.320951 0.308982 0.38477 0.391821 1.30599 0.557918 0.457378 0.367871 0.322591 0.517736 0.475554 0.47765 0.35691 0.469403 1.30326 0.708836 0.592018 0.36907 0.40028 1.50767 0.400108 0.343263 0.190053 0.546128 0.338519 0.400322 0.296187 0.528085 1.15277 0.272284 1.30124 1.38696 0.399797 0.300367 0.323695 0.365369 0.333164 0.526702 0.394976 0.539489 0.367576 0.366564 0.553344 0.688776 1.36557 1.28226 0.434285 0.473294 0.68235 0.391038 0.376589 0.377473 0.546593 0.366098 0.472171 0.745255 0.357445 0.370172 0.691403 0.355976 0.360944 0.398903 0.406734 0.467326 0.354804 0.543592 0.710898 0.291014 0.403425 0.472848 0.404491 0.380989 0.358241 0.330491 0.369447 0.392127 0.512576 0.391782 0.531201 0.386229 0.389705 0.382312 1.36983 1.51947 0.347965 1.53141 0.450804 0.387577 0.543122 1.50833 0.334137 0.433233 0.362063 0.323634 0.388167 0.822149 0.303018 0.324037 0.351306 0.362562 0.405804 0.379613 0.465936 0.472289 0.393302 1.03069 0.401904 0.600725 0.403243 0.394223 0.333811 0.280518 0.456631 0.396022 0.329801 0.402612 0.472284 0.628293 0.32301 0.319902 0.41932 0.468141 0.403999 0.397621 1.5157 0.377519 0.651513 0.389262 0.333024 0.648452 0.527181 0.644916 0.370685 0.528988 0.353752 0.458631 0.461762 0.460418 0.394665 0.409497 0.895806 0.549939 0.584467 0.452249 0.456607 0.400296 1.30784 0.332184 0.36622 0.471389 0.409495 0.629046 0.644531 1.35164 0.364524 0.428614 0.792006 0.395167 0.401334 0.689586 0.488263 1.35329 0.539539 0.472031 0.327446 0.364853 0.25708 0.433617 0.456455 0.392622 0.349988 0.369145 0.305068 0.400138 0.827323 0.537713 0.365555 0.399089 1.24684 1.03199 0.860672 0.553005 0.272433 1.29732 0.40407 0.470769 0.545258 0.464266 0.478332 0.420034 0.299694 0.702473 0.397992 0.46045 0.569327 0.551304 0.393381 0.402141 0.295642 0.543368 0.46601 0.395978 1.38953 0.698838 0.541537 0.809184 0.992455 0.478557 0.328743 0.336805 0.397994 0.398113 0.316596 0.696441 0.321089 0.392922 0.305732 0.467948 0.455413 0.443206 0.45868 0.40213
Testing:
Lab Growth Rates:
0.22 0.22 0.22
Dot Production Prediction of Lab Growth Rates:
0.467872 0.375607 0.418773
Best performance so far: 
Obj: 4.6462e-310Rho: 6.5069e-314Diff: 4.6462e-310
Test:
 Lab Growth Rates:
0.22 0.22 0.22Dot Product Prediction of Growth Rate:
0.467872 0.3756071 0.4187732