seed =  5 traits =  1 
Training: part  115 
Training: part  115 
Round  1 
 Goal of obj  0.99 
Temperature range:  0.00390625 7.8125e-12 
Cycle 1Round 1
Iter 500000 pBad 0.86219 T 0.00143487 Obj 1.06486 Rho 0 GRdif 36.9497 success 147218 failure 8891 obj_new 1.06486 SA_pAcc 0.959636 Delta 0.0296391 SA_r 0.572959 freedomratio 0.378135
Iter 1000000 pBad 0.837314 T 0.000527065 Obj 1.03887 Rho 0 GRdif 22.425 success 291320 failure 24646 obj_new 1.03887 SA_pAcc 1 Delta -0.025603 SA_r 0.799585 freedomratio 0.370277
Iter 1500000 pBad 0.768745 T 0.000193604 Obj 1.02585 Rho 0 GRdif 15.0061 success 433811 failure 43865 obj_new 1.02585 SA_pAcc 0.950274 Delta -0.0277818 SA_r 0.689522 freedomratio 0.369347
Iter 2000000 pBad 0.680704 T 7.11159e-05 Obj 1.02182 Rho 0 GRdif 12.6901 success 575236 failure 66929 obj_new 1.02182 SA_pAcc 1.56812 Delta -0.0457912 SA_r 0.0664974 freedomratio 0.37286
Iter 2500000 pBad 0.557552 T 2.61227e-05 Obj 1.01845 Rho 0 GRdif 10.7517 success 714033 failure 95569 obj_new 1.01845 SA_pAcc 1 Delta -0.00192929 SA_r 0.479511 freedomratio 0.365672
Iter 3000000 pBad 0.490907 T 9.59555e-06 Obj 1.01624 Rho 0 GRdif 9.47182 success 848450 failure 130666 obj_new 1.01624 SA_pAcc 1 Delta -0.0289345 SA_r 0.86953 freedomratio 0.355717
Iter 3500000 pBad 0.363326 T 3.52469e-06 Obj 1.01176 Rho 0 GRdif 6.87244 success 968874 failure 192707 obj_new 1.01176 SA_pAcc 1.06465 Delta -0.00969371 SA_r 0.235136 freedomratio 0.347723
Iter 4000000 pBad 0.268201 T 1.29471e-06 Obj 1.00946 Rho 0 GRdif 5.53905 success 1071522 failure 291603 obj_new 1.00946 SA_pAcc 1.14272 Delta 0.00769105 SA_r 0.766241 freedomratio 0.333144
Iter 4500000 pBad 0.161836 T 4.75581e-07 Obj 1.00877 Rho 0 GRdif 5.13633 success 1156636 failure 426536 obj_new 1.00877 SA_pAcc 0.310299 Delta 0.0144432 SA_r 0.0816936 freedomratio 0.306569
Iter 5000000 pBad 0.0950224 T 1.74693e-07 Obj 1.00834 Rho 0 GRdif 4.89594 success 1218053 failure 616016 obj_new 1.00836 SA_pAcc 3.56398e-48 Delta 0.000877463 SA_r 0.456989 freedomratio 0.277097
Iter 5500000 pBad 0.0374326 T 6.41693e-08 Obj 1.00805 Rho 0 GRdif 4.715 success 1262498 failure 852510 obj_new 1.00805 SA_pAcc 0.753512 Delta 0.00332504 SA_r 0.0264525 freedomratio 0.244796
Iter 6000000 pBad 0.0304792 T 2.3571e-08 Obj 1.00794 Rho 0 GRdif 4.64757 success 1291324 failure 1138052 obj_new 1.00794 SA_pAcc 0.00704434 Delta 0.00122504 SA_r 0.392912 freedomratio 0.224171
Iter 6500000 pBad 0.0170626 T 8.65826e-09 Obj 1.00788 Rho 0 GRdif 4.62069 success 1309683 failure 1460537 obj_new 1.00789 SA_pAcc 3.97456e-236 Delta -0.000591748 SA_r 0.503872 freedomratio 0.2103
Iter 7000000 pBad 0.0088202 T 3.1804e-09 Obj 1.00786 Rho 0 GRdif 4.60309 success 1321791 failure 1807745 obj_new 1.00786 SA_pAcc 0.0202262 Delta 0.000174632 SA_r 0.0428464 freedomratio 0.200272
Iter 7500000 pBad 0.00845179 T 1.16824e-09 Obj 1.00784 Rho 0 GRdif 4.59637 success 1332923 failure 2169846 obj_new 1.00785 SA_pAcc 0 Delta 0.000656214 SA_r 0.215401 freedomratio 0.191656
Iter 8000000 pBad 0.00284962 T 4.29126e-10 Obj 1.00783 Rho 0 GRdif 4.58749 success 1339463 failure 2549047 obj_new 1.00783 SA_pAcc 0 Delta 5.93487e-05 SA_r 0.255893 freedomratio 0.186667
Iter 8500000 pBad 0.00550799 T 1.57629e-10 Obj 1.00782 Rho 0 GRdif 4.58269 success 1346116 failure 2935401 obj_new 1.00782 SA_pAcc 7.9124e-78 Delta 0.000482534 SA_r 0.696252 freedomratio 0.180202
Iter 9000000 pBad 0.002043 T 5.79012e-11 Obj 1.00782 Rho 0 GRdif 4.58059 success 1350865 failure 3333521 obj_new 1.00782 SA_pAcc 1.04887e-13 Delta 3.4241e-05 SA_r 0.543802 freedomratio 0.177269
Iter 9500000 pBad 0.00102733 T 2.12686e-11 Obj 1.00782 Rho 0 GRdif 4.57864 success 1356202 failure 3736847 obj_new 1.00782 SA_pAcc 2.1203e-42 Delta 9.43928e-05 SA_r 0.468437 freedomratio 0.174429
Iter 10000000 pBad 0.000485917 T 7.81252e-12 Obj 1.00782 Rho 0 GRdif 4.6431 success 1361547 failure 4146303 obj_new 1.00793 SA_pAcc 0 Delta -4.51164e-05 SA_r 0.0366325 freedomratio 0.169844
Cannot move further
iter 9.99987e+06 obj1.00782 rho 0 GRdif 4.5774
Training:
Lab Growth Rates:
0.59 0.48 0.47 0.58 0.5 0.686 1.483 0.47 1.345 0.58 0.4 0.56 0.55 0.27 0.724 0.43 0.59 0.43 0.46 0.45 0.53 0.22 0.5 0.55 0.37 1.483 0.56 0.42 0.47 0.47 0.3 0.58 0.56 0.1 0.47 0.37 0.45 0.33 0.1 0.49 0.7 0.5 1.248 0.45 0.1 0.59 0.33 0.4 0.4 0.45 0.54 0.58 0.48 0.5 0.48 0.58 0.42 0.43 0.476 0.46 1.345 0.59 0.5 1.345 0.4 1.483 0.5 0.5 1.483 0.59 0.37 0.68 0.23 0.58 0.46 1.05 0.3 0.58 0.31 0.52 0.4 0.58 0.1 0.686 0.23 0.5 0.46 0.47 0.25 0.58 0.54 0.47 0.36 0.476 0.5 0.37 0.4 0.27 0.65 0.71 0.23 1.248 0.4 0.54 0.53 0.377 0.25 0.4 0.4 0.46 0.4 0.41 1.345 0.68 0.68 1.483 0.17 0.36 1.345 0.4 0.65 1.345 0.41 0.42 0.47 0.4 1.49 0.59 0.58 0.6 0.3 0.485 0.65 0.19 0.3 0.22 0.5 1.43 0.56 0.58 0.485 0.52 0.59 0.51 1.483 0.68 0.27 0.47 0.4 0.46 0.5 0.52 0.485 0.5 0.53 0.59 0.59 0.5 0.09 1.248 0.4 0.43 0.617 0.45 0.42 1.46 0.56 0.36 0.43 0.33 0.25 0.45 0.54 0.53 0.4 0.41 0.4 0.56 0.4 0.52 1.345 0.36 0.54 1.05 0.5 0.377 0.56 0.3 0.54 0.56 0.52 0.17 0.5 0.4 0.4 0.37 0.39 0.65 0.37 0.25 0.3 0.7 0.476 0.4 0.4 1.345 0.37 0.4 0.54 0.54 0.43 0.49 0.23 0.25 0.65 0.59 0.11 0.4 0.54 0.55 0.53 0.39 0.54 0.45 0.56 0.46 0.37 0.637 0.3 0.23 0.55 0.65 0.22 0.59 0.54 0.55 0.58 0.686 0.4 0.4 0.58 0.481 0.58 0.636 0.22 0.47 0.4 0.4 0.4 0.27 0.3 0.56 0.26 0.54 0.45 0.14 0.4 0.53 0.4 0.4 0.59 0.58 0.47 0.19 0.55 0.46 0.37 0.53 0.4 0.901 0.4 0.56 1.46 0.11 0.65 0.45 0.42 0.46 0.42 0.47 0.1 0.4 0.54 0.52 0.42 1.67 0.71 0.648 0.34 0.39 0.481 0.36 0.37 0.33 0.42 0.4 0.43 0.47 0.34 0.46 0.4 0.4 0.42 0.38 0.33 0.38 0.7 0.47 0.45 0.23 0.5 0.54 0.23 0.48 0.635 0.54 1.483 0.58 0.1 0.48 0.59 0.5 1.03 0.52 1.345 0.65 1.05 1.483 0.2 0.4 0.58 0.4 0.47 0.11 0.36 0.4 0.09 0.53 0.37 1.67 0.762 0.54 0.56 1.483 0.45 0.58 0.4 0.27 0.45 0.23 0.301 0.43 0.59 0.5 0.58 0.3 0.4 0.4 0.37 1.66 1.05 1.483 0.54 0.41 0.54 0.4 0.55 1.46 0.5 0.5 0.32 0.37 0.481 0.43 1.4 0.3 0.38 0.465 0.47 0.48 0.5 0.5 0.42 0.54 0.53 0.47 0.42 0.46 0.71 0.636 0.32 0.22 0.59 0.25 0.42 0.22 0.41 0.42 0.5 0.5 0.53 0.55 0.3 0.43 0.45 0.19 0.47 0.65 0.41 1.42 0.55 0.47 0.53 0.465 0.3 0.56 0.637 0.6 0.301 0.636 0.41 0.2 0.09 1.05 0.7 0.47 0.52 0.46 0.54 0.33 0.901 0.55 0.5 0.54 0.58 0.46 0.39 0.47 0.43 0.54 0.26 0.39 0.4 0.17 0.42 0.485 0.901 0.5 0.25 0.4 0.55 0.23 0.5 0.53 0.52 0.31 0.901 0.36 0.1 0.46 0.4 0.4 0.32 0.47 1.38 0.4 0.47 0.54 1.483 0.27 0.53 0.55 0.48 0.46 0.45 0.52 1.345 0.3 0.47 0.53 0.22 0.4 0.22 0.51 0.5 0.45 0.43 0.42 0.724 0.6 0.46 0.4 0.53 0.42 0.762 0.46 0.46 0.4 0.54 0.54 0.48 0.36 0.54 0.377 0.5 0.56 0.39 1.44 1.43 0.45 0.46 1.35 0.2 0.54 1.345 0.762 0.54 0.1 0.56 0.42 0.25 0.37 0.762 0.3 0.635 0.56 1.248 0.648 0.38 0.31 0.33 0.724 1.46 0.4 0.37 0.52 0.34 0.14 0.56 0.41 0.37 0.5 0.4 0.4 0.51 0.648 0.46 0.6 0.301 1.483 0.59 0.4 1.345 0.68 0.52 0.4 1.248 0.56 0.58 0.901 0.33 0.5 0.41 0.465 0.4 0.4 0.4 0.635 0.45 0.4 0.637 0.5 1.66 0.901 0.4 0.42 0.4 0.38 0.45 0.49 0.33 0.26 0.48 0.1 0.45 0.36 0.46 0.5
Dot Production Prediction of Lab Growth Rates:
0.339242 0.360709 0.395401 0.290823 0.645856 0.721127 1.23333 0.352337 1.28899 0.368525 0.401598 0.545073 0.47695 0.277369 0.723667 0.377227 0.548078 0.472237 0.459072 0.312395 0.533929 0.403811 0.741714 0.552538 0.410722 1.21892 0.540005 0.293326 0.359584 0.3719 0.267239 0.393172 0.464777 1.26732 0.443717 0.422159 0.404561 0.482002 1.3286 0.375062 0.714418 0.760065 0.854665 1.60999 1.50151 0.546301 0.509484 0.399871 0.403322 1.57806 0.536925 0.462858 0.35944 0.551662 0.343735 0.468587 0.335684 0.427372 0.611081 0.451259 1.21618 0.557431 0.368293 1.19349 0.402722 1.23092 0.476593 0.481236 1.20493 0.385464 0.415983 0.424458 0.544063 0.352552 0.397093 1.05096 0.317562 0.48481 0.600994 0.391616 0.384079 0.393219 0.421832 0.721427 0.432613 0.384595 0.460429 0.345834 0.500637 0.48097 0.457887 0.33392 0.328396 0.614212 0.531485 0.411523 0.403374 0.327257 0.697895 0.7136 0.432893 0.856189 0.399347 0.369803 0.422477 0.600845 0.345919 0.401723 0.401184 0.346365 0.39717 0.608877 1.22062 0.416319 0.419542 1.19516 0.326684 0.359893 1.2465 0.402005 0.662035 1.1878 0.360857 0.319178 0.362055 0.396843 1.60999 0.550889 0.474 0.575308 0.276627 0.606804 0.625603 0.295784 0.59401 0.445241 0.543869 1.25584 0.489759 0.377143 0.613774 0.375783 0.551585 0.404839 1.25145 0.425329 0.37842 0.349384 0.401369 0.302176 0.551236 0.347849 0.605924 0.38334 0.385469 0.304329 0.346854 0.754446 0.387221 0.86733 0.40224 0.401647 0.535217 0.37372 0.341343 1.48004 0.478864 0.42127 0.366934 0.309173 0.865982 0.361479 0.336626 0.363331 0.38895 0.370285 0.401684 0.537926 0.401332 0.36958 1.23639 0.343747 0.354568 1.05001 0.319948 0.604556 0.533604 0.534494 0.47185 0.463139 0.363836 0.319573 0.53357 0.384054 0.398624 0.412308 0.311943 0.64993 0.40751 0.308489 0.531608 0.722512 0.615453 0.399389 0.407491 1.16973 0.410342 0.400034 0.466104 0.530371 0.405981 0.37912 0.537148 0.517957 0.680029 0.331014 0.331569 0.405044 0.552419 0.471318 0.561596 0.318902 0.397324 0.363892 0.545945 0.419857 0.393973 0.705186 0.427482 0.538209 0.538973 0.644701 0.47507 0.559178 0.539079 0.469873 0.481238 0.725356 0.400551 0.392575 0.472478 0.611332 0.354756 0.718878 0.478498 0.410559 0.396142 0.403918 0.313413 0.374379 0.586178 0.548132 0.38317 0.467513 0.353343 0.139999 0.403032 0.541483 0.405498 0.400362 0.33164 0.481819 0.393635 0.297769 0.552841 0.466522 0.303809 0.551478 0.400684 0.826755 0.402895 0.466308 1.03903 0.370141 0.640314 1.55942 0.335823 0.46106 0.34803 0.414023 1.13025 0.395807 0.377962 0.395766 0.579094 1.422 0.717376 0.708594 0.320789 0.322966 0.613555 0.346213 0.535911 0.36875 0.310937 0.40412 0.397901 0.462329 0.345963 0.533584 0.403073 0.398225 0.401173 0.363637 0.344133 0.312767 0.718202 0.465449 1.56826 0.539359 0.39209 0.468294 0.538614 0.318619 0.713783 0.373346 1.16947 0.387481 0.431144 0.324504 0.322225 0.337553 1.39704 0.395325 1.26172 0.658152 1.48769 1.16904 0.347531 0.401538 0.461692 0.38746 0.398332 0.390657 0.360133 0.386563 0.45397 0.529815 0.407365 1.59667 0.803768 0.548083 0.548172 1.19874 0.304561 0.488407 0.394986 0.349517 1.6336 0.544598 0.610789 0.390772 0.331162 0.349675 0.309293 0.387583 0.401712 0.393714 0.42261 1.64652 1.02369 1.16606 0.341429 0.351641 0.378564 0.399366 0.543771 1.01983 0.638472 0.425388 0.332953 0.437137 0.607705 0.452784 1.43782 0.547571 0.313371 0.607985 0.321219 0.347063 0.684828 0.473904 0.355102 0.364345 0.409811 0.470604 0.3313 0.448717 0.721059 0.725435 0.321462 0.36098 0.543923 1.58382 0.303204 0.478619 0.610032 0.328869 0.329985 0.346147 0.538473 0.465965 0.267655 0.378528 0.328038 0.318937 0.352588 0.649887 0.602228 1.59765 0.478421 0.371726 0.51163 0.614274 0.496896 0.550713 0.711104 0.567018 0.60704 0.723676 0.399348 0.390462 0.352243 1.05 0.72532 0.364386 0.344072 0.417035 0.543007 0.320004 0.900999 0.548158 0.48498 0.376971 0.445395 0.334731 0.339773 0.403232 0.374583 0.39321 0.557615 0.342559 0.398447 0.431266 0.562948 0.615927 0.90325 0.639449 0.354148 0.32349 0.454882 0.432356 0.30998 0.335632 0.372512 0.587934 0.903176 0.367795 0.324473 0.438867 0.395697 0.397121 0.316457 0.395837 1.38 0.403198 0.36825 0.539988 1.2292 0.587485 0.447431 0.549722 0.295599 0.467629 0.339567 0.368002 1.25905 0.56719 0.375119 0.303581 0.479224 0.402719 0.481959 0.406848 0.474015 1.65024 0.355662 0.337131 0.723155 0.596751 0.311503 0.396412 0.273195 0.318659 0.796643 0.511073 0.515275 0.398784 0.369972 0.284004 0.294935 0.428917 0.310857 0.59747 0.722144 0.48425 0.321943 1.56643 1.2901 0.38204 0.350298 1.19976 0.367867 0.462098 1.26946 0.809034 0.36205 0.865591 0.545353 0.580764 0.355671 0.449177 0.796144 0.35804 0.710113 0.530706 0.854742 0.700876 0.368646 0.601024 0.369771 0.724034 1.01673 0.404692 0.421784 0.381412 0.336335 0.140041 0.543554 0.327837 0.41486 0.753363 0.396809 0.40444 0.42458 0.708785 0.472342 0.569582 0.608816 1.19362 0.368926 0.393673 1.23757 0.422728 0.392189 0.404245 0.858539 0.548524 0.465419 0.901015 0.320313 0.318259 0.397145 0.613191 0.401883 0.39236 0.401944 0.711335 0.391215 0.402774 0.705511 0.4728 1.62204 0.901 0.402458 0.329167 0.401296 0.309141 1.56245 0.401357 0.450459 0.461367 0.301827 1.11178 0.408897 0.329953 0.369061 0.669899
Testing:
Lab Growth Rates:
0.5
Dot Production Prediction of Lab Growth Rates:
0.782995
Best performance so far: 
Obj: 4.67573e-310Rho: 2.26291e-314Diff: 4.67573e-310
Anneal again with the best G and E so far as input
Cycle 2Round 1
Iter 500000 pBad 0.861565 T 0.00143487 Obj 1.05703 Rho 0 GRdif 32.6145 success 120091 failure 8175 obj_new 1.05703 SA_pAcc 1.03854 Delta -0.0243299 SA_r 0.696364 freedomratio 0.290514
Iter 1000000 pBad 0.817094 T 0.000527065 Obj 1.03654 Rho 0 GRdif 21.1015 success 238337 failure 21148 obj_new 1.03654 SA_pAcc 1 Delta 0.00124683 SA_r 0.841351 freedomratio 0.288377
Iter 1500000 pBad 0.738561 T 0.000193604 Obj 1.0289 Rho 0 GRdif 16.7547 success 354085 failure 38985 obj_new 1.0289 SA_pAcc 1 Delta -0.0413723 SA_r 0.667881 freedomratio 0.293413
Iter 2000000 pBad 0.655954 T 7.11159e-05 Obj 1.02258 Rho 0 GRdif 13.1309 success 468353 failure 62110 obj_new 1.02258 SA_pAcc 1.12637 Delta -0.0393252 SA_r 0.793608 freedomratio 0.288235
Iter 2500000 pBad 0.567532 T 2.61227e-05 Obj 1.02009 Rho 0 GRdif 11.696 success 579425 failure 91876 obj_new 1.02009 SA_pAcc 1.07099 Delta -0.00559708 SA_r 0.539171 freedomratio 0.28134
Iter 3000000 pBad 0.422534 T 9.59555e-06 Obj 1.01796 Rho 0 GRdif 10.4651 success 686204 failure 129390 obj_new 1.01796 SA_pAcc 1 Delta 0.0167241 SA_r 0.752217 freedomratio 0.288094
Iter 3500000 pBad 0.314214 T 3.52469e-06 Obj 1.01535 Rho 0 GRdif 8.9544 success 783225 failure 185312 obj_new 1.01535 SA_pAcc 1 Delta 0.0181147 SA_r 0.578443 freedomratio 0.277097
Iter 4000000 pBad 0.255698 T 1.29471e-06 Obj 1.01075 Rho 0 GRdif 6.28759 success 869010 failure 270100 obj_new 1.01075 SA_pAcc 0.908226 Delta 0.0206533 SA_r 0.031724 freedomratio 0.262149
Iter 4500000 pBad 0.171492 T 4.75581e-07 Obj 1.00942 Rho 0 GRdif 5.51383 success 942679 failure 381179 obj_new 1.00942 SA_pAcc 0.194582 Delta -0.0111381 SA_r 0.577405 freedomratio 0.251389
Iter 5000000 pBad 0.103528 T 1.74693e-07 Obj 1.0087 Rho 0 GRdif 5.0963 success 1000117 failure 533285 obj_new 1.0087 SA_pAcc 0.138296 Delta -0.00883083 SA_r 0.331815 freedomratio 0.231223
Iter 5500000 pBad 0.0504218 T 6.41693e-08 Obj 1.00843 Rho 0 GRdif 4.93477 success 1035686 failure 746317 obj_new 1.00843 SA_pAcc 0.269872 Delta 0.00258289 SA_r 0.98198 freedomratio 0.211131
Iter 6000000 pBad 0.029919 T 2.3571e-08 Obj 1.00827 Rho 0 GRdif 4.84506 success 1061797 failure 997716 obj_new 1.00827 SA_pAcc 2.89786e-89 Delta 0.00145571 SA_r 0.834633 freedomratio 0.188885
Iter 6500000 pBad 0.0159955 T 8.65826e-09 Obj 1.0082 Rho 0 GRdif 4.80076 success 1079641 failure 1286974 obj_new 1.0082 SA_pAcc 1 Delta -0.00128926 SA_r 0.53669 freedomratio 0.177751
Iter 7000000 pBad 0.00746385 T 3.1804e-09 Obj 1.00815 Rho 0 GRdif 4.77849 success 1092523 failure 1603703 obj_new 1.00816 SA_pAcc 0 Delta -0.000570883 SA_r 0.850984 freedomratio 0.168
Iter 7500000 pBad 0.0079441 T 1.16824e-09 Obj 1.00814 Rho 0 GRdif 4.76621 success 1100294 failure 1943723 obj_new 1.00814 SA_pAcc 8.38402e-05 Delta -0.000486312 SA_r 0.945997 freedomratio 0.163197
Iter 8000000 pBad 0.0035145 T 4.29126e-10 Obj 1.00813 Rho 0 GRdif 4.76132 success 1105695 failure 2294106 obj_new 1.00813 SA_pAcc 0 Delta -0.000189452 SA_r 0.744199 freedomratio 0.160262
Iter 8500000 pBad 0.00144687 T 1.57629e-10 Obj 1.00812 Rho 0 GRdif 4.75725 success 1109521 failure 2655206 obj_new 1.00812 SA_pAcc 1 Delta 7.82827e-05 SA_r 0.00281455 freedomratio 0.158491
Iter 9000000 pBad 0.00125857 T 5.79012e-11 Obj 1.00812 Rho 0 GRdif 4.75495 success 1112061 failure 3021047 obj_new 1.00812 SA_pAcc 1 Delta 2.68072e-06 SA_r 0.207151 freedomratio 0.157093
Iter 9500000 pBad 0.00146032 T 2.12686e-11 Obj 1.00812 Rho 0 GRdif 4.76006 success 1114213 failure 3391382 obj_new 1.00813 SA_pAcc 0 Delta -7.81233e-05 SA_r 0.959519 freedomratio 0.154982
Good enough
iter 9.9989e+06 obj1.00812 rho 0 GRdif 4.75252
Training:
Lab Growth Rates:
0.59 0.48 0.47 0.58 0.5 0.686 1.483 0.47 1.345 0.58 0.4 0.56 0.55 0.27 0.724 0.43 0.59 0.43 0.46 0.45 0.53 0.22 0.5 0.55 0.37 1.483 0.56 0.42 0.47 0.47 0.3 0.58 0.56 0.1 0.47 0.37 0.45 0.33 0.1 0.49 0.7 0.5 1.248 0.45 0.1 0.59 0.33 0.4 0.4 0.45 0.54 0.58 0.48 0.5 0.48 0.58 0.42 0.43 0.476 0.46 1.345 0.59 0.5 1.345 0.4 1.483 0.5 0.5 1.483 0.59 0.37 0.68 0.23 0.58 0.46 1.05 0.3 0.58 0.31 0.52 0.4 0.58 0.1 0.686 0.23 0.5 0.46 0.47 0.25 0.58 0.54 0.47 0.36 0.476 0.5 0.37 0.4 0.27 0.65 0.71 0.23 1.248 0.4 0.54 0.53 0.377 0.25 0.4 0.4 0.46 0.4 0.41 1.345 0.68 0.68 1.483 0.17 0.36 1.345 0.4 0.65 1.345 0.41 0.42 0.47 0.4 1.49 0.59 0.58 0.6 0.3 0.485 0.65 0.19 0.3 0.22 0.5 1.43 0.56 0.58 0.485 0.52 0.59 0.51 1.483 0.68 0.27 0.47 0.4 0.46 0.5 0.52 0.485 0.5 0.53 0.59 0.59 0.5 0.09 1.248 0.4 0.43 0.617 0.45 0.42 1.46 0.56 0.36 0.43 0.33 0.25 0.45 0.54 0.53 0.4 0.41 0.4 0.56 0.4 0.52 1.345 0.36 0.54 1.05 0.5 0.377 0.56 0.3 0.54 0.56 0.52 0.17 0.5 0.4 0.4 0.37 0.39 0.65 0.37 0.25 0.3 0.7 0.476 0.4 0.4 1.345 0.37 0.4 0.54 0.54 0.43 0.49 0.23 0.25 0.65 0.59 0.11 0.4 0.54 0.55 0.53 0.39 0.54 0.45 0.56 0.46 0.37 0.637 0.3 0.23 0.55 0.65 0.22 0.59 0.54 0.55 0.58 0.686 0.4 0.4 0.58 0.481 0.58 0.636 0.22 0.47 0.4 0.4 0.4 0.27 0.3 0.56 0.26 0.54 0.45 0.14 0.4 0.53 0.4 0.4 0.59 0.58 0.47 0.19 0.55 0.46 0.37 0.53 0.4 0.901 0.4 0.56 1.46 0.11 0.65 0.45 0.42 0.46 0.42 0.47 0.1 0.4 0.54 0.52 0.42 1.67 0.71 0.648 0.34 0.39 0.481 0.36 0.37 0.33 0.42 0.4 0.43 0.47 0.34 0.46 0.4 0.4 0.42 0.38 0.33 0.38 0.7 0.47 0.45 0.23 0.5 0.54 0.23 0.48 0.635 0.54 1.483 0.58 0.1 0.48 0.59 0.5 1.03 0.52 1.345 0.65 1.05 1.483 0.2 0.4 0.58 0.4 0.47 0.11 0.36 0.4 0.09 0.53 0.37 1.67 0.762 0.54 0.56 1.483 0.45 0.58 0.4 0.27 0.45 0.23 0.301 0.43 0.59 0.5 0.58 0.3 0.4 0.4 0.37 1.66 1.05 1.483 0.54 0.41 0.54 0.4 0.55 1.46 0.5 0.5 0.32 0.37 0.481 0.43 1.4 0.3 0.38 0.465 0.47 0.48 0.5 0.5 0.42 0.54 0.53 0.47 0.42 0.46 0.71 0.636 0.32 0.22 0.59 0.25 0.42 0.22 0.41 0.42 0.5 0.5 0.53 0.55 0.3 0.43 0.45 0.19 0.47 0.65 0.41 1.42 0.55 0.47 0.53 0.465 0.3 0.56 0.637 0.6 0.301 0.636 0.41 0.2 0.09 1.05 0.7 0.47 0.52 0.46 0.54 0.33 0.901 0.55 0.5 0.54 0.58 0.46 0.39 0.47 0.43 0.54 0.26 0.39 0.4 0.17 0.42 0.485 0.901 0.5 0.25 0.4 0.55 0.23 0.5 0.53 0.52 0.31 0.901 0.36 0.1 0.46 0.4 0.4 0.32 0.47 1.38 0.4 0.47 0.54 1.483 0.27 0.53 0.55 0.48 0.46 0.45 0.52 1.345 0.3 0.47 0.53 0.22 0.4 0.22 0.51 0.5 0.45 0.43 0.42 0.724 0.6 0.46 0.4 0.53 0.42 0.762 0.46 0.46 0.4 0.54 0.54 0.48 0.36 0.54 0.377 0.5 0.56 0.39 1.44 1.43 0.45 0.46 1.35 0.2 0.54 1.345 0.762 0.54 0.1 0.56 0.42 0.25 0.37 0.762 0.3 0.635 0.56 1.248 0.648 0.38 0.31 0.33 0.724 1.46 0.4 0.37 0.52 0.34 0.14 0.56 0.41 0.37 0.5 0.4 0.4 0.51 0.648 0.46 0.6 0.301 1.483 0.59 0.4 1.345 0.68 0.52 0.4 1.248 0.56 0.58 0.901 0.33 0.5 0.41 0.465 0.4 0.4 0.4 0.635 0.45 0.4 0.637 0.5 1.66 0.901 0.4 0.42 0.4 0.38 0.45 0.49 0.33 0.26 0.48 0.1 0.45 0.36 0.46 0.5
Dot Production Prediction of Lab Growth Rates:
0.350239 0.343899 0.392573 0.272074 0.7231 0.696771 1.35065 0.341626 1.38494 0.35978 0.367664 0.553507 0.470799 0.282661 0.693393 0.356717 0.543367 0.447613 0.433926 0.309085 0.529343 0.393113 0.816071 0.550953 0.406688 1.36738 0.55428 0.277775 0.349013 0.352627 0.258954 0.38677 0.47028 1.61492 0.399939 0.413757 0.407477 0.511302 1.61563 0.386385 0.822344 0.844588 0.927227 1.49746 1.41607 0.540936 0.515311 0.372133 0.372563 1.47625 0.541715 0.469391 0.358005 0.555215 0.345819 0.466635 0.352527 0.436835 0.598782 0.448476 1.31363 0.554553 0.352001 1.35135 0.370789 1.34745 0.472378 0.477424 1.3231 0.377257 0.415116 0.337674 0.546808 0.329668 0.379716 1.05347 0.299591 0.479627 0.625206 0.384803 0.346817 0.411889 0.42695 0.694251 0.423139 0.361564 0.459592 0.346808 0.526012 0.470094 0.460155 0.322405 0.327902 0.60136 0.533192 0.410436 0.371759 0.321866 0.660702 0.690043 0.420147 0.924179 0.369216 0.343215 0.410447 0.596699 0.345407 0.36883 0.372883 0.332082 0.363734 0.599569 1.34558 0.333345 0.334634 1.35631 0.317826 0.364057 1.3369 0.369739 0.658849 1.33641 0.343246 0.32713 0.329519 0.372271 1.49746 0.54691 0.473459 0.651739 0.265625 0.594511 0.630355 0.279645 0.653722 0.441891 0.540752 1.27082 0.47565 0.35682 0.597485 0.352648 0.550188 0.389537 1.36161 0.338749 0.394928 0.344775 0.368296 0.301025 0.551756 0.353754 0.591571 0.362026 0.386423 0.303613 0.343772 0.819364 0.382023 0.932024 0.370595 0.386613 0.600077 0.369213 0.337752 1.48178 0.475164 0.407593 0.320076 0.312843 0.97762 0.351962 0.33578 0.357108 0.355165 0.370151 0.371859 0.550495 0.379629 0.349348 1.32704 0.355289 0.357791 1.04958 0.318298 0.601082 0.534521 0.586883 0.464597 0.468873 0.358304 0.320472 0.534445 0.346904 0.364893 0.40722 0.313705 0.634621 0.407466 0.316211 0.578122 0.82629 0.60145 0.376305 0.376417 1.33177 0.415618 0.370545 0.463066 0.53106 0.367579 0.377205 0.548819 0.550411 0.668394 0.313407 0.327246 0.372282 0.54934 0.470649 0.558393 0.305968 0.394092 0.342683 0.552926 0.396495 0.379486 0.685096 0.495771 0.552537 0.544058 0.648326 0.464209 0.554745 0.533923 0.469539 0.472223 0.692644 0.368315 0.356321 0.471433 0.591787 0.341043 0.694386 0.457962 0.396589 0.358706 0.368528 0.290018 0.36217 0.650719 0.548889 0.369554 0.469577 0.352039 0.254168 0.371622 0.545234 0.374435 0.365828 0.312386 0.465756 0.370238 0.278832 0.549822 0.462777 0.276451 0.55474 0.366943 0.899746 0.370461 0.472123 1.08713 0.353075 0.644998 1.3958 0.342942 0.45988 0.342388 0.40095 1.34833 0.360655 0.367527 0.398106 0.597349 1.35509 0.691468 0.681601 0.306526 0.294753 0.596413 0.335478 0.570415 0.349904 0.326736 0.384968 0.405823 0.458963 0.328056 0.537295 0.369941 0.364981 0.390577 0.375087 0.331105 0.290297 0.820649 0.462492 1.46583 0.548698 0.37441 0.447777 0.543311 0.308893 0.686996 0.368106 1.33394 0.389681 0.439813 0.324066 0.325952 0.334346 1.27386 0.357888 1.36301 0.650516 1.4492 1.33784 0.338051 0.36955 0.469271 0.350968 0.388402 0.384416 0.351841 0.351036 0.457694 0.531562 0.40264 1.46712 0.905503 0.551612 0.554624 1.31041 0.302067 0.47804 0.374427 0.367407 1.48757 0.556313 0.603931 0.394734 0.295839 0.343689 0.311148 0.378158 0.372943 0.35629 0.415753 1.59353 1.04348 1.31669 0.347553 0.341261 0.380055 0.367871 0.546076 1.03388 0.676266 0.421637 0.360506 0.423274 0.593574 0.433672 1.39946 0.609297 0.295097 0.598557 0.280187 0.356341 0.76435 0.471718 0.349828 0.359699 0.405149 0.475229 0.336011 0.455768 0.692665 0.703185 0.318499 0.351458 0.542138 1.4754 0.29672 0.46363 0.601016 0.3002 0.323337 0.331663 0.528234 0.470087 0.263442 0.369886 0.341362 0.276595 0.354443 0.643198 0.601489 1.52121 0.475059 0.390228 0.543968 0.601397 0.552085 0.548117 0.68617 0.618624 0.59794 0.698266 0.39996 0.369312 0.347205 1.0496 0.822045 0.365661 0.317271 0.413101 0.543081 0.314313 0.900627 0.55218 0.476032 0.388521 0.445414 0.349969 0.338437 0.377667 0.342753 0.395744 0.573842 0.326309 0.36383 0.41858 0.56891 0.599755 0.901715 0.702452 0.343312 0.305337 0.453695 0.421188 0.32513 0.310974 0.345432 0.603461 0.904265 0.361665 0.331027 0.42378 0.360665 0.370946 0.307364 0.39548 1.30479 0.37145 0.339953 0.534769 1.31689 0.597627 0.456633 0.542635 0.281438 0.461061 0.335547 0.343699 1.38014 0.613177 0.350914 0.295366 0.474937 0.370472 0.472326 0.396915 0.474313 1.50575 0.349649 0.3287 0.694881 0.658474 0.308302 0.360634 0.28194 0.343599 0.896849 0.524051 0.521946 0.370443 0.369249 0.277251 0.290213 0.418112 0.304939 0.599419 0.7807 0.472165 0.33111 1.4872 1.31002 0.380925 0.348723 1.21269 0.379259 0.461228 1.35433 0.905433 0.381368 0.98632 0.55003 0.582135 0.349099 0.452941 0.900851 0.355659 0.683824 0.531401 0.925571 0.677148 0.375291 0.607801 0.353948 0.698397 1.03813 0.376956 0.411895 0.339871 0.341174 0.255718 0.556722 0.329666 0.39032 0.80876 0.361781 0.370723 0.428791 0.683218 0.470499 0.616978 0.600933 1.33974 0.358056 0.363412 1.34598 0.334965 0.386671 0.370452 0.929168 0.5526 0.468294 0.900694 0.326476 0.308419 0.382858 0.603819 0.369001 0.357847 0.370053 0.686432 0.416243 0.374147 0.67899 0.467647 1.58334 0.900707 0.380842 0.339957 0.367934 0.294922 1.43341 0.403634 0.470835 0.461961 0.266198 1.32301 0.429883 0.310775 0.361919 0.753196
Testing:
Lab Growth Rates:
0.5
Dot Production Prediction of Lab Growth Rates:
0.842656
Best performance so far: 
Obj: 4.67573e-310Rho: 6.5069e-314Diff: 4.67573e-310
Test:
 Lab Growth Rates:
0.5Dot Product Prediction of Growth Rate:
0.8426564