seed =  5 traits =  1 
Training: part  225 
Training: part  225 
Round  1 
 Goal of obj  0.99 
Temperature range:  0.00390625 6.25e-15 
Cycle 1Round 1
Iter 500000 pBad 0.808562 T 0.00100454 Obj 1.06382 Rho 0 GRdif 36.2543 success 145523 failure 12623 obj_new 1.06382 SA_pAcc 0.872689 Delta 0.054418 SA_r 0.0166217 freedomratio 0.360172
Iter 1000000 pBad 0.783993 T 0.000258329 Obj 1.03629 Rho 0 GRdif 20.8912 success 286909 failure 33919 obj_new 1.03629 SA_pAcc 1.35207 Delta -0.0725507 SA_r 0.431011 freedomratio 0.369483
Iter 1500000 pBad 0.644364 T 6.64323e-05 Obj 1.02357 Rho 0 GRdif 13.6545 success 425299 failure 62798 obj_new 1.02357 SA_pAcc 1.03711 Delta -0.0130128 SA_r 0.999299 freedomratio 0.359069
Iter 2000000 pBad 0.506409 T 1.70838e-05 Obj 1.01697 Rho 0 GRdif 9.8611 success 560307 failure 99612 obj_new 1.01697 SA_pAcc 0.997124 Delta -0.034097 SA_r 0.369587 freedomratio 0.355367
Iter 2500000 pBad 0.392504 T 4.3933e-06 Obj 1.01371 Rho 0 GRdif 7.97968 success 688038 failure 147488 obj_new 1.01371 SA_pAcc 1 Delta -0.0336429 SA_r 0.610109 freedomratio 0.356665
Iter 3000000 pBad 0.250849 T 1.12979e-06 Obj 1.01046 Rho 0 GRdif 6.09859 success 793225 failure 240823 obj_new 1.01046 SA_pAcc 0.515486 Delta -0.0035206 SA_r 0.137478 freedomratio 0.328844
Iter 3500000 pBad 0.15146 T 2.90538e-07 Obj 1.00886 Rho 0 GRdif 5.16917 success 877168 failure 378756 obj_new 1.00886 SA_pAcc 1 Delta 0.00495569 SA_r 0.00585835 freedomratio 0.311702
Iter 4000000 pBad 0.0702057 T 7.47152e-08 Obj 1.00853 Rho 0 GRdif 4.97526 success 928345 failure 593512 obj_new 1.00853 SA_pAcc 1 Delta -0.000817608 SA_r 0.791365 freedomratio 0.259982
Iter 4500000 pBad 0.0249305 T 1.92139e-08 Obj 1.00844 Rho 0 GRdif 4.92633 success 952958 failure 882519 obj_new 1.00844 SA_pAcc 0.00762211 Delta -0.000703684 SA_r 0.959924 freedomratio 0.228638
Iter 5000000 pBad 0.00769591 T 4.94107e-09 Obj 1.00842 Rho 0 GRdif 4.91456 success 966227 failure 1210494 obj_new 1.00842 SA_pAcc 1 Delta -0.000419503 SA_r 0.46784 freedomratio 0.211171
Iter 5500000 pBad 0.00417786 T 1.27065e-09 Obj 1.00841 Rho 0 GRdif 4.90908 success 973812 failure 1560988 obj_new 1.00841 SA_pAcc 1 Delta -0.000255748 SA_r 0.79166 freedomratio 0.20312
Iter 6000000 pBad 0.0041373 T 3.26763e-10 Obj 1.00841 Rho 0 GRdif 4.90657 success 977485 failure 1925254 obj_new 1.00841 SA_pAcc 1.18127e-09 Delta 8.54689e-05 SA_r 0.696116 freedomratio 0.201236
Iter 6500000 pBad 0.00187884 T 8.40309e-11 Obj 1.00841 Rho 0 GRdif 4.90548 success 979451 failure 2295481 obj_new 1.00841 SA_pAcc 1 Delta -4.50755e-06 SA_r 0.600891 freedomratio 0.199932
Iter 7000000 pBad 0.000781745 T 2.16095e-11 Obj 1.00841 Rho 0 GRdif 4.90841 success 980801 failure 2668799 obj_new 1.00841 SA_pAcc 0 Delta 7.51127e-05 SA_r 0.110617 freedomratio 0.199727
Iter 7500000 pBad 0.000234268 T 5.55714e-12 Obj 1.0084 Rho 0 GRdif 4.90456 success 981786 failure 3044382 obj_new 1.0084 SA_pAcc 1 Delta 1.60857e-05 SA_r 0.0568985 freedomratio 0.197973
Iter 8000000 pBad 6.35582e-05 T 1.42908e-12 Obj 1.0084 Rho 0 GRdif 4.90438 success 983037 failure 3419841 obj_new 1.0084 SA_pAcc 0 Delta 9.96314e-07 SA_r 0.515722 freedomratio 0.196052
Iter 8500000 pBad 3.29281e-16 T 3.67505e-13 Obj 1.0084 Rho 0 GRdif 4.90416 success 990612 failure 3774669 obj_new 1.0084 SA_pAcc 1 Delta 1.91972e-17 SA_r 0.815292 freedomratio 0.195008
Iter 9000000 pBad 3.8187e-24 T 9.45081e-14 Obj 1.0084 Rho 0 GRdif 4.90733 success 994573 failure 4109862 obj_new 1.00841 SA_pAcc 0 Delta -7.74705e-26 SA_r 0.234336 freedomratio 0.183987
Iter 9500000 pBad 8.11316e-66 T 2.43039e-14 Obj 1.0084 Rho 0 GRdif 4.90406 success 994578 failure 4398890 obj_new 1.0084 SA_pAcc 1 Delta 5.08763e-67 SA_r 0.953845 freedomratio 0.178116
Iter 10000000 pBad 0 T 6.25002e-15 Obj 1.0084 Rho 0 GRdif 4.90406 success 994578 failure 4697277 obj_new 1.0084 SA_pAcc 1 Delta -0 SA_r 0.061183 freedomratio 0.108438
Cannot move further
iter 9.02118e+06 obj1.0084 rho 0 GRdif 4.90406
Training:
Lab Growth Rates:
0.59 0.48 0.52 0.58 0.5 0.686 1.483 0.47 1.345 0.3 0.4 0.56 0.55 0.38 0.724 0.27 0.59 0.43 0.58 0.45 0.53 0.22 0.5 0.55 0.37 1.483 0.56 0.42 0.47 0.5 0.3 0.58 0.56 0.1 0.47 0.37 0.41 0.42 0.1 0.49 0.7 0.5 1.248 0.45 0.1 0.59 0.33 0.4 0.4 0.45 0.54 0.58 0.48 0.5 0.48 0.58 0.42 0.47 0.476 0.46 1.345 0.59 0.47 1.345 0.4 1.483 0.5 0.5 1.483 0.25 0.37 0.68 0.23 0.3 0.33 1.05 0.46 0.58 0.26 0.1 0.4 0.58 0.46 0.686 0.23 0.5 0.46 0.47 0.45 0.58 0.54 0.47 0.36 0.476 0.5 0.37 0.4 0.38 0.65 0.71 0.23 1.248 0.4 0.54 0.54 0.377 0.25 0.4 0.4 0.46 0.4 0.41 1.345 0.68 0.68 1.483 0.36 1.345 0.4 0.65 1.345 0.41 0.47 0.47 0.4 1.49 0.59 0.58 0.6 0.3 0.485 0.65 0.19 0.3 0.17 0.5 1.43 0.56 0.36 0.485 0.47 0.59 0.19 1.483 0.68 0.27 0.39 0.4 0.46 0.5 0.54 0.485 0.5 0.42 0.37 0.59 0.5 0.09 1.248 0.4 0.42 0.617 0.49 0.43 1.46 0.56 0.36 0.59 0.33 0.25 0.45 0.54 0.53 0.4 0.46 0.4 0.56 0.4 0.1 1.345 0.11 0.36 1.05 0.33 0.377 0.56 0.3 0.54 0.56 0.52 0.31 0.5 0.4 0.4 0.37 0.58 0.65 0.37 0.45 0.3 0.7 0.476 0.4 0.4 1.345 0.43 0.4 0.54 0.54 0.43 0.52 0.23 0.45 0.65 0.25 0.09 0.4 0.54 0.55 0.53 0.42 0.5 0.45 0.56 0.25 0.3 0.637 0.3 0.23 0.55 0.65 0.22 0.59 0.54 0.55 0.58 0.686 0.4 0.4 0.58 0.481 0.58 0.636 0.22 0.19 0.4 0.4 0.36 0.45 0.3 0.56 0.46 0.54 0.4 0.14 0.4 0.53 0.4 0.4 0.46 0.58 0.54 0.11 0.55 0.46 0.2 0.53 0.4 0.901 0.51 0.56 1.46 0.37 0.65 0.45 0.38 0.46 0.54 0.43 0.1 0.5 0.33 0.54 0.54 1.67 0.71 0.648 0.4 0.17 0.481 0.36 0.46 0.33 0.48 0.4 0.47 0.47 0.34 0.53 0.38 0.4 0.42 0.47 0.45 0.2 0.7 0.34 0.45 0.23 0.5 0.54 0.23 0.45 0.635 0.54 1.483 0.41 0.46 0.53 0.4 0.5 1.03 0.22 1.345 0.65 1.05 1.483 0.42 0.5 0.58 0.43 0.48 0.11 0.43 0.42 0.37 0.53 0.37 1.67 0.762 0.54 0.56 1.483 0.4 0.58 0.4 0.4 0.45 0.23 0.301 0.5 0.37 0.4 0.42 0.46 0.7 0.48 0.48 1.66 1.05 1.483 0.4 0.4 0.54 0.42 0.55 1.46 0.5 0.36 0.52 0.4 0.481 0.2 0.4 0.09 0.37 0.465 0.52 0.37 0.5 0.5 0.26 0.42 0.4 0.34 0.52 0.1 0.71 0.636 0.32 0.17 0.59 0.25 0.37 0.22 0.41 0.27 0.3 0.33 0.53 0.55 0.46 0.43 0.45 0.4 0.47 0.26 0.41 1.42 0.55 0.43 0.59 0.465 0.3 0.56 0.637 0.5 0.301 0.636 0.5 0.4 0.6 1.66 0.48 0.42 0.42 0.46 0.54 0.56 0.901 0.55 0.38 1.35 0.52 0.52 0.58 0.65 0.41 0.22 0.4 0.3 0.4 0.31 0.47 0.485 0.901 0.47 0.47 0.5 0.4 0.49 0.54 0.4 0.59 0.48 0.901 0.5 0.33 0.59 0.5 0.55 0.39 0.22 0.33 0.37 0.42 0.54 1.483 0.53 0.32 0.53 0.53 0.4 0.4 0.52 1.345 0.58 0.6 0.54 0.39 0.5 0.4 0.5 0.45 0.22 0.51 0.724 0.47 0.47 0.4 0.47 0.55 0.762 0.4 0.56 0.54 0.53 0.53 0.52 1.43 0.59 0.377 0.47 0.32 0.23 1.44 0.46 0.43 0.39 0.4 0.46 1.46 1.345 0.762 0.4 0.25 0.56 0.39 0.54 0.39 0.762 0.53 0.635 0.56 1.248 0.648 0.47 0.47 1.38 0.724 0.5 0.59 0.45 0.5 0.36 0.14 0.51 0.41 0.43 1.4 0.46 0.52 0.4 0.648 0.47 0.6 0.301 1.483 0.42 0.37 1.345 0.68 0.52 0.46 1.248 0.56 0.58 0.901 0.45 0.5 0.31 0.465 0.46 0.25 0.4 0.635 0.1 0.58 0.637 0.58 0.1 0.901 0.4 0.54 0.4 0.42 0.45 0.41 0.54 0.42 0.5 0.3 0.43 0.59 1.05 0.4
Dot Production Prediction of Lab Growth Rates:
0.324341 0.311136 0.378476 0.36836 0.607853 0.714963 1.03447 0.354277 1.06926 0.392761 0.398295 0.531561 0.440416 0.372217 0.71046 0.390698 0.545524 0.403999 0.311964 0.362593 0.531625 0.441383 0.664425 0.552658 0.418094 1.00119 0.543764 0.396372 0.433021 0.320785 0.299383 0.323327 0.469185 1.12161 0.353948 0.431087 0.373084 0.369839 1.28967 0.368335 0.699699 0.597047 0.835158 1.62092 1.47921 0.543462 0.435482 0.400276 0.402649 1.53098 0.533088 0.46766 0.345476 0.537566 0.337356 0.472491 0.368711 0.410555 0.489491 0.46002 1.02954 0.548726 0.471048 0.984838 0.409945 1.02103 0.474962 0.480602 1.01996 0.311794 0.427269 0.432281 0.539599 0.426738 0.512484 1.05037 0.509168 0.479897 0.480084 0.465682 0.402828 0.340949 0.464446 0.715157 0.440652 0.340655 0.458944 0.355144 0.404074 0.476338 0.43546 0.431182 0.333749 0.492528 0.529479 0.422608 0.404206 0.376448 0.690139 0.711022 0.439154 0.835381 0.405607 0.320037 0.41925 0.48617 0.357236 0.400021 0.399149 0.40469 0.408944 0.48805 1.00463 0.431494 0.428747 0.981712 0.333385 1.04106 0.409331 0.657964 0.973808 0.330348 0.396017 0.408897 0.401348 1.62092 0.549455 0.47518 0.508535 0.307439 0.483872 0.632695 0.333256 0.531607 0.349457 0.543608 1.42833 0.484017 0.370741 0.485062 0.350683 0.548105 0.330227 1.03838 0.432068 0.59629 0.328313 0.405301 0.306148 0.537261 0.354013 0.483489 0.329145 0.37117 0.547386 0.35537 0.650551 0.440003 0.843255 0.398536 0.594031 0.552772 0.393163 0.432947 1.54965 0.477792 0.431549 0.396117 0.380898 0.732998 0.37005 0.399992 0.40863 0.403018 0.35997 0.405748 0.542407 0.399836 0.383155 1.03308 0.376163 0.358862 1.05 0.326998 0.485235 0.533018 0.483204 0.451409 0.468656 0.358262 0.555003 0.528078 0.405013 0.402842 0.418883 0.391025 0.649999 0.423106 0.425996 0.49452 0.702179 0.492208 0.405921 0.407178 0.953548 0.413998 0.402267 0.452466 0.541735 0.382999 0.38808 0.532838 0.380838 0.677139 0.548161 0.376521 0.407411 0.547929 0.444246 0.548665 0.33279 0.401644 0.341938 0.535938 0.529474 0.357983 0.698827 0.40843 0.527709 0.545949 0.648035 0.471942 0.546198 0.54205 0.441689 0.477034 0.713695 0.408755 0.401325 0.475791 0.487399 0.355956 0.709879 0.468254 0.345754 0.400026 0.401972 0.349874 0.374576 0.542501 0.545036 0.453514 0.438906 0.418962 0.140051 0.408736 0.530098 0.406955 0.403964 0.365978 0.472591 0.411343 0.331731 0.550224 0.472446 0.395995 0.529303 0.407395 0.79723 0.417511 0.470771 1.01233 0.394129 0.634507 1.50588 0.352544 0.45901 0.342981 0.373882 1.02077 0.388927 0.473742 0.34534 0.405945 1.54229 0.716349 0.699998 0.408887 0.432395 0.486716 0.414237 0.372164 0.34014 0.333751 0.401795 0.361405 0.499859 0.335512 0.39881 0.324983 0.407268 0.350824 0.358677 0.419944 0.439398 0.69574 0.320382 1.52491 0.540607 0.349648 0.449215 0.539518 0.33602 0.704472 0.41136 0.978844 0.39144 0.449641 0.346963 0.408268 0.566133 1.42076 0.386177 1.0534 0.657787 1.59317 0.955907 0.593806 0.666554 0.467532 0.435343 0.349878 0.36623 0.467607 0.348735 0.419275 0.524327 0.415364 1.55218 0.769612 0.540002 0.532508 1.01978 0.401915 0.482736 0.408385 0.402853 1.55728 0.533984 0.490459 0.637996 0.392549 0.406407 0.354836 0.529169 0.704461 0.317766 0.355018 1.66 0.992754 1.00412 0.408044 0.399941 0.355861 0.356329 0.546078 1.0138 0.694909 0.34524 0.400053 0.409552 0.486303 0.428367 0.40601 0.330299 0.431824 0.488734 0.396863 0.43245 0.586379 0.469271 0.363004 0.315875 0.399922 0.319364 0.404786 0.454652 0.712473 0.70292 0.319992 0.339043 0.547034 1.55945 0.334008 0.47053 0.487964 0.367128 0.298849 0.330566 0.52836 0.442421 0.429091 0.352205 0.357847 0.403719 0.443715 0.57421 0.483991 1.59901 0.444359 0.399258 0.373137 0.491167 0.495645 0.549529 0.700328 0.635588 0.489483 0.71228 0.375998 0.408199 0.51024 1.66 0.327532 0.374082 0.358998 0.472916 0.531831 0.479436 0.901 0.544233 0.332406 1.25771 0.354768 0.375917 0.371618 0.649981 0.389788 0.474057 0.401686 0.506704 0.407293 0.557534 0.378579 0.487551 0.903645 0.422841 0.354835 0.321649 0.40628 0.369844 0.433428 0.40536 0.335178 0.307786 0.901378 0.473862 0.378303 0.333852 0.604356 0.430866 0.366961 0.472785 0.369493 0.405189 0.345674 0.540174 1.03967 0.355158 0.326295 0.305009 0.51149 0.406525 0.348255 0.38681 1.03973 0.384249 0.508212 0.343732 0.306548 0.473031 0.352214 0.479277 1.59735 0.366416 0.405115 0.710704 0.498516 0.41295 0.405806 0.359195 0.550498 0.761996 0.401084 0.548903 0.387305 0.361438 0.555525 0.401349 1.43038 0.346283 0.482591 0.441358 0.356578 0.439492 1.59025 0.306738 0.447095 0.347286 0.399972 0.545548 1.01137 1.05659 0.770163 0.403629 0.37262 0.537189 0.334919 0.388387 0.337469 0.764812 0.429123 0.700373 0.53836 0.834356 0.694851 0.395219 0.358756 1.36404 0.71183 0.372047 0.36775 0.342233 0.358036 0.357845 0.139373 0.382824 0.384142 0.366912 1.54585 0.336799 0.37413 0.406593 0.701719 0.38343 0.521081 0.489126 0.988293 0.390878 0.450687 1.04019 0.433106 0.363269 0.46978 0.838964 0.545265 0.460148 0.899473 0.4028 0.330837 0.565047 0.490831 0.439061 0.372466 0.405556 0.703812 0.745462 0.469399 0.69663 0.36967 1.04701 0.914599 0.406896 0.38903 0.408391 0.610028 1.51076 0.352418 0.415706 0.30676 0.324919 0.450148 0.422719 0.405478 1.04999 0.401214
Testing:
Lab Growth Rates:
0.27 0.27 0.27
Dot Production Prediction of Lab Growth Rates:
0.330656 0.399932 0.362932
Best performance so far: 
Obj: 4.671e-310Rho: 2.26291e-314Diff: 4.671e-310
Anneal again with the best G and E so far as input
Cycle 2Round 1
Iter 500000 pBad 0.80492 T 0.00100454 Obj 1.07567 Rho 0 GRdif 42.7453 success 108054 failure 11062 obj_new 1.07567 SA_pAcc 1.12862 Delta -0.000650588 SA_r 0.645014 freedomratio 0.261141
Iter 1000000 pBad 0.774838 T 0.000258329 Obj 1.03493 Rho 0 GRdif 20.121 success 213182 failure 30150 obj_new 1.03493 SA_pAcc 1 Delta -0.0133066 SA_r 0.136345 freedomratio 0.257243
Iter 1500000 pBad 0.632599 T 6.64323e-05 Obj 1.02669 Rho 0 GRdif 15.4375 success 315881 failure 55563 obj_new 1.02669 SA_pAcc 1.11222 Delta -0.055069 SA_r 0.544993 freedomratio 0.260676
Iter 2000000 pBad 0.464351 T 1.70838e-05 Obj 1.02086 Rho 0 GRdif 12.098 success 414550 failure 90827 obj_new 1.02086 SA_pAcc 0.893958 Delta -0.0313086 SA_r 0.0586999 freedomratio 0.24915
Iter 2500000 pBad 0.392993 T 4.3933e-06 Obj 1.01717 Rho 0 GRdif 9.97364 success 510794 failure 130217 obj_new 1.01717 SA_pAcc 1 Delta -0.0325171 SA_r 0.930426 freedomratio 0.244983
Iter 3000000 pBad 0.265727 T 1.12979e-06 Obj 1.01223 Rho 0 GRdif 7.15579 success 594288 failure 199688 obj_new 1.01229 SA_pAcc 3.71112e-21 Delta 0.00906497 SA_r 0.0632385 freedomratio 0.240066
Iter 3500000 pBad 0.174839 T 2.90538e-07 Obj 1.01029 Rho 0 GRdif 6.0017 success 666823 failure 296595 obj_new 1.01029 SA_pAcc 3.60405e-05 Delta 0.0169924 SA_r 0.979826 freedomratio 0.228817
Iter 4000000 pBad 0.0646754 T 7.47152e-08 Obj 1.00933 Rho 0 GRdif 5.44323 success 717428 failure 451156 obj_new 1.00933 SA_pAcc 0.00546072 Delta -0.0014968 SA_r 0.665284 freedomratio 0.200822
Iter 4500000 pBad 0.0384701 T 1.92139e-08 Obj 1.00895 Rho 0 GRdif 5.22587 success 751007 failure 667224 obj_new 1.00896 SA_pAcc 1.36018e-140 Delta 0.00364204 SA_r 0.912183 freedomratio 0.181931
Iter 5000000 pBad 0.0223851 T 4.94107e-09 Obj 1.00881 Rho 0 GRdif 5.13823 success 770817 failure 939851 obj_new 1.00881 SA_pAcc 1 Delta -0.00134667 SA_r 0.504394 freedomratio 0.163916
Iter 5500000 pBad 0.00704548 T 1.27065e-09 Obj 1.00874 Rho 0 GRdif 5.09978 success 782179 failure 1253305 obj_new 1.00874 SA_pAcc 1.07125e-30 Delta -0.000514289 SA_r 0.107563 freedomratio 0.154658
Iter 6000000 pBad 0.00496294 T 3.26763e-10 Obj 1.00872 Rho 0 GRdif 5.08975 success 790173 failure 1587254 obj_new 1.00872 SA_pAcc 0 Delta -8.12045e-05 SA_r 0.588952 freedomratio 0.150102
Iter 6500000 pBad 0.00262848 T 8.40309e-11 Obj 1.00871 Rho 0 GRdif 5.08316 success 795841 failure 1934152 obj_new 1.00871 SA_pAcc 1 Delta 9.42357e-06 SA_r 0.598404 freedomratio 0.147125
Iter 7000000 pBad 0.000888085 T 2.16095e-11 Obj 1.00871 Rho 0 GRdif 5.08069 success 799978 failure 2292102 obj_new 1.00871 SA_pAcc 1 Delta 1.61732e-05 SA_r 0.703987 freedomratio 0.143874
Iter 7500000 pBad 0.000810072 T 5.55714e-12 Obj 1.00871 Rho 0 GRdif 5.07947 success 804056 failure 2657874 obj_new 1.00871 SA_pAcc 2.17651e-232 Delta 4.50614e-05 SA_r 0.00791177 freedomratio 0.140292
Iter 8000000 pBad 0.000107157 T 1.42908e-12 Obj 1.0087 Rho 0 GRdif 5.0788 success 808659 failure 3032961 obj_new 1.0087 SA_pAcc 0 Delta -2.1975e-06 SA_r 0.579329 freedomratio 0.137882
Iter 8500000 pBad 1.77616e-68 T 3.67505e-13 Obj 1.0087 Rho 0 GRdif 5.07821 success 814057 failure 3395688 obj_new 1.0087 SA_pAcc 0 Delta 2.39937e-70 SA_r 0.979934 freedomratio 0.133912
Iter 9000000 pBad 8.86203e-78 T 9.45081e-14 Obj 1.0087 Rho 0 GRdif 5.07921 success 814168 failure 3710546 obj_new 1.00871 SA_pAcc 0 Delta -4.2336e-79 SA_r 0.802457 freedomratio 0.127308
Iter 9500000 pBad 0 T 2.43039e-14 Obj 1.0087 Rho 0 GRdif 5.0782 success 814168 failure 4037901 obj_new 1.0087 SA_pAcc 1 Delta -0 SA_r 0.823685 freedomratio 0.0724172
Good enough
iter 8.58338e+06 obj1.0087 rho 0 GRdif 5.0782
Training:
Lab Growth Rates:
0.59 0.48 0.52 0.58 0.5 0.686 1.483 0.47 1.345 0.3 0.4 0.56 0.55 0.38 0.724 0.27 0.59 0.43 0.58 0.45 0.53 0.22 0.5 0.55 0.37 1.483 0.56 0.42 0.47 0.5 0.3 0.58 0.56 0.1 0.47 0.37 0.41 0.42 0.1 0.49 0.7 0.5 1.248 0.45 0.1 0.59 0.33 0.4 0.4 0.45 0.54 0.58 0.48 0.5 0.48 0.58 0.42 0.47 0.476 0.46 1.345 0.59 0.47 1.345 0.4 1.483 0.5 0.5 1.483 0.25 0.37 0.68 0.23 0.3 0.33 1.05 0.46 0.58 0.26 0.1 0.4 0.58 0.46 0.686 0.23 0.5 0.46 0.47 0.45 0.58 0.54 0.47 0.36 0.476 0.5 0.37 0.4 0.38 0.65 0.71 0.23 1.248 0.4 0.54 0.54 0.377 0.25 0.4 0.4 0.46 0.4 0.41 1.345 0.68 0.68 1.483 0.36 1.345 0.4 0.65 1.345 0.41 0.47 0.47 0.4 1.49 0.59 0.58 0.6 0.3 0.485 0.65 0.19 0.3 0.17 0.5 1.43 0.56 0.36 0.485 0.47 0.59 0.19 1.483 0.68 0.27 0.39 0.4 0.46 0.5 0.54 0.485 0.5 0.42 0.37 0.59 0.5 0.09 1.248 0.4 0.42 0.617 0.49 0.43 1.46 0.56 0.36 0.59 0.33 0.25 0.45 0.54 0.53 0.4 0.46 0.4 0.56 0.4 0.1 1.345 0.11 0.36 1.05 0.33 0.377 0.56 0.3 0.54 0.56 0.52 0.31 0.5 0.4 0.4 0.37 0.58 0.65 0.37 0.45 0.3 0.7 0.476 0.4 0.4 1.345 0.43 0.4 0.54 0.54 0.43 0.52 0.23 0.45 0.65 0.25 0.09 0.4 0.54 0.55 0.53 0.42 0.5 0.45 0.56 0.25 0.3 0.637 0.3 0.23 0.55 0.65 0.22 0.59 0.54 0.55 0.58 0.686 0.4 0.4 0.58 0.481 0.58 0.636 0.22 0.19 0.4 0.4 0.36 0.45 0.3 0.56 0.46 0.54 0.4 0.14 0.4 0.53 0.4 0.4 0.46 0.58 0.54 0.11 0.55 0.46 0.2 0.53 0.4 0.901 0.51 0.56 1.46 0.37 0.65 0.45 0.38 0.46 0.54 0.43 0.1 0.5 0.33 0.54 0.54 1.67 0.71 0.648 0.4 0.17 0.481 0.36 0.46 0.33 0.48 0.4 0.47 0.47 0.34 0.53 0.38 0.4 0.42 0.47 0.45 0.2 0.7 0.34 0.45 0.23 0.5 0.54 0.23 0.45 0.635 0.54 1.483 0.41 0.46 0.53 0.4 0.5 1.03 0.22 1.345 0.65 1.05 1.483 0.42 0.5 0.58 0.43 0.48 0.11 0.43 0.42 0.37 0.53 0.37 1.67 0.762 0.54 0.56 1.483 0.4 0.58 0.4 0.4 0.45 0.23 0.301 0.5 0.37 0.4 0.42 0.46 0.7 0.48 0.48 1.66 1.05 1.483 0.4 0.4 0.54 0.42 0.55 1.46 0.5 0.36 0.52 0.4 0.481 0.2 0.4 0.09 0.37 0.465 0.52 0.37 0.5 0.5 0.26 0.42 0.4 0.34 0.52 0.1 0.71 0.636 0.32 0.17 0.59 0.25 0.37 0.22 0.41 0.27 0.3 0.33 0.53 0.55 0.46 0.43 0.45 0.4 0.47 0.26 0.41 1.42 0.55 0.43 0.59 0.465 0.3 0.56 0.637 0.5 0.301 0.636 0.5 0.4 0.6 1.66 0.48 0.42 0.42 0.46 0.54 0.56 0.901 0.55 0.38 1.35 0.52 0.52 0.58 0.65 0.41 0.22 0.4 0.3 0.4 0.31 0.47 0.485 0.901 0.47 0.47 0.5 0.4 0.49 0.54 0.4 0.59 0.48 0.901 0.5 0.33 0.59 0.5 0.55 0.39 0.22 0.33 0.37 0.42 0.54 1.483 0.53 0.32 0.53 0.53 0.4 0.4 0.52 1.345 0.58 0.6 0.54 0.39 0.5 0.4 0.5 0.45 0.22 0.51 0.724 0.47 0.47 0.4 0.47 0.55 0.762 0.4 0.56 0.54 0.53 0.53 0.52 1.43 0.59 0.377 0.47 0.32 0.23 1.44 0.46 0.43 0.39 0.4 0.46 1.46 1.345 0.762 0.4 0.25 0.56 0.39 0.54 0.39 0.762 0.53 0.635 0.56 1.248 0.648 0.47 0.47 1.38 0.724 0.5 0.59 0.45 0.5 0.36 0.14 0.51 0.41 0.43 1.4 0.46 0.52 0.4 0.648 0.47 0.6 0.301 1.483 0.42 0.37 1.345 0.68 0.52 0.46 1.248 0.56 0.58 0.901 0.45 0.5 0.31 0.465 0.46 0.25 0.4 0.635 0.1 0.58 0.637 0.58 0.1 0.901 0.4 0.54 0.4 0.42 0.45 0.41 0.54 0.42 0.5 0.3 0.43 0.59 1.05 0.4
Dot Production Prediction of Lab Growth Rates:
0.328863 0.316566 0.372109 0.33979 0.761331 0.68403 1.33315 0.349134 1.38932 0.358256 0.398975 0.552584 0.468236 0.38586 0.679387 0.374402 0.543917 0.369439 0.286685 0.326083 0.529947 0.453489 0.774924 0.561113 0.413487 1.36067 0.551804 0.354212 0.391345 0.317786 0.256917 0.322858 0.466414 1.8331 0.361689 0.428592 0.361824 0.3467 1.87989 0.400585 0.785956 0.739426 0.867696 1.48768 1.36599 0.543953 0.460751 0.402038 0.399546 1.41694 0.540967 0.468081 0.348883 0.56156 0.306106 0.468722 0.333194 0.361747 0.543178 0.451057 1.29646 0.554795 0.44833 1.34352 0.404056 1.35675 0.472806 0.479236 1.28634 0.309581 0.421013 0.417445 0.547235 0.39429 0.518473 1.06906 0.527534 0.473499 0.455372 0.454347 0.386549 0.355063 0.437693 0.682976 0.435848 0.337446 0.460022 0.37256 0.362694 0.472996 0.452335 0.440325 0.349548 0.546032 0.533473 0.4171 0.406871 0.382539 0.678346 0.674825 0.434132 0.867402 0.395702 0.293271 0.369376 0.542418 0.349524 0.392954 0.397262 0.389896 0.406611 0.542845 1.37605 0.413193 0.414164 1.32948 0.335283 1.33154 0.408974 0.659462 1.33384 0.328745 0.404095 0.397857 0.398918 1.48768 0.550904 0.469976 0.61761 0.260428 0.537893 0.621751 0.325166 0.626576 0.30127 0.543409 1.23761 0.473349 0.38002 0.543517 0.363954 0.552097 0.317622 1.34973 0.417933 0.608502 0.322946 0.397967 0.307075 0.559922 0.391251 0.538511 0.338964 0.310404 0.548719 0.347617 0.808835 0.465818 0.878715 0.400005 0.59052 0.729769 0.41673 0.391956 1.41233 0.474585 0.431498 0.346483 0.321084 0.97677 0.370262 0.35129 0.428737 0.394395 0.33557 0.400009 0.549133 0.396435 0.3527 1.33808 0.399638 0.367763 1.06956 0.314242 0.545283 0.528909 0.560843 0.459857 0.466052 0.348019 0.577754 0.53386 0.394469 0.39157 0.413196 0.392315 0.649021 0.416503 0.40954 0.558722 0.796608 0.545573 0.399867 0.399062 1.32664 0.397699 0.403019 0.460653 0.535474 0.364318 0.399004 0.546644 0.354819 0.684007 0.558378 0.389419 0.402316 0.55198 0.473392 0.54393 0.319821 0.448828 0.365124 0.550132 0.50507 0.31131 0.670256 0.467084 0.547984 0.54516 0.649962 0.481236 0.553183 0.534584 0.470251 0.468368 0.678156 0.403582 0.396361 0.472078 0.538177 0.399591 0.681941 0.474164 0.334056 0.393234 0.404911 0.364276 0.388087 0.605807 0.548027 0.459061 0.457498 0.37205 0.405204 0.402047 0.535285 0.401034 0.388907 0.355892 0.465886 0.345632 0.345717 0.55895 0.466789 0.35592 0.546923 0.403931 0.846784 0.431073 0.469063 1.03492 0.397131 0.642855 1.37221 0.288716 0.461022 0.309194 0.374887 1.56528 0.401181 0.504835 0.339806 0.382841 1.36802 0.682713 0.671785 0.40385 0.430449 0.540639 0.426899 0.361287 0.318835 0.346261 0.402591 0.308922 0.466467 0.3349 0.399516 0.310557 0.399644 0.318296 0.368738 0.428335 0.373962 0.785578 0.334439 1.39782 0.548792 0.351383 0.44247 0.545143 0.30699 0.676662 0.407736 1.32152 0.403908 0.427354 0.318356 0.401427 0.73897 1.26003 0.402434 1.34914 0.655197 1.4084 1.30492 0.579447 0.821841 0.465724 0.42277 0.355258 0.374895 0.434878 0.341092 0.436197 0.529946 0.411534 1.43818 0.826537 0.554379 0.548107 1.27421 0.395741 0.471611 0.40334 0.404159 1.43025 0.553195 0.551026 0.792694 0.418202 0.395201 0.351277 0.527208 0.802262 0.27857 0.35042 1.46475 1.03483 1.28914 0.403238 0.382951 0.389548 0.285165 0.548592 1.03503 0.823873 0.324343 0.391928 0.404477 0.536552 0.375141 0.401895 0.356329 0.428232 0.542671 0.403939 0.427742 0.701258 0.466155 0.383555 0.300197 0.393406 0.31208 0.376482 0.448448 0.678722 0.68539 0.309227 0.311698 0.541345 1.42617 0.288215 0.482631 0.541794 0.373899 0.256112 0.326184 0.528591 0.471388 0.415536 0.356641 0.337349 0.386894 0.388395 0.570944 0.539921 1.47323 0.468843 0.339131 0.326328 0.544245 0.572452 0.548634 0.671648 0.764672 0.55128 0.685852 0.363931 0.401791 0.603027 1.47429 0.279014 0.342647 0.357568 0.46542 0.541492 0.471801 0.901006 0.552444 0.294552 1.15029 0.366776 0.37128 0.361054 0.649604 0.403773 0.485895 0.39317 0.592308 0.404669 0.576891 0.359733 0.543585 0.903542 0.389176 0.352386 0.32715 0.402866 0.409551 0.452329 0.400955 0.340816 0.300671 0.907623 0.474299 0.373895 0.316205 0.671678 0.450407 0.345339 0.488919 0.359491 0.408113 0.339894 0.536099 1.29842 0.3235 0.332519 0.280065 0.472209 0.396638 0.30561 0.354086 1.40988 0.399152 0.590583 0.333623 0.308501 0.46721 0.320296 0.472095 1.45827 0.351664 0.415312 0.683151 0.454106 0.366385 0.401591 0.339301 0.550228 0.813195 0.400381 0.556479 0.402836 0.380083 0.539625 0.385186 1.24242 0.319549 0.542611 0.448917 0.355871 0.434472 1.45736 0.296499 0.444196 0.352045 0.398041 0.545051 1.02166 1.35825 0.829289 0.392302 0.346386 0.548679 0.308887 0.381765 0.311242 0.817361 0.429863 0.673175 0.525536 0.867304 0.664399 0.403953 0.358114 1.23947 0.682707 0.384163 0.311824 0.359579 0.375196 0.356481 0.402729 0.395097 0.378169 0.354205 1.39998 0.337108 0.395591 0.400005 0.671284 0.375421 0.621288 0.549944 1.32638 0.407622 0.453865 1.33952 0.417256 0.351473 0.468254 0.872013 0.549823 0.451161 0.900854 0.41823 0.328971 0.598427 0.54483 0.39538 0.347597 0.40007 0.676443 0.965531 0.466499 0.666818 0.382057 1.53397 0.901003 0.401038 0.368235 0.40314 0.603289 1.3821 0.345173 0.371316 0.314157 0.336273 0.523126 0.410712 0.366684 1.05001 0.383515
Testing:
Lab Growth Rates:
0.27 0.27 0.27
Dot Production Prediction of Lab Growth Rates:
0.28521 0.378829 0.343362
Best performance so far: 
Obj: 4.671e-310Rho: 6.5069e-314Diff: 4.671e-310
Test:
 Lab Growth Rates:
0.27 0.27 0.27Dot Product Prediction of Growth Rate:
0.28521 0.3788291 0.3433623