seed =  5 traits =  1 
Training: part  117 
Training: part  117 
Round  1 
 Goal of obj  0.99 
Temperature range:  0.00390625 7.8125e-15 
Cycle 1Round 1
Iter 500000 pBad 0.844033 T 0.00101581 Obj 1.08817 Rho 0 GRdif 49.6841 success 145958 failure 10988 obj_new 1.08817 SA_pAcc 1 Delta 0.0641628 SA_r 0.500696 freedomratio 0.364991
Iter 1000000 pBad 0.777978 T 0.000264158 Obj 1.03659 Rho 0 GRdif 21.1305 success 288944 failure 30138 obj_new 1.03659 SA_pAcc 1 Delta -0.0317251 SA_r 0.802991 freedomratio 0.373333
Iter 1500000 pBad 0.649097 T 6.86935e-05 Obj 1.02058 Rho 0 GRdif 11.9799 success 428366 failure 57006 obj_new 1.02058 SA_pAcc 0.973832 Delta 0.0497733 SA_r 0.204653 freedomratio 0.356148
Iter 2000000 pBad 0.508202 T 1.78635e-05 Obj 1.0172 Rho 0 GRdif 10.0266 success 564147 failure 91850 obj_new 1.0172 SA_pAcc 1 Delta -0.0469538 SA_r 0.852568 freedomratio 0.370044
Iter 2500000 pBad 0.414265 T 4.64535e-06 Obj 1.0133 Rho 0 GRdif 7.76646 success 692687 failure 139043 obj_new 1.0133 SA_pAcc 0.918045 Delta 0.00660267 SA_r 0.348535 freedomratio 0.352729
Iter 3000000 pBad 0.232523 T 1.20801e-06 Obj 1.00964 Rho 0 GRdif 5.64269 success 802038 failure 224362 obj_new 1.00964 SA_pAcc 0.831212 Delta -0.0221323 SA_r 0.518775 freedomratio 0.336
Iter 3500000 pBad 0.120912 T 3.14139e-07 Obj 1.00871 Rho 0 GRdif 5.09823 success 886108 failure 362898 obj_new 1.00871 SA_pAcc 1 Delta -0.0114453 SA_r 0.498068 freedomratio 0.302158
Iter 4000000 pBad 0.050169 T 8.16908e-08 Obj 1.00845 Rho 0 GRdif 4.94624 success 934324 failure 584643 obj_new 1.00845 SA_pAcc 0.0015101 Delta -0.00264095 SA_r 0.817914 freedomratio 0.262735
Iter 4500000 pBad 0.0189754 T 2.12434e-08 Obj 1.00837 Rho 0 GRdif 4.89852 success 961461 failure 867445 obj_new 1.00837 SA_pAcc 1 Delta 0.000524156 SA_r 0.93366 freedomratio 0.230769
Iter 5000000 pBad 0.011801 T 5.52429e-09 Obj 1.00834 Rho 0 GRdif 4.88265 success 975492 failure 1192807 obj_new 1.00834 SA_pAcc 1 Delta -0.000497836 SA_r 0.930131 freedomratio 0.214286
Iter 5500000 pBad 0.00700909 T 1.43657e-09 Obj 1.00833 Rho 0 GRdif 4.87997 success 982445 failure 1542284 obj_new 1.00833 SA_pAcc 0 Delta -0.000405479 SA_r 0.346419 freedomratio 0.20903
Iter 6000000 pBad 0.00271959 T 3.73576e-10 Obj 1.00832 Rho 0 GRdif 4.8748 success 986739 failure 1902146 obj_new 1.00832 SA_pAcc 7.40785e-06 Delta -3.454e-05 SA_r 0.0833541 freedomratio 0.204807
Iter 6500000 pBad 0.00152165 T 9.71473e-11 Obj 1.00832 Rho 0 GRdif 4.87369 success 988767 failure 2269060 obj_new 1.00832 SA_pAcc 6.41909e-16 Delta -3.43916e-05 SA_r 0.411859 freedomratio 0.202829
Iter 7000000 pBad 0.000453506 T 2.52628e-11 Obj 1.00832 Rho 0 GRdif 4.87421 success 990109 failure 2639466 obj_new 1.00832 SA_pAcc 0 Delta -1.50079e-05 SA_r 0.0535325 freedomratio 0.201646
Iter 7500000 pBad 0.000809813 T 6.56952e-12 Obj 1.00832 Rho 0 GRdif 4.87262 success 990988 failure 3011897 obj_new 1.00832 SA_pAcc 0 Delta 7.40206e-05 SA_r 0.977047 freedomratio 0.201163
Iter 8000000 pBad 0.000362085 T 1.70838e-12 Obj 1.00832 Rho 0 GRdif 4.87244 success 993896 failure 3379923 obj_new 1.00832 SA_pAcc 0 Delta -2.27393e-05 SA_r 0.0251272 freedomratio 0.199593
Iter 8500000 pBad 2.10143e-05 T 4.44259e-13 Obj 1.00832 Rho 0 GRdif 4.87216 success 997184 failure 3742220 obj_new 1.00832 SA_pAcc 7.1124e-153 Delta 1.56501e-06 SA_r 0.618658 freedomratio 0.184442
Iter 9000000 pBad 7.22535e-23 T 1.15528e-13 Obj 1.00832 Rho 0 GRdif 4.87437 success 998572 failure 4040589 obj_new 1.00832 SA_pAcc 0 Delta -6.09088e-24 SA_r 0.0353429 freedomratio 0.184906
Iter 9500000 pBad 7.75855e-206 T 3.00428e-14 Obj 1.00832 Rho 0 GRdif 4.87282 success 998572 failure 4322044 obj_new 1.00832 SA_pAcc 0 Delta -2.51013e-208 SA_r 0.662411 freedomratio 0.168966
Iter 10000000 pBad 0 T 7.81252e-15 Obj 1.00832 Rho 0 GRdif 4.8721 success 998572 failure 4626079 obj_new 1.00832 SA_pAcc 1 Delta -0 SA_r 0.96945 freedomratio 0.0712814
Cannot move further
iter 8.71228e+06 obj1.00832 rho 0 GRdif 4.8721
Training:
Lab Growth Rates:
1.42 0.55 0.45 0.47 0.39 0.56 0.59 0.4 0.59 0.45 0.47 0.51 0.52 0.54 1.345 0.377 0.71 0.4 0.68 0.42 0.26 0.1 1.66 0.37 1.345 0.47 0.58 0.5 0.635 0.7 1.46 0.37 0.54 0.55 0.4 0.19 0.33 0.56 0.32 0.301 0.485 0.3 0.5 0.7 0.47 0.4 1.03 0.09 0.4 0.686 0.55 0.19 0.45 0.5 0.4 0.4 0.4 0.901 0.485 0.56 0.1 0.2 0.686 1.345 0.38 0.56 0.4 0.25 0.65 0.47 0.4 0.71 0.11 0.23 0.4 0.58 1.4 0.22 0.54 0.33 0.43 0.37 0.56 1.67 0.59 0.54 0.46 0.901 0.14 0.724 0.52 0.34 0.56 0.41 0.56 0.59 0.34 0.4 0.43 0.5 0.2 0.58 0.5 0.31 0.3 0.901 0.4 0.47 0.48 0.54 0.56 0.5 0.46 0.4 1.483 0.58 0.46 1.38 0.4 0.46 1.483 0.58 0.27 1.483 0.45 0.23 0.37 0.45 0.31 0.4 0.5 0.55 0.3 1.05 0.54 0.47 0.5 0.476 0.55 0.6 1.49 0.4 0.5 0.47 0.53 0.4 0.4 0.5 0.45 0.481 0.58 1.46 0.47 0.46 0.48 0.46 0.52 0.36 0.36 0.4 0.68 0.1 0.42 0.37 0.59 0.1 0.648 0.49 0.42 0.42 0.23 0.4 1.345 0.54 0.4 0.4 0.4 0.47 0.45 0.54 0.45 0.25 0.65 0.53 0.56 0.4 0.65 0.53 1.345 0.4 0.5 0.4 1.44 0.45 0.38 1.483 0.47 0.377 0.4 0.43 0.4 0.46 0.762 0.58 0.59 0.42 0.54 0.5 0.33 1.46 0.54 0.47 0.53 0.4 0.45 0.42 0.485 0.4 1.345 1.483 0.58 0.59 0.43 0.33 0.3 0.45 0.43 0.34 0.58 0.23 0.4 0.636 1.483 0.39 0.65 0.4 0.37 1.345 0.23 0.48 0.47 0.37 0.43 0.4 0.19 0.686 0.53 0.55 0.5 0.46 0.53 1.345 0.33 0.41 0.38 0.32 0.1 0.36 0.33 0.53 0.3 0.45 0.47 0.52 0.724 0.4 0.59 0.4 0.52 0.56 0.42 0.43 0.22 0.4 0.42 0.48 0.42 1.483 0.41 0.4 0.3 0.22 0.46 0.68 0.37 0.54 0.4 0.3 0.4 0.27 1.248 0.54 0.42 0.762 0.5 1.05 0.53 0.4 0.09 0.26 0.23 0.41 0.27 0.11 0.48 0.58 0.42 1.345 0.39 0.39 0.53 1.483 1.248 0.41 0.481 0.54 0.54 0.32 0.41 0.42 0.42 0.43 0.27 0.635 0.47 0.45 0.3 0.51 0.648 1.67 0.31 0.54 0.36 0.476 0.55 0.5 1.248 0.17 0.59 0.5 0.4 1.05 0.36 0.53 0.481 0.46 0.5 0.45 0.46 0.59 0.25 0.45 1.483 0.25 0.7 0.5 0.56 0.17 0.5 0.43 0.43 0.59 0.54 0.901 0.901 1.483 0.25 0.47 0.52 0.25 0.42 0.53 0.42 1.43 0.2 0.59 0.901 0.56 0.56 0.45 0.14 0.65 0.48 0.11 0.59 0.37 0.47 0.46 0.54 0.5 1.345 0.37 0.4 0.54 0.37 0.56 0.52 1.345 0.46 0.4 0.52 0.4 0.301 0.46 0.46 0.59 0.22 1.483 0.36 0.47 0.54 0.4 0.39 0.41 0.65 0.47 0.5 0.724 0.52 0.47 0.46 0.56 0.27 0.1 0.68 0.71 0.52 0.55 0.55 0.46 1.483 0.56 0.53 0.68 0.23 0.65 1.05 0.53 0.58 0.41 0.4 1.66 0.6 0.58 0.27 0.65 0.5 0.33 0.54 0.37 0.37 0.43 0.648 0.762 0.1 0.59 0.4 0.58 0.48 0.49 1.345 0.52 0.4 0.5 0.47 0.5 0.4 0.42 0.54 0.17 0.42 0.38 0.46 0.465 0.476 0.4 0.3 1.248 0.637 0.4 0.4 0.5 1.35 0.1 0.5 0.37 0.46 0.53 0.26 0.6 0.56 0.48 0.3 0.4 0.52 1.05 0.47 0.36 0.36 0.58 0.53 0.4 0.47 0.55 0.3 0.43 0.39 0.45 0.58 0.54 0.762 0.637 0.635 0.301 0.3 0.37 0.58 0.49 0.55 0.617 0.22 0.54 0.45 0.45 0.33 0.54 0.636 0.465 0.47 0.5 0.54 0.636 0.58 0.3 0.58 0.25 0.4 0.22 0.4 0.5 0.377 0.7 0.41 0.5 0.5 0.5 0.54 0.46 0.23 0.4 0.4 0.09 0.37 0.54 0.48 0.465 0.58 1.43 0.56 0.4 0.58 0.46 0.65 0.4 0.4 0.58 0.3 0.23 0.5 0.51 0.22 0.637 0.36 0.33 0.6 0.38 1.248 0.22 0.55 1.46 0.1 0.42 0.485 0.4 0.5 0.59 0.25 0.54
Dot Production Prediction of Lab Growth Rates:
1.49027 0.549873 0.368644 0.365775 0.307257 0.544812 0.326881 0.407034 0.540155 0.366368 0.348993 0.406622 0.348389 0.448201 0.977573 0.434141 0.720883 0.396949 0.433833 0.395331 0.568908 0.449229 1.66 0.423282 1.0097 0.34986 0.467 0.353659 0.712312 0.699897 1.01372 0.325845 0.322845 0.548832 0.402655 0.335694 0.36441 0.532566 0.31535 0.429156 0.42752 0.421825 0.542402 0.698697 0.397482 0.397517 1.35293 0.370371 0.401207 0.723069 0.549024 0.330473 0.338415 0.637823 0.407791 0.408317 0.402483 0.901287 0.43607 0.545021 1.39268 0.426004 0.723381 0.998505 0.378376 0.464027 0.403002 0.521706 0.6808 0.482746 0.398892 0.726736 0.365647 0.428681 0.362473 0.366125 1.40662 0.466078 0.541369 0.498462 0.367655 0.408902 0.553261 1.4793 0.411176 0.397454 0.457938 0.907538 0.140122 0.724005 0.378015 0.3224 0.466224 0.348603 0.537949 0.317423 0.341432 0.408635 0.425138 0.467879 0.429378 0.469313 0.463783 0.553553 0.393304 0.910078 0.405314 0.418007 0.332822 0.349184 0.544194 0.362965 0.473324 0.408391 0.980974 0.473168 0.367949 1.3034 0.409897 0.452942 0.961332 0.469098 0.319407 0.980377 1.49825 0.543238 0.415554 1.50403 0.558463 0.399818 0.628336 0.552449 0.339237 1.05347 0.534623 0.457858 0.342525 0.439626 0.446357 0.406188 1.49825 0.408721 0.369058 0.412766 0.536063 0.417834 0.408592 0.325454 0.372493 0.433514 0.465455 0.992917 0.346406 0.460032 0.337061 0.421765 0.387143 0.334114 0.370178 0.405591 0.428611 0.707599 0.308842 0.410919 0.36316 0.800731 0.710141 0.377714 0.342717 0.350095 0.429562 0.405334 0.959181 0.546272 0.408652 0.409705 0.399969 0.406006 1.4228 0.463352 1.46509 0.5465 0.671627 0.414416 0.551729 0.405374 0.62875 0.390975 1.0317 0.407738 0.470109 0.410028 1.5058 1.45292 0.321825 0.950651 0.414577 0.433613 0.411137 0.413129 0.410932 0.438413 0.917127 0.377741 0.336631 0.591389 0.455725 0.37157 0.367697 1.72505 0.330622 0.410702 0.536816 0.405982 1.4478 0.337473 0.429406 0.40361 1.00337 0.979025 0.469403 0.349311 0.381393 0.329667 0.298935 0.345063 0.337662 0.313089 0.325993 0.537194 0.407092 0.724718 0.976068 0.328342 0.645044 0.399534 0.394348 1.00929 0.430116 0.331834 0.34998 0.411689 0.404957 0.409675 0.331784 0.725574 0.545503 0.453981 0.325246 0.357172 0.492224 1.0215 0.359534 0.374935 0.339379 0.32118 1.00572 0.328692 0.330088 0.388154 0.291843 1.42676 0.364614 0.371014 0.72169 0.401896 0.552146 0.408683 0.347799 0.473941 0.353655 0.415148 0.461005 0.408816 0.320849 0.331408 0.357834 0.958217 0.432601 0.400272 0.39099 0.371717 0.502024 0.432397 0.407445 0.385792 0.406363 0.399181 0.407482 0.357574 0.93838 0.380974 0.366816 0.907988 0.389329 1.05 0.527176 0.401257 0.437085 0.47394 0.546691 0.423293 0.393449 0.367701 0.315192 0.458462 0.336687 0.947219 0.327721 0.354371 0.341716 0.947513 0.93751 0.355011 0.4331 0.402601 0.340492 0.349576 0.320147 0.352914 0.345039 0.446839 0.396378 0.711975 0.354585 0.386764 0.438533 0.393701 0.71044 1.3779 0.55933 0.541454 0.340325 0.441262 0.449344 0.52734 0.948333 0.413505 0.350857 0.550456 0.408163 1.04771 0.413849 0.53001 0.434825 0.390566 0.326297 0.416092 0.445894 0.550173 0.382716 0.344989 0.971544 0.682363 0.703197 0.46678 0.545642 0.344616 0.473897 0.456019 0.349023 0.397712 0.406268 0.901 0.89577 0.994541 0.364654 0.370978 0.362137 1.46975 0.577294 0.346871 0.371211 1.34889 0.387369 0.555449 0.900849 0.549466 0.538499 0.419204 0.139986 0.641868 0.308254 0.328704 0.543246 0.419509 0.343598 0.471679 0.459385 0.541818 1.02062 0.4385 0.403034 0.419368 0.410253 0.467364 0.364766 0.943172 0.542818 0.398847 0.40144 0.36072 0.429446 0.533626 0.340374 0.327775 0.469101 0.988923 0.348129 0.389379 0.383136 0.401867 0.346969 0.379009 0.657452 0.428304 0.509136 0.720916 0.347783 0.418096 0.466131 0.466746 0.589738 0.857178 0.435549 0.723599 0.391099 0.549394 0.4455 0.458151 1.00396 0.470585 0.530496 0.432121 0.543939 0.64997 0.993212 0.537533 0.473336 0.433064 0.407515 1.66 0.407506 0.323615 0.356192 0.649989 0.466437 0.343092 0.551101 0.380707 0.420384 0.355453 0.713341 0.917422 0.456369 0.548837 0.409075 0.346314 0.327233 0.35703 0.998014 0.377493 0.399295 0.609892 0.352784 0.623696 0.408834 0.3792 0.356403 0.336417 0.580804 0.346934 0.326883 0.4397 0.44093 0.395541 0.385752 0.941688 0.709363 0.407333 0.396341 0.340681 1.25613 0.804924 0.545534 0.555313 0.313623 0.341259 0.368586 0.427252 0.543066 0.305159 0.388839 0.395324 0.371848 1.77712 0.492304 0.393788 0.343939 0.365661 0.302933 0.399974 0.344669 0.552462 0.2923 0.433843 0.318382 0.38477 0.359318 0.536728 0.914837 0.70625 0.713912 0.428758 0.36777 0.37953 0.467334 0.36762 0.454399 0.549375 0.424745 0.373186 0.365967 0.350382 0.426654 0.446926 0.712166 0.440239 0.389014 0.597651 0.360272 0.720718 0.470079 0.427692 0.350756 0.380346 0.401994 0.468236 0.398458 0.528143 0.432585 0.700031 0.376144 0.573274 0.3231 0.546719 0.420388 0.311238 0.54264 0.399007 0.402068 0.336067 0.413122 0.457471 0.343918 0.436599 0.464526 1.3594 0.546313 0.407626 0.318275 0.43193 0.666451 0.406643 0.403996 0.464581 0.35591 0.541749 0.332901 0.376375 0.468796 0.705502 0.354337 0.461503 0.405202 0.37643 0.941689 0.357936 0.437359 1.00324 0.387154 0.352694 0.437069 0.405768 0.549786 0.542956 0.314213 0.536008
Testing:
Lab Growth Rates:
0.5
Dot Production Prediction of Lab Growth Rates:
0.605955
Best performance so far: 
Obj: 4.67573e-310Rho: 2.26291e-314Diff: 4.67573e-310
Anneal again with the best G and E so far as input
Cycle 2Round 1
Iter 500000 pBad 0.800846 T 0.00101581 Obj 1.04296 Rho 0 GRdif 24.7357 success 104277 failure 11104 obj_new 1.04296 SA_pAcc 1.14735 Delta 0.00476939 SA_r 0.11951 freedomratio 0.247892
Iter 1000000 pBad 0.708979 T 0.000264158 Obj 1.03366 Rho 0 GRdif 19.466 success 205103 failure 29541 obj_new 1.03366 SA_pAcc 1 Delta -0.0158457 SA_r 0.555205 freedomratio 0.244491
Iter 1500000 pBad 0.639406 T 6.86935e-05 Obj 1.02746 Rho 0 GRdif 15.9306 success 303802 failure 52770 obj_new 1.02746 SA_pAcc 0.696694 Delta -0.00356724 SA_r 0.237889 freedomratio 0.245102
Iter 2000000 pBad 0.527582 T 1.78635e-05 Obj 1.02064 Rho 0 GRdif 12.0146 success 399288 failure 84316 obj_new 1.02064 SA_pAcc 1.35108 Delta 0.0298852 SA_r 0.637843 freedomratio 0.241578
Iter 2500000 pBad 0.376856 T 4.64535e-06 Obj 1.01702 Rho 0 GRdif 9.92301 success 491568 failure 123525 obj_new 1.01702 SA_pAcc 1 Delta 0.0283209 SA_r 0.174418 freedomratio 0.24128
Iter 3000000 pBad 0.232646 T 1.20801e-06 Obj 1.01237 Rho 0 GRdif 7.23104 success 570963 failure 192879 obj_new 1.01237 SA_pAcc 1.36816 Delta 0.00762801 SA_r 0.136571 freedomratio 0.224256
Iter 3500000 pBad 0.145328 T 3.14139e-07 Obj 1.01036 Rho 0 GRdif 6.06069 success 636051 failure 297786 obj_new 1.01036 SA_pAcc 1 Delta 0.0140641 SA_r 0.795445 freedomratio 0.217375
Iter 4000000 pBad 0.0783149 T 8.16908e-08 Obj 1.00964 Rho 0 GRdif 5.64432 success 684395 failure 450033 obj_new 1.00965 SA_pAcc 4.07525e-15 Delta 0.00446887 SA_r 0.0292813 freedomratio 0.195674
Iter 4500000 pBad 0.0341661 T 2.12434e-08 Obj 1.00933 Rho 0 GRdif 5.45771 success 715361 failure 664031 obj_new 1.00933 SA_pAcc 1 Delta 0.000844363 SA_r 0.639692 freedomratio 0.172789
Iter 5000000 pBad 0.0125361 T 5.52429e-09 Obj 1.0092 Rho 0 GRdif 5.38635 success 734480 failure 932338 obj_new 1.0092 SA_pAcc 1 Delta 0.00055005 SA_r 0.781158 freedomratio 0.157641
Iter 5500000 pBad 0.00858832 T 1.43657e-09 Obj 1.00916 Rho 0 GRdif 5.40042 success 746496 failure 1237121 obj_new 1.00923 SA_pAcc 0 Delta -4.27426e-06 SA_r 0.704794 freedomratio 0.150268
Iter 6000000 pBad 0.00621534 T 3.73576e-10 Obj 1.00912 Rho 0 GRdif 5.33704 success 758764 failure 1571722 obj_new 1.00912 SA_pAcc 1.2167e-13 Delta 0.000346109 SA_r 0.792539 freedomratio 0.139106
Iter 6500000 pBad 0.00459432 T 9.71473e-11 Obj 1.0091 Rho 0 GRdif 5.3284 success 767858 failure 1931495 obj_new 1.0091 SA_pAcc 2.82245e-50 Delta 0.000357136 SA_r 0.261416 freedomratio 0.135797
Iter 7000000 pBad 0.00111757 T 2.52628e-11 Obj 1.0091 Rho 0 GRdif 5.32419 success 776249 failure 2300696 obj_new 1.0091 SA_pAcc 0 Delta -3.69736e-05 SA_r 0.638079 freedomratio 0.132373
Iter 7500000 pBad 0.000532571 T 6.56952e-12 Obj 1.00909 Rho 0 GRdif 5.32127 success 785685 failure 2685852 obj_new 1.00909 SA_pAcc 1 Delta -4.68787e-05 SA_r 0.161885 freedomratio 0.127466
Iter 8000000 pBad 0.000376825 T 1.70838e-12 Obj 1.00909 Rho 0 GRdif 5.32001 success 793427 failure 3080455 obj_new 1.00909 SA_pAcc 1 Delta -2.86957e-05 SA_r 0.647105 freedomratio 0.12697
Iter 8500000 pBad 0.000138818 T 4.44259e-13 Obj 1.00909 Rho 0 GRdif 5.31904 success 802449 failure 3476004 obj_new 1.00909 SA_pAcc 0 Delta 1.24952e-06 SA_r 0.88124 freedomratio 0.125053
Iter 9000000 pBad 1.89297e-65 T 1.15528e-13 Obj 1.00909 Rho 0 GRdif 5.31848 success 808556 failure 3853607 obj_new 1.00909 SA_pAcc 1 Delta -1.71615e-66 SA_r 0.34678 freedomratio 0.122551
Iter 9500000 pBad 2.44061e-313 T 3.00428e-14 Obj 1.00909 Rho 0 GRdif 5.31849 success 808556 failure 4202046 obj_new 1.00909 SA_pAcc 0 Delta 3.41368e-237 SA_r 0.0100847 freedomratio 0.119004
Good enough
iter 8.85504e+06 obj1.00909 rho 0 GRdif 5.31848
Training:
Lab Growth Rates:
1.42 0.55 0.45 0.47 0.39 0.56 0.59 0.4 0.59 0.45 0.47 0.51 0.52 0.54 1.345 0.377 0.71 0.4 0.68 0.42 0.26 0.1 1.66 0.37 1.345 0.47 0.58 0.5 0.635 0.7 1.46 0.37 0.54 0.55 0.4 0.19 0.33 0.56 0.32 0.301 0.485 0.3 0.5 0.7 0.47 0.4 1.03 0.09 0.4 0.686 0.55 0.19 0.45 0.5 0.4 0.4 0.4 0.901 0.485 0.56 0.1 0.2 0.686 1.345 0.38 0.56 0.4 0.25 0.65 0.47 0.4 0.71 0.11 0.23 0.4 0.58 1.4 0.22 0.54 0.33 0.43 0.37 0.56 1.67 0.59 0.54 0.46 0.901 0.14 0.724 0.52 0.34 0.56 0.41 0.56 0.59 0.34 0.4 0.43 0.5 0.2 0.58 0.5 0.31 0.3 0.901 0.4 0.47 0.48 0.54 0.56 0.5 0.46 0.4 1.483 0.58 0.46 1.38 0.4 0.46 1.483 0.58 0.27 1.483 0.45 0.23 0.37 0.45 0.31 0.4 0.5 0.55 0.3 1.05 0.54 0.47 0.5 0.476 0.55 0.6 1.49 0.4 0.5 0.47 0.53 0.4 0.4 0.5 0.45 0.481 0.58 1.46 0.47 0.46 0.48 0.46 0.52 0.36 0.36 0.4 0.68 0.1 0.42 0.37 0.59 0.1 0.648 0.49 0.42 0.42 0.23 0.4 1.345 0.54 0.4 0.4 0.4 0.47 0.45 0.54 0.45 0.25 0.65 0.53 0.56 0.4 0.65 0.53 1.345 0.4 0.5 0.4 1.44 0.45 0.38 1.483 0.47 0.377 0.4 0.43 0.4 0.46 0.762 0.58 0.59 0.42 0.54 0.5 0.33 1.46 0.54 0.47 0.53 0.4 0.45 0.42 0.485 0.4 1.345 1.483 0.58 0.59 0.43 0.33 0.3 0.45 0.43 0.34 0.58 0.23 0.4 0.636 1.483 0.39 0.65 0.4 0.37 1.345 0.23 0.48 0.47 0.37 0.43 0.4 0.19 0.686 0.53 0.55 0.5 0.46 0.53 1.345 0.33 0.41 0.38 0.32 0.1 0.36 0.33 0.53 0.3 0.45 0.47 0.52 0.724 0.4 0.59 0.4 0.52 0.56 0.42 0.43 0.22 0.4 0.42 0.48 0.42 1.483 0.41 0.4 0.3 0.22 0.46 0.68 0.37 0.54 0.4 0.3 0.4 0.27 1.248 0.54 0.42 0.762 0.5 1.05 0.53 0.4 0.09 0.26 0.23 0.41 0.27 0.11 0.48 0.58 0.42 1.345 0.39 0.39 0.53 1.483 1.248 0.41 0.481 0.54 0.54 0.32 0.41 0.42 0.42 0.43 0.27 0.635 0.47 0.45 0.3 0.51 0.648 1.67 0.31 0.54 0.36 0.476 0.55 0.5 1.248 0.17 0.59 0.5 0.4 1.05 0.36 0.53 0.481 0.46 0.5 0.45 0.46 0.59 0.25 0.45 1.483 0.25 0.7 0.5 0.56 0.17 0.5 0.43 0.43 0.59 0.54 0.901 0.901 1.483 0.25 0.47 0.52 0.25 0.42 0.53 0.42 1.43 0.2 0.59 0.901 0.56 0.56 0.45 0.14 0.65 0.48 0.11 0.59 0.37 0.47 0.46 0.54 0.5 1.345 0.37 0.4 0.54 0.37 0.56 0.52 1.345 0.46 0.4 0.52 0.4 0.301 0.46 0.46 0.59 0.22 1.483 0.36 0.47 0.54 0.4 0.39 0.41 0.65 0.47 0.5 0.724 0.52 0.47 0.46 0.56 0.27 0.1 0.68 0.71 0.52 0.55 0.55 0.46 1.483 0.56 0.53 0.68 0.23 0.65 1.05 0.53 0.58 0.41 0.4 1.66 0.6 0.58 0.27 0.65 0.5 0.33 0.54 0.37 0.37 0.43 0.648 0.762 0.1 0.59 0.4 0.58 0.48 0.49 1.345 0.52 0.4 0.5 0.47 0.5 0.4 0.42 0.54 0.17 0.42 0.38 0.46 0.465 0.476 0.4 0.3 1.248 0.637 0.4 0.4 0.5 1.35 0.1 0.5 0.37 0.46 0.53 0.26 0.6 0.56 0.48 0.3 0.4 0.52 1.05 0.47 0.36 0.36 0.58 0.53 0.4 0.47 0.55 0.3 0.43 0.39 0.45 0.58 0.54 0.762 0.637 0.635 0.301 0.3 0.37 0.58 0.49 0.55 0.617 0.22 0.54 0.45 0.45 0.33 0.54 0.636 0.465 0.47 0.5 0.54 0.636 0.58 0.3 0.58 0.25 0.4 0.22 0.4 0.5 0.377 0.7 0.41 0.5 0.5 0.5 0.54 0.46 0.23 0.4 0.4 0.09 0.37 0.54 0.48 0.465 0.58 1.43 0.56 0.4 0.58 0.46 0.65 0.4 0.4 0.58 0.3 0.23 0.5 0.51 0.22 0.637 0.36 0.33 0.6 0.38 1.248 0.22 0.55 1.46 0.1 0.42 0.485 0.4 0.5 0.59 0.25 0.54
Dot Production Prediction of Lab Growth Rates:
1.42689 0.547399 0.36242 0.364593 0.288946 0.538647 0.316327 0.400033 0.546396 0.401079 0.327762 0.453592 0.337998 0.459319 1.3463 0.587109 0.690565 0.382177 0.354678 0.353908 0.603674 0.448196 1.39705 0.425091 1.33676 0.360319 0.467259 0.380545 0.695386 0.741497 1.04199 0.266369 0.277666 0.543475 0.402152 0.298913 0.383849 0.533273 0.293771 0.602569 0.581505 0.617951 0.544128 0.732322 0.367017 0.383046 1.21354 0.384542 0.38852 0.701456 0.543589 0.314282 0.294574 0.84039 0.39947 0.397461 0.391395 0.904879 0.588092 0.549215 1.33628 0.388506 0.696994 1.37259 0.367662 0.465764 0.401924 0.527896 0.64936 0.474214 0.38559 0.70049 0.402364 0.427829 0.315609 0.373557 1.39989 0.471331 0.536588 0.540051 0.374854 0.460371 0.540085 1.41312 0.398278 0.359869 0.458453 0.905967 0.47123 0.704924 0.388102 0.293421 0.463 0.348759 0.532204 0.314953 0.33089 0.397663 0.402485 0.465904 0.383866 0.47082 0.466202 0.599052 0.368376 0.920912 0.399984 0.405729 0.344175 0.379867 0.546821 0.380897 0.462852 0.400591 1.3072 0.469709 0.372915 1.2007 0.399248 0.435389 1.32149 0.466729 0.274774 1.34982 1.41619 0.548252 0.417912 1.40969 0.612712 0.39804 0.822629 0.551649 0.462376 1.06509 0.540888 0.465297 0.323012 0.586069 0.471678 0.569159 1.41619 0.399598 0.364879 0.403363 0.529835 0.374211 0.400343 0.316559 0.353277 0.57949 0.465689 1.04424 0.297702 0.459694 0.282172 0.42639 0.418926 0.320237 0.364045 0.394494 0.3509 1.01675 0.299032 0.409728 0.332737 1.62305 0.688848 0.419114 0.285337 0.336478 0.427943 0.392949 1.3135 0.55088 0.400624 0.399806 0.3996 0.390518 1.32293 0.467272 1.39544 0.580557 0.649935 0.462756 0.539161 0.394246 0.62662 0.407362 1.36854 0.396672 0.474447 0.400925 1.39331 1.3619 0.271922 1.2945 0.433896 0.589517 0.402817 0.385585 0.403575 0.482237 0.762112 0.416307 0.317917 0.620317 0.461616 0.411427 0.350183 1.35363 0.309221 0.398353 0.535238 0.397304 1.34831 0.323385 0.58067 0.394315 1.34592 1.32651 0.470496 0.32902 0.347546 0.29933 0.30356 0.356542 0.360303 0.310422 0.311557 0.542526 0.399937 0.701985 1.29247 0.318189 0.639981 0.400058 0.417831 1.33924 0.427775 0.332566 0.363413 0.410603 0.377554 0.399867 0.298851 0.703067 0.539788 0.469075 0.315346 0.376566 0.499479 1.34801 0.369502 0.422249 0.287863 0.319507 1.89661 0.340062 0.31453 0.426148 0.296354 1.36273 0.378619 0.387821 0.698688 0.402344 0.553303 0.400435 0.351548 0.467865 0.322722 0.415194 0.46292 0.400589 0.283001 0.336792 0.334286 1.29453 0.594791 0.400556 0.567322 0.419616 0.532186 0.355245 0.406543 0.408164 0.403704 0.585992 0.394476 0.377395 0.824331 0.371691 0.297876 0.759523 0.44229 1.06995 0.531905 0.387941 0.483938 0.466805 0.541861 0.592605 0.371297 0.379907 0.287949 0.455793 0.320227 1.31528 0.310554 0.3599 0.330285 1.31424 0.823061 0.374942 0.582234 0.412936 0.334698 0.337477 0.320058 0.339937 0.327194 0.430208 0.375389 0.696045 0.36727 0.432836 0.592331 0.44604 0.696705 1.36929 0.621093 0.539466 0.361413 0.590381 0.467133 0.534164 0.833805 0.456989 0.322596 0.773013 0.398933 1.06965 0.452893 0.530705 0.585425 0.416016 0.321639 0.42377 0.431574 0.546667 0.334441 0.351853 1.29485 1.01637 0.734151 0.472772 0.540786 0.29515 0.47581 0.45979 0.374736 0.380274 0.35412 0.903833 0.799189 1.30782 0.34177 0.362491 0.371582 1.38442 0.592496 0.321071 0.336575 1.07791 0.330149 0.551624 0.900509 0.541002 0.54481 0.393546 0.469234 0.623421 0.285369 0.336848 0.543447 0.425731 0.350194 0.461818 0.459894 0.547623 1.3434 0.465117 0.391858 0.369245 0.414978 0.464911 0.375411 1.31309 0.565765 0.394545 0.390878 0.289355 0.600585 0.553237 0.356592 0.307633 0.469527 1.33479 0.372271 0.408709 0.399951 0.396889 0.317161 0.402338 0.651265 0.45145 0.732841 0.702134 0.346074 0.377544 0.461017 0.464755 0.622856 1.84322 0.355207 0.695044 0.366718 0.545853 0.467539 0.451941 1.34537 0.465518 0.528185 0.352619 0.544901 0.649859 1.04423 0.551636 0.470528 0.595227 0.397762 1.38316 0.586337 0.354298 0.32758 0.653763 0.468861 0.320782 0.547577 0.396533 0.423692 0.386875 0.693739 0.769018 0.464737 0.546168 0.399398 0.373492 0.289233 0.384556 1.31395 0.386131 0.38518 0.813988 0.370724 0.865872 0.400469 0.416541 0.381021 0.287901 0.60635 0.282458 0.329014 0.591185 0.591011 0.380285 0.562175 0.826515 0.694927 0.39758 0.391997 0.339791 1.03043 1.611 0.722001 0.570561 0.291067 0.380685 0.365912 0.593302 0.545826 0.3012 0.549272 0.380051 0.375426 1.33824 0.47294 0.448279 0.308776 0.38427 0.273723 0.384431 0.352779 0.552541 0.299972 0.433226 0.322394 0.363346 0.370627 0.535076 0.77556 0.693257 0.696965 0.602832 0.523273 0.401043 0.460316 0.393288 0.470855 0.81714 0.464684 0.376555 0.322462 0.326663 0.477227 0.457372 0.689852 0.585352 0.358472 0.814601 0.328769 0.696505 0.469268 0.410373 0.356695 0.332073 0.399845 0.470438 0.393459 0.533844 0.592478 0.738112 0.393838 0.702312 0.310945 0.550208 0.367514 0.29452 0.540923 0.397235 0.39024 0.353644 0.413863 0.453178 0.360811 0.584379 0.464805 1.08012 0.548704 0.400076 0.294258 0.40991 0.658917 0.397299 0.392787 0.471171 0.315937 0.540553 0.334386 0.413301 0.467406 0.690839 0.3549 0.516101 0.575827 0.377455 0.831365 0.356593 0.459002 1.05259 0.338283 0.315538 0.58918 0.397582 0.742852 0.546586 0.30035 0.536276
Testing:
Lab Growth Rates:
0.5
Dot Production Prediction of Lab Growth Rates:
0.828149
Best performance so far: 
Obj: 4.67573e-310Rho: 6.5069e-314Diff: 4.67573e-310
Test:
 Lab Growth Rates:
0.5Dot Product Prediction of Growth Rate:
0.8281494