seed =  5 traits =  1 
Training: part  118 
Training: part  118 
Round  1 
 Goal of obj  0.99 
Temperature range:  0.00390625 1.28e-12 
Cycle 1Round 1
Iter 500000 pBad 0.870075 T 0.00131079 Obj 1.10262 Rho 0 GRdif 57.4395 success 145920 failure 10253 obj_new 1.10262 SA_pAcc 1.07968 Delta 0.0120852 SA_r 0.459187 freedomratio 0.372388
Iter 1000000 pBad 0.788697 T 0.000439851 Obj 1.04437 Rho 0 GRdif 25.5283 success 289471 failure 28268 obj_new 1.04437 SA_pAcc 1 Delta -0.0206788 SA_r 0.0683539 freedomratio 0.375479
Iter 1500000 pBad 0.722719 T 0.000147597 Obj 1.02703 Rho 0 GRdif 15.6968 success 429924 failure 53120 obj_new 1.02705 SA_pAcc 0.827825 Delta 0.0502273 SA_r 0.83977 freedomratio 0.377165
Iter 2000000 pBad 0.636932 T 4.9528e-05 Obj 1.02068 Rho 0 GRdif 12.0339 success 567599 failure 84915 obj_new 1.02068 SA_pAcc 1.06189 Delta -0.028275 SA_r 0.893799 freedomratio 0.364764
Iter 2500000 pBad 0.532549 T 1.66197e-05 Obj 1.01704 Rho 0 GRdif 9.93332 success 703215 failure 120515 obj_new 1.01704 SA_pAcc 1.30365 Delta -0.0472386 SA_r 0.949961 freedomratio 0.360294
Iter 3000000 pBad 0.45427 T 5.57694e-06 Obj 1.01348 Rho 0 GRdif 7.87414 success 833285 failure 165136 obj_new 1.01348 SA_pAcc 0.904141 Delta -0.0104961 SA_r 0.481765 freedomratio 0.351675
Iter 3500000 pBad 0.291746 T 1.87141e-06 Obj 1.01042 Rho 0 GRdif 6.09794 success 945542 failure 244064 obj_new 1.01042 SA_pAcc 1 Delta -0.00110896 SA_r 0.424804 freedomratio 0.337737
Iter 4000000 pBad 0.145936 T 6.27973e-07 Obj 1.00931 Rho 0 GRdif 5.44913 success 1035014 failure 369885 obj_new 1.00931 SA_pAcc 1 Delta 0.00864038 SA_r 0.180959 freedomratio 0.312268
Iter 4500000 pBad 0.100045 T 2.10724e-07 Obj 1.00889 Rho 0 GRdif 5.20234 success 1099042 failure 551873 obj_new 1.00889 SA_pAcc 0.00686883 Delta 0.00144607 SA_r 0.0869791 freedomratio 0.289086
Iter 5000000 pBad 0.0430569 T 7.07108e-08 Obj 1.00868 Rho 0 GRdif 5.08433 success 1141403 failure 789006 obj_new 1.00868 SA_pAcc 0.0480256 Delta -0.00236154 SA_r 0.147381 freedomratio 0.252469
Iter 5500000 pBad 0.0338855 T 2.37279e-08 Obj 1.00859 Rho 0 GRdif 5.02852 success 1167872 failure 1073122 obj_new 1.00859 SA_pAcc 8.16663e-62 Delta 0.00100541 SA_r 0.97832 freedomratio 0.232227
Iter 6000000 pBad 0.0162718 T 7.96216e-09 Obj 1.00854 Rho 0 GRdif 4.9974 success 1183711 failure 1395287 obj_new 1.00854 SA_pAcc 1 Delta 0.000505297 SA_r 0.649859 freedomratio 0.215938
Iter 6500000 pBad 0.0104833 T 2.6718e-09 Obj 1.00851 Rho 0 GRdif 4.98415 success 1194327 failure 1738966 obj_new 1.00851 SA_pAcc 1.08816e-09 Delta -0.000816023 SA_r 0.758487 freedomratio 0.207627
Iter 7000000 pBad 0.00639902 T 8.96553e-10 Obj 1.0085 Rho 0 GRdif 4.97822 success 1200965 failure 2098363 obj_new 1.0085 SA_pAcc 1 Delta -0.000281732 SA_r 0.082166 freedomratio 0.201508
Iter 7500000 pBad 0.00410431 T 3.00849e-10 Obj 1.0085 Rho 0 GRdif 4.97556 success 1205385 failure 2466209 obj_new 1.0085 SA_pAcc 0.00290124 Delta -1.4179e-05 SA_r 0.544181 freedomratio 0.197647
Iter 8000000 pBad 0.00124599 T 1.00953e-10 Obj 1.00849 Rho 0 GRdif 4.97285 success 1210730 failure 2841974 obj_new 1.00849 SA_pAcc 3.14664e-48 Delta 0.000121324 SA_r 0.362117 freedomratio 0.188582
Iter 8500000 pBad 0.00082505 T 3.38761e-11 Obj 1.00849 Rho 0 GRdif 5.03806 success 1213493 failure 3230220 obj_new 1.0086 SA_pAcc 0 Delta -5.87176e-06 SA_r 0.00155269 freedomratio 0.186607
Iter 9000000 pBad 0.000346856 T 1.13675e-11 Obj 1.00849 Rho 0 GRdif 4.97149 success 1215269 failure 3620868 obj_new 1.00849 SA_pAcc 0 Delta 1.93618e-05 SA_r 0.634481 freedomratio 0.185782
Iter 9500000 pBad 0.000418658 T 3.81451e-12 Obj 1.00849 Rho 0 GRdif 4.97102 success 1218035 failure 4009208 obj_new 1.00849 SA_pAcc 1 Delta 1.07272e-06 SA_r 0.523264 freedomratio 0.185665
Iter 10000000 pBad 1.13553e-17 T 1.28e-12 Obj 1.00849 Rho 0 GRdif 4.97082 success 1225096 failure 4362231 obj_new 1.00849 SA_pAcc 1 Delta 1.02043e-18 SA_r 0.846119 freedomratio 0.175365
Cannot move further
iter 9.99814e+06 obj1.00849 rho 0 GRdif 4.97082
Training:
Lab Growth Rates:
0.617 0.5 0.4 0.4 0.33 0.55 0.54 0.58 0.1 0.09 0.19 0.636 0.4 0.47 0.45 0.4 0.59 0.43 0.23 0.23 0.5 0.23 0.4 0.42 0.56 0.43 0.58 0.485 0.2 0.4 0.42 0.48 0.3 0.56 0.52 0.648 0.65 0.4 0.1 0.31 0.55 0.56 0.5 0.3 0.37 0.46 0.5 0.47 0.485 0.33 0.4 1.67 0.48 0.1 0.52 0.33 0.41 0.5 0.4 0.58 0.4 0.5 0.59 0.6 0.42 0.23 0.4 0.58 1.05 0.4 0.25 0.55 0.5 0.11 1.483 0.54 0.38 0.4 0.39 0.65 1.03 0.59 0.23 0.4 1.345 0.53 0.4 0.46 0.48 0.59 0.686 0.377 0.59 0.09 0.45 0.25 0.47 0.37 0.4 0.22 0.53 0.4 0.17 0.56 0.54 0.45 0.4 0.37 1.4 0.56 0.22 0.4 0.45 0.1 0.48 0.54 0.58 0.38 0.686 0.53 0.46 0.34 0.56 0.4 0.42 0.56 0.5 0.46 0.68 0.59 0.47 0.4 0.36 0.52 0.54 0.4 0.465 1.483 0.4 0.58 0.38 0.481 0.37 0.5 0.4 0.635 0.51 0.648 1.483 0.55 0.11 0.4 0.901 0.54 0.1 0.47 0.5 1.483 0.65 0.37 0.68 0.25 0.476 0.41 0.59 0.47 0.4 0.635 0.31 0.58 0.4 1.345 0.46 0.47 1.05 0.33 0.54 0.46 0.54 0.43 0.56 1.345 0.43 0.58 0.4 0.37 0.5 0.42 0.47 0.46 0.71 0.47 0.59 0.53 1.42 0.47 0.71 0.37 0.37 0.71 0.46 0.48 0.41 0.3 0.43 0.48 0.36 0.36 0.53 1.46 1.248 0.762 0.3 0.53 0.52 0.39 0.59 0.55 0.4 0.476 0.7 0.19 0.4 0.41 0.5 0.22 0.648 0.46 0.53 0.45 0.47 0.58 0.3 0.637 0.377 0.5 0.45 0.37 0.36 1.46 0.42 0.5 0.36 1.05 0.65 0.465 0.46 0.22 0.42 0.45 0.54 0.54 0.5 1.345 0.4 0.4 0.47 0.45 0.45 0.4 1.35 0.47 0.41 0.42 0.4 0.2 1.345 0.43 0.54 0.52 0.22 0.3 0.56 0.42 0.41 0.46 0.46 0.33 0.22 0.46 0.5 0.39 0.39 1.248 0.4 0.37 0.7 0.49 0.23 0.58 1.483 0.3 0.58 0.4 0.56 0.53 0.58 1.248 0.3 0.65 0.45 1.46 0.635 0.901 0.56 0.4 0.56 0.33 0.25 0.25 0.4 0.43 1.483 0.39 0.43 0.59 0.09 0.54 0.55 0.58 0.4 0.4 0.58 0.901 0.4 0.485 1.483 0.55 0.4 0.5 0.7 0.11 0.53 0.54 0.46 0.52 0.5 0.54 0.6 0.36 0.4 0.36 0.4 0.41 0.41 0.4 0.686 0.4 0.26 0.37 0.26 0.59 0.37 0.54 0.42 0.481 1.66 0.637 0.901 0.4 0.54 0.4 0.54 0.762 0.301 0.42 1.345 0.55 0.19 0.5 0.42 0.53 0.5 1.66 0.56 0.1 0.52 0.58 0.54 0.485 0.45 0.46 0.4 0.34 0.54 0.3 0.37 0.65 0.3 0.4 0.476 0.43 1.345 0.49 0.27 0.47 0.25 0.23 0.45 0.56 0.46 0.301 0.53 0.47 0.17 0.53 0.14 0.26 0.53 0.43 0.31 0.4 1.46 0.48 1.345 0.47 0.54 0.68 0.54 0.54 0.22 0.46 0.4 0.55 0.27 0.25 0.17 0.41 0.59 1.483 0.5 1.05 0.32 1.248 0.65 0.54 0.59 0.37 0.27 0.46 0.45 1.483 1.345 1.67 0.724 0.27 0.47 0.42 0.47 1.49 0.45 0.5 0.55 0.58 0.3 0.56 0.52 0.5 0.636 0.32 0.36 1.483 0.65 0.59 0.51 0.27 1.43 0.47 0.58 0.5 0.42 0.58 1.248 0.4 0.22 0.55 0.58 0.1 0.68 0.65 0.47 1.345 0.42 0.301 0.4 0.27 0.37 0.23 0.53 0.68 0.2 0.46 0.45 0.465 0.4 0.56 0.3 0.5 0.3 0.38 0.5 0.32 0.5 0.3 0.48 1.44 0.724 0.4 0.4 1.38 0.4 0.14 0.45 1.43 0.33 0.51 0.58 0.4 0.47 0.45 1.483 0.56 1.345 0.5 0.54 0.45 0.52 0.52 0.42 0.36 0.5 0.7 0.34 1.345 0.54 0.59 0.637 0.47 0.43 1.05 0.38 0.5 0.4 0.33 0.42 0.636 0.47 0.5 0.1 0.377 0.762 0.42 0.901 0.25 0.52 0.52 0.45 0.901 0.5 0.54 0.33 0.46 0.55 0.6 0.4 0.6 0.49 0.43 0.58 1.483 0.59 0.53 0.46 0.481 0.37 0.23 0.4 0.48 0.54 0.1 0.56 0.4 0.762 0.47 0.724 0.54 0.5 0.39
Dot Production Prediction of Lab Growth Rates:
0.576412 0.356874 0.40213 0.402028 0.438031 0.446948 0.458993 0.356213 0.858105 0.421408 0.346399 0.71917 0.402281 0.38674 0.326726 0.398533 0.353284 0.366603 0.527419 0.442724 0.327025 0.538891 0.403867 0.35448 0.528518 0.388868 0.47547 0.52996 0.393929 0.398148 0.34291 0.337408 0.333641 0.544126 0.379216 0.707708 0.649882 0.4017 0.851209 0.515747 0.456401 0.528052 0.542796 0.356588 0.43139 0.317977 0.62918 0.455143 0.529606 0.468199 0.401512 1.44295 0.313776 0.422051 0.340554 0.332694 0.354559 0.477529 0.393398 0.478093 0.40034 0.474176 0.376093 0.373093 0.340793 0.537476 0.398493 0.350672 1.05136 0.403763 0.502501 0.553709 0.369977 0.374668 0.919032 0.380903 0.323175 0.397603 0.330119 0.675085 1.36278 0.547754 0.531931 0.401425 0.960197 0.530004 0.395574 0.357225 0.335443 0.369474 0.723463 0.522023 0.329631 0.340254 0.358765 1.49586 0.34698 0.439777 0.39941 0.479908 0.338945 0.395627 0.323075 0.474147 0.385812 1.53275 0.400989 0.328977 1.46018 0.537516 0.47518 0.400651 0.340159 1.01586 0.329635 0.462207 0.48147 0.330922 0.722106 0.526579 0.366002 0.333325 0.540973 0.3998 0.370184 0.546603 0.327243 0.303767 0.460872 0.544713 0.374269 0.39805 0.408534 0.367136 0.373399 0.395018 0.535965 0.913652 0.404376 0.479541 0.351606 0.531721 0.422809 0.387965 0.400016 0.712034 0.380863 0.708735 0.915598 0.447821 0.372422 0.398289 0.8407 0.377571 0.429997 0.402445 0.541939 0.86978 0.640887 0.425907 0.462875 0.354493 0.541048 0.326201 0.347918 0.393751 0.400428 0.710496 0.50561 0.476146 0.392778 0.958972 0.491991 0.353199 1.05104 0.354887 0.534462 0.395564 0.359689 0.379706 0.545884 0.932893 0.411479 0.468264 0.403028 0.426122 0.594037 0.334248 0.428096 0.482756 0.719031 0.349241 0.336553 0.526672 1.5229 0.367897 0.716373 0.431978 0.43836 0.724152 0.383942 0.318145 0.375215 0.388732 0.396899 0.357118 0.326894 0.360012 0.385217 0.998926 0.881485 0.820092 0.392422 0.311838 0.393474 0.308663 0.31972 0.551796 0.394322 0.538794 0.668624 0.335518 0.398979 0.368278 0.36648 0.373536 0.709822 0.468066 0.549884 0.382837 0.35915 0.346933 0.356214 0.70878 0.527685 0.321441 0.330933 0.510272 0.344936 1.64413 0.346754 0.610838 0.383955 1.05 0.646163 0.535363 0.465582 0.410888 0.34153 1.48808 0.530893 0.34305 0.625615 0.894453 0.401425 0.401625 0.384978 0.363242 0.390071 0.396885 1.21538 0.348694 0.34551 0.343423 0.399868 0.365317 0.91126 0.398797 0.541162 0.397171 0.477588 0.365392 0.474492 0.342831 0.53015 0.423341 0.456098 0.351854 0.474492 0.326672 0.529865 0.346594 0.318668 0.876813 0.338612 0.428842 0.67471 0.379853 0.530367 0.470961 0.886143 0.300724 0.367878 0.395574 0.541405 0.354594 0.366223 0.875266 0.306593 0.65433 1.47988 0.999182 0.709166 0.901204 0.483892 0.399948 0.534493 0.405734 0.680172 0.473048 0.396388 0.360317 0.905312 0.330313 0.360582 0.551419 0.364223 0.319238 0.553086 0.477728 0.401561 0.400117 0.311336 0.903242 0.400405 0.533741 0.910994 0.448728 0.401808 0.558432 0.670866 0.335789 0.342528 0.457944 0.471375 0.376372 0.529245 0.323258 0.371502 0.355298 0.399993 0.339048 0.403691 0.516838 0.363348 0.401309 0.723842 0.400481 0.369309 0.378555 0.507388 0.548536 0.425538 0.332156 0.333578 0.532063 1.66 0.705881 0.900618 0.395225 0.36959 0.397696 0.453449 0.827614 0.527208 0.338601 0.919642 0.452396 0.347327 0.331933 0.540523 0.521328 0.47398 1.66 0.473612 0.694927 0.368694 0.485374 0.452823 0.530759 1.4781 0.469555 0.398192 0.349588 0.54504 0.308297 0.389392 0.629869 0.345399 0.400841 0.535209 0.440303 0.886191 0.35782 0.3437 0.343715 0.358253 0.537431 1.47049 0.477271 0.460016 0.523132 0.489858 0.430716 0.333608 0.458976 0.137814 0.42535 0.40619 0.364146 0.509399 0.401983 1.00979 0.333296 0.938672 0.403455 0.346282 0.461163 0.390905 0.365799 0.351005 0.427163 0.404175 0.456657 0.366485 0.309665 0.406273 0.52911 0.545603 0.893205 0.54457 0.993856 0.31766 0.873792 0.685085 0.375632 0.33129 0.440215 0.552868 0.458148 1.54734 0.932606 0.939625 1.52544 0.721 0.350679 0.350515 0.378494 0.36 1.53275 0.332787 0.584012 0.545628 0.463598 0.364069 0.472897 0.369833 0.481892 0.715511 0.325697 0.327707 0.907896 0.628367 0.3516 0.399252 0.316425 1.33709 0.422884 0.335284 0.481181 0.349472 0.467451 0.87508 0.348346 0.474909 0.545147 0.32639 0.893756 0.461139 0.650971 0.34997 0.890213 0.356191 0.525814 0.401699 0.374592 0.403618 0.444557 0.374726 0.458095 0.397679 0.341772 0.38862 0.533661 0.403608 0.535031 0.296624 0.566348 0.360588 0.330353 0.341934 0.351913 0.333465 0.385428 0.343165 1.53447 0.72036 0.398591 0.400441 1.31597 0.396565 0.14012 0.351362 1.33675 0.327118 0.388297 0.381128 0.402828 0.465698 0.370276 0.923699 0.538927 0.941912 0.60134 0.550461 1.49525 0.356128 0.380809 0.316772 0.356095 0.472181 0.666878 0.327206 0.945892 0.540807 0.544373 0.70334 0.355039 0.344881 1.71043 0.353939 0.334441 0.400386 0.345202 0.539945 0.718784 0.367245 0.357486 0.364015 0.52706 0.828789 0.548098 0.901229 0.349154 0.37757 0.345016 0.34507 0.900998 0.636816 0.451367 0.363027 0.404446 0.54306 0.386454 0.400085 0.367919 0.359137 0.407706 0.477984 0.918851 0.54575 0.530166 0.423899 0.530735 0.377468 0.441583 0.401002 0.31329 0.34922 1.45497 0.529596 0.402216 0.829833 0.384181 0.721972 0.542755 0.556771 0.355078
Testing:
Lab Growth Rates:
0.5
Dot Production Prediction of Lab Growth Rates:
0.584062
Best performance so far: 
Obj: 4.67573e-310Rho: 2.26291e-314Diff: 4.67573e-310
Anneal again with the best G and E so far as input
Cycle 2Round 1
Iter 500000 pBad 0.8152 T 0.00131079 Obj 1.06314 Rho 0 GRdif 36.0017 success 116023 failure 11010 obj_new 1.06314 SA_pAcc 1 Delta 0.0416431 SA_r 0.435563 freedomratio 0.28641
Iter 1000000 pBad 0.756351 T 0.000439851 Obj 1.03713 Rho 0 GRdif 21.4379 success 229154 failure 27989 obj_new 1.03713 SA_pAcc 1 Delta -0.0287219 SA_r 0.862796 freedomratio 0.278277
Iter 1500000 pBad 0.707022 T 0.000147597 Obj 1.0278 Rho 0 GRdif 16.1238 success 339776 failure 51323 obj_new 1.0278 SA_pAcc 0.909305 Delta -0.0253554 SA_r 0.851459 freedomratio 0.272981
Iter 2000000 pBad 0.610558 T 4.9528e-05 Obj 1.02448 Rho 0 GRdif 14.2218 success 448386 failure 79639 obj_new 1.02448 SA_pAcc 1 Delta -0.0491165 SA_r 0.365683 freedomratio 0.28
Iter 2500000 pBad 0.510066 T 1.66197e-05 Obj 1.01998 Rho 0 GRdif 11.6342 success 555382 failure 111768 obj_new 1.01998 SA_pAcc 1 Delta -0.0364079 SA_r 0.334938 freedomratio 0.272348
Iter 3000000 pBad 0.427165 T 5.57694e-06 Obj 1.01641 Rho 0 GRdif 9.57146 success 655081 failure 157417 obj_new 1.01641 SA_pAcc 1 Delta 0.0279091 SA_r 0.0888661 freedomratio 0.266184
Iter 3500000 pBad 0.272223 T 1.87141e-06 Obj 1.01106 Rho 0 GRdif 6.4694 success 744389 failure 228295 obj_new 1.01106 SA_pAcc 0.467139 Delta 0.0106818 SA_r 0.452039 freedomratio 0.259488
Iter 4000000 pBad 0.214664 T 6.27973e-07 Obj 1.00881 Rho 0 GRdif 5.15667 success 823661 failure 321503 obj_new 1.00881 SA_pAcc 1 Delta 0.0212951 SA_r 0.656515 freedomratio 0.251605
Iter 4500000 pBad 0.101925 T 2.10724e-07 Obj 1.00836 Rho 0 GRdif 4.96556 success 878379 failure 469545 obj_new 1.00848 SA_pAcc 3.50633e-243 Delta 0.00149183 SA_r 0.0134465 freedomratio 0.22773
Iter 5000000 pBad 0.0555668 T 7.07108e-08 Obj 1.00806 Rho 0 GRdif 4.72234 success 919573 failure 660865 obj_new 1.00806 SA_pAcc 1 Delta -0.00513639 SA_r 0.402911 freedomratio 0.208807
Iter 5500000 pBad 0.0270935 T 2.37279e-08 Obj 1.00789 Rho 0 GRdif 4.61882 success 949284 failure 896903 obj_new 1.00789 SA_pAcc 5.35964 Delta 0.000905328 SA_r 0.571479 freedomratio 0.189311
Iter 6000000 pBad 0.0214726 T 7.96216e-09 Obj 1.00782 Rho 0 GRdif 4.58235 success 967579 failure 1180089 obj_new 1.00782 SA_pAcc 3.87279e-12 Delta 0.00190422 SA_r 0.991751 freedomratio 0.17381
Iter 6500000 pBad 0.0102962 T 2.6718e-09 Obj 1.00779 Rho 0 GRdif 4.56168 success 980337 failure 1491466 obj_new 1.00779 SA_pAcc 0.00144734 Delta -0.000666164 SA_r 0.852638 freedomratio 0.166243
Iter 7000000 pBad 0.00564112 T 8.96553e-10 Obj 1.00777 Rho 0 GRdif 4.5515 success 989296 failure 1825516 obj_new 1.00777 SA_pAcc 1 Delta 0.000268564 SA_r 0.780465 freedomratio 0.158107
Iter 7500000 pBad 0.00868268 T 3.00849e-10 Obj 1.00776 Rho 0 GRdif 4.56207 success 995756 failure 2178628 obj_new 1.00779 SA_pAcc 0 Delta 0.000373065 SA_r 0.891743 freedomratio 0.153285
Iter 8000000 pBad 0.00185164 T 1.00953e-10 Obj 1.00776 Rho 0 GRdif 4.54311 success 1001519 failure 2544176 obj_new 1.00776 SA_pAcc 0 Delta 8.91478e-06 SA_r 0.797552 freedomratio 0.148597
Iter 8500000 pBad 0.00144137 T 3.38761e-11 Obj 1.00775 Rho 0 GRdif 4.5428 success 1006779 failure 2922914 obj_new 1.00776 SA_pAcc 0 Delta -0.000105671 SA_r 0.0602194 freedomratio 0.143695
Iter 9000000 pBad 0.000877415 T 1.13675e-11 Obj 1.00775 Rho 0 GRdif 4.54005 success 1011113 failure 3313934 obj_new 1.00775 SA_pAcc 1.03323e-31 Delta 2.82268e-05 SA_r 0.955727 freedomratio 0.141892
Iter 9500000 pBad 0.000914551 T 3.81451e-12 Obj 1.00775 Rho 0 GRdif 4.53861 success 1018254 failure 3713561 obj_new 1.00775 SA_pAcc 1 Delta 2.14693e-05 SA_r 0.0345799 freedomratio 0.135609
Good enough
iter 9.99966e+06 obj1.00775 rho 0 GRdif 4.53747
Training:
Lab Growth Rates:
0.617 0.5 0.4 0.4 0.33 0.55 0.54 0.58 0.1 0.09 0.19 0.636 0.4 0.47 0.45 0.4 0.59 0.43 0.23 0.23 0.5 0.23 0.4 0.42 0.56 0.43 0.58 0.485 0.2 0.4 0.42 0.48 0.3 0.56 0.52 0.648 0.65 0.4 0.1 0.31 0.55 0.56 0.5 0.3 0.37 0.46 0.5 0.47 0.485 0.33 0.4 1.67 0.48 0.1 0.52 0.33 0.41 0.5 0.4 0.58 0.4 0.5 0.59 0.6 0.42 0.23 0.4 0.58 1.05 0.4 0.25 0.55 0.5 0.11 1.483 0.54 0.38 0.4 0.39 0.65 1.03 0.59 0.23 0.4 1.345 0.53 0.4 0.46 0.48 0.59 0.686 0.377 0.59 0.09 0.45 0.25 0.47 0.37 0.4 0.22 0.53 0.4 0.17 0.56 0.54 0.45 0.4 0.37 1.4 0.56 0.22 0.4 0.45 0.1 0.48 0.54 0.58 0.38 0.686 0.53 0.46 0.34 0.56 0.4 0.42 0.56 0.5 0.46 0.68 0.59 0.47 0.4 0.36 0.52 0.54 0.4 0.465 1.483 0.4 0.58 0.38 0.481 0.37 0.5 0.4 0.635 0.51 0.648 1.483 0.55 0.11 0.4 0.901 0.54 0.1 0.47 0.5 1.483 0.65 0.37 0.68 0.25 0.476 0.41 0.59 0.47 0.4 0.635 0.31 0.58 0.4 1.345 0.46 0.47 1.05 0.33 0.54 0.46 0.54 0.43 0.56 1.345 0.43 0.58 0.4 0.37 0.5 0.42 0.47 0.46 0.71 0.47 0.59 0.53 1.42 0.47 0.71 0.37 0.37 0.71 0.46 0.48 0.41 0.3 0.43 0.48 0.36 0.36 0.53 1.46 1.248 0.762 0.3 0.53 0.52 0.39 0.59 0.55 0.4 0.476 0.7 0.19 0.4 0.41 0.5 0.22 0.648 0.46 0.53 0.45 0.47 0.58 0.3 0.637 0.377 0.5 0.45 0.37 0.36 1.46 0.42 0.5 0.36 1.05 0.65 0.465 0.46 0.22 0.42 0.45 0.54 0.54 0.5 1.345 0.4 0.4 0.47 0.45 0.45 0.4 1.35 0.47 0.41 0.42 0.4 0.2 1.345 0.43 0.54 0.52 0.22 0.3 0.56 0.42 0.41 0.46 0.46 0.33 0.22 0.46 0.5 0.39 0.39 1.248 0.4 0.37 0.7 0.49 0.23 0.58 1.483 0.3 0.58 0.4 0.56 0.53 0.58 1.248 0.3 0.65 0.45 1.46 0.635 0.901 0.56 0.4 0.56 0.33 0.25 0.25 0.4 0.43 1.483 0.39 0.43 0.59 0.09 0.54 0.55 0.58 0.4 0.4 0.58 0.901 0.4 0.485 1.483 0.55 0.4 0.5 0.7 0.11 0.53 0.54 0.46 0.52 0.5 0.54 0.6 0.36 0.4 0.36 0.4 0.41 0.41 0.4 0.686 0.4 0.26 0.37 0.26 0.59 0.37 0.54 0.42 0.481 1.66 0.637 0.901 0.4 0.54 0.4 0.54 0.762 0.301 0.42 1.345 0.55 0.19 0.5 0.42 0.53 0.5 1.66 0.56 0.1 0.52 0.58 0.54 0.485 0.45 0.46 0.4 0.34 0.54 0.3 0.37 0.65 0.3 0.4 0.476 0.43 1.345 0.49 0.27 0.47 0.25 0.23 0.45 0.56 0.46 0.301 0.53 0.47 0.17 0.53 0.14 0.26 0.53 0.43 0.31 0.4 1.46 0.48 1.345 0.47 0.54 0.68 0.54 0.54 0.22 0.46 0.4 0.55 0.27 0.25 0.17 0.41 0.59 1.483 0.5 1.05 0.32 1.248 0.65 0.54 0.59 0.37 0.27 0.46 0.45 1.483 1.345 1.67 0.724 0.27 0.47 0.42 0.47 1.49 0.45 0.5 0.55 0.58 0.3 0.56 0.52 0.5 0.636 0.32 0.36 1.483 0.65 0.59 0.51 0.27 1.43 0.47 0.58 0.5 0.42 0.58 1.248 0.4 0.22 0.55 0.58 0.1 0.68 0.65 0.47 1.345 0.42 0.301 0.4 0.27 0.37 0.23 0.53 0.68 0.2 0.46 0.45 0.465 0.4 0.56 0.3 0.5 0.3 0.38 0.5 0.32 0.5 0.3 0.48 1.44 0.724 0.4 0.4 1.38 0.4 0.14 0.45 1.43 0.33 0.51 0.58 0.4 0.47 0.45 1.483 0.56 1.345 0.5 0.54 0.45 0.52 0.52 0.42 0.36 0.5 0.7 0.34 1.345 0.54 0.59 0.637 0.47 0.43 1.05 0.38 0.5 0.4 0.33 0.42 0.636 0.47 0.5 0.1 0.377 0.762 0.42 0.901 0.25 0.52 0.52 0.45 0.901 0.5 0.54 0.33 0.46 0.55 0.6 0.4 0.6 0.49 0.43 0.58 1.483 0.59 0.53 0.46 0.481 0.37 0.23 0.4 0.48 0.54 0.1 0.56 0.4 0.762 0.47 0.724 0.54 0.5 0.39
Dot Production Prediction of Lab Growth Rates:
0.557708 0.368104 0.402125 0.399997 0.548328 0.453282 0.472059 0.353706 0.978366 0.485681 0.30468 0.708647 0.401495 0.405206 0.326476 0.399786 0.291368 0.364158 0.545306 0.445462 0.305967 0.551926 0.40155 0.32283 0.541735 0.411848 0.470827 0.483064 0.431914 0.399537 0.322846 0.31653 0.550441 0.547035 0.39894 0.693226 0.635676 0.400992 0.995754 0.640623 0.455897 0.531571 0.545335 0.577489 0.433385 0.281918 0.94785 0.514556 0.483126 0.580848 0.401895 1.36905 0.279668 0.466627 0.344908 0.290961 0.365876 0.472159 0.382533 0.467068 0.394065 0.467401 0.433381 0.606718 0.342049 0.548218 0.398093 0.353138 1.05164 0.403147 0.563264 0.550214 0.380648 0.393007 1.30587 0.421872 0.300655 0.39408 0.309114 0.65537 1.38312 0.541779 0.549102 0.39964 1.37134 0.530309 0.383911 0.386455 0.340358 0.409331 0.705057 0.48431 0.296606 0.337477 0.364267 1.45022 0.291863 0.432318 0.398553 0.477118 0.336855 0.394981 0.314065 0.460767 0.422911 1.49898 0.400227 0.276859 1.40001 0.536969 0.471632 0.400188 0.327759 1.19254 0.2947 0.477952 0.47507 0.29427 0.703759 0.523347 0.37634 0.288087 0.549302 0.40064 0.400089 0.547922 0.315431 0.280696 0.45487 0.549625 0.403297 0.396769 0.464022 0.384594 0.391327 0.386842 0.482019 1.29898 0.40334 0.471246 0.360391 0.483699 0.428021 0.429506 0.399329 0.702491 0.409368 0.698695 1.34199 0.454386 0.365747 0.40133 0.932192 0.400639 0.477994 0.411555 0.555704 1.3089 0.649999 0.508447 0.459992 0.373414 0.487533 0.314757 0.281799 0.436229 0.401988 0.699194 0.623668 0.469856 0.41389 1.35924 0.600553 0.321652 1.05613 0.374286 0.535938 0.443126 0.378776 0.396145 0.540461 1.34508 0.462618 0.45784 0.400919 0.430852 0.922998 0.298355 0.450492 0.582098 0.705188 0.360136 0.348421 0.528479 1.49691 0.386002 0.699333 0.437423 0.433669 0.711048 0.406693 0.285107 0.36961 0.635438 0.418371 0.371784 0.31161 0.364375 0.397731 1.04358 0.981082 0.964884 0.437288 0.268882 0.374735 0.28265 0.290092 0.549099 0.39094 0.486142 0.758281 0.305121 0.399234 0.399851 0.396594 0.408491 0.699589 0.575993 0.541327 0.430435 0.360579 0.351482 0.578665 0.69738 0.483061 0.311614 0.307056 0.60741 0.326377 1.56293 0.345468 0.908315 0.431936 1.04993 0.652032 0.485752 0.465635 0.481363 0.310037 1.40798 0.532547 0.348801 0.904883 1.31568 0.401438 0.40165 0.412872 0.400711 0.424607 0.397093 1.20048 0.354942 0.338187 0.334974 0.400484 0.36235 1.31965 0.436424 0.538868 0.38761 0.477765 0.380067 0.470517 0.339052 0.484567 0.446723 0.452806 0.374113 0.471336 0.326246 0.537544 0.30473 0.305217 0.971218 0.307543 0.433862 0.763719 0.407162 0.543614 0.460041 1.30841 0.299999 0.385481 0.392729 0.540621 0.357816 0.387977 0.969929 0.307041 0.649998 1.38475 1.04898 0.700511 0.901622 0.473387 0.389407 0.539679 0.48608 1.08488 0.551768 0.394171 0.359985 1.32192 0.314402 0.368007 0.545217 0.381217 0.29301 0.550132 0.469663 0.400912 0.401443 0.279734 0.900989 0.39899 0.485723 1.33354 0.456136 0.400936 0.760203 0.761228 0.319606 0.343197 0.471088 0.467933 0.391246 0.536744 0.278412 0.606589 0.354021 0.393024 0.338723 0.402023 0.476073 0.394552 0.401855 0.707839 0.397653 0.353722 0.376356 0.629932 0.547561 0.432347 0.334861 0.298541 0.482831 1.5905 0.694754 0.901055 0.388092 0.40641 0.397231 0.45812 0.972807 0.482562 0.345655 1.30795 0.461099 0.295964 0.31228 0.621232 0.531545 0.474881 1.60029 0.460503 1.09912 0.35764 0.473377 0.461889 0.482822 1.43321 0.46623 0.39547 0.332729 0.541745 0.46778 0.431539 0.645863 0.320717 0.40218 0.482887 0.500033 1.30886 0.384036 0.326339 0.348257 0.377137 0.547201 1.38262 0.473115 0.459667 0.485317 0.594206 0.519444 0.299786 0.520492 0.139992 0.511957 0.468047 0.37878 0.645878 0.402386 1.0529 0.316358 1.35544 0.453484 0.374779 0.459679 0.404734 0.378475 0.358636 0.468093 0.404582 0.460187 0.361577 0.282461 0.468673 0.481639 0.547752 1.32561 0.543686 1.03911 0.295771 0.974915 0.649982 0.401201 0.312813 0.434465 0.645072 0.459197 1.50022 1.33679 1.35573 1.44775 0.70451 0.371344 0.358997 0.3828 0.377322 1.49898 0.329673 0.80859 0.549266 0.453951 0.615433 0.461103 0.338483 0.474428 0.706033 0.323037 0.32385 1.31483 0.627392 0.311435 0.455615 0.27 1.28085 0.433973 0.337975 0.467386 0.334951 0.457568 0.965134 0.336464 0.47284 0.549701 0.30733 1.0949 0.460732 0.654456 0.370666 1.29477 0.364309 0.486875 0.403432 0.402494 0.454481 0.445648 0.415608 0.455762 0.405702 0.334953 0.426517 0.481573 0.400736 0.54591 0.299934 0.748972 0.598288 0.320036 0.324482 0.346311 0.333132 0.643544 0.322891 1.46557 0.705607 0.397119 0.400766 1.36383 0.395071 0.140173 0.325191 1.2978 0.308089 0.425592 0.422006 0.401355 0.536046 0.397095 1.33849 0.544765 1.34496 0.883959 0.550795 1.44851 0.381128 0.376163 0.30038 0.349611 0.468577 0.759913 0.304127 1.33673 0.541147 0.54555 0.693096 0.354152 0.354963 1.57437 0.382019 0.318728 0.4 0.310888 0.640271 0.702035 0.393854 0.35653 0.339794 0.4831 0.977866 0.643183 0.895062 0.357627 0.413673 0.355097 0.367334 0.901 0.930503 0.460683 0.375573 0.447438 0.552491 0.64416 0.399558 0.62525 0.378445 0.453976 0.472684 1.29557 0.546032 0.539508 0.481602 0.479905 0.390259 0.446653 0.399786 0.295213 0.370668 1.35579 0.530139 0.402034 0.970515 0.424541 0.704625 0.539996 0.766028 0.358785
Testing:
Lab Growth Rates:
0.5
Dot Production Prediction of Lab Growth Rates:
0.798135
Best performance so far: 
Obj: 4.67573e-310Rho: 6.5069e-314Diff: 4.67573e-310
Test:
 Lab Growth Rates:
0.5Dot Product Prediction of Growth Rate:
0.7981348