seed =  5 traits =  1 
Training: part  158 
Training: part  158 
Round  1 
 Goal of obj  0.99 
Temperature range:  0.0078125 3.125e-14 
Cycle 1Round 1
Iter 500000 pBad 0.868398 T 0.00210327 Obj 1.07964 Rho 0 GRdif 45.0161 success 147092 failure 9006 obj_new 1.07985 SA_pAcc 0.90437 Delta 0.0500182 SA_r 0.998625 freedomratio 0.375882
Iter 1000000 pBad 0.799075 T 0.000566236 Obj 1.04469 Rho 0 GRdif 25.6208 success 290658 failure 25830 obj_new 1.04469 SA_pAcc 1 Delta -0.0404981 SA_r 0.347385 freedomratio 0.359069
Iter 1500000 pBad 0.740888 T 0.00015244 Obj 1.02699 Rho 0 GRdif 15.6057 success 432348 failure 48009 obj_new 1.02699 SA_pAcc 1 Delta -0.02397 SA_r 0.617367 freedomratio 0.36809
Iter 2000000 pBad 0.686764 T 4.10396e-05 Obj 1.02063 Rho 0 GRdif 11.9658 success 571900 failure 74538 obj_new 1.02063 SA_pAcc 0.94426 Delta 0.0162716 SA_r 0.982062 freedomratio 0.363749
Iter 2500000 pBad 0.479711 T 1.10486e-05 Obj 1.01584 Rho 0 GRdif 9.21022 success 707110 failure 111325 obj_new 1.01584 SA_pAcc 1.01176 Delta 0.0336163 SA_r 0.983559 freedomratio 0.361505
Iter 3000000 pBad 0.379544 T 2.97447e-06 Obj 1.01164 Rho 0 GRdif 6.78275 success 828405 failure 171855 obj_new 1.01164 SA_pAcc 0.991049 Delta 0.00218388 SA_r 0.118929 freedomratio 0.349851
Iter 3500000 pBad 0.260319 T 8.00778e-07 Obj 1.00919 Rho 0 GRdif 5.35994 success 932817 failure 267888 obj_new 1.00919 SA_pAcc 0.184294 Delta 0.0168944 SA_r 0.147143 freedomratio 0.334475
Iter 4000000 pBad 0.0975752 T 2.15583e-07 Obj 1.00829 Rho 0 GRdif 4.83798 success 1016427 failure 408011 obj_new 1.00829 SA_pAcc 0.166853 Delta -0.0053516 SA_r 0.190615 freedomratio 0.296259
Iter 4500000 pBad 0.0420722 T 5.80388e-08 Obj 1.00812 Rho 0 GRdif 4.74049 success 1058343 failure 643399 obj_new 1.00812 SA_pAcc 0.405766 Delta 0.00139882 SA_r 0.714009 freedomratio 0.253351
Iter 5000000 pBad 0.0219886 T 1.5625e-08 Obj 1.00807 Rho 0 GRdif 4.70819 success 1080801 failure 935754 obj_new 1.00807 SA_pAcc 0.266318 Delta 0.00214556 SA_r 0.90397 freedomratio 0.229624
Iter 5500000 pBad 0.0108015 T 4.20653e-09 Obj 1.00805 Rho 0 GRdif 4.70201 success 1093448 failure 1264129 obj_new 1.00806 SA_pAcc 0 Delta 0.000662908 SA_r 0.507647 freedomratio 0.215679
Iter 6000000 pBad 0.00508121 T 1.13247e-09 Obj 1.00804 Rho 0 GRdif 4.69443 success 1100783 failure 1612557 obj_new 1.00804 SA_pAcc 0 Delta -0.000479361 SA_r 0.136992 freedomratio 0.207434
Iter 6500000 pBad 0.00240051 T 3.04881e-10 Obj 1.00804 Rho 0 GRdif 4.69032 success 1105224 failure 1972454 obj_new 1.00804 SA_pAcc 0 Delta -0.000135908 SA_r 0.0341204 freedomratio 0.202909
Iter 7000000 pBad 0.00131499 T 8.20792e-11 Obj 1.00803 Rho 0 GRdif 4.68928 success 1107853 failure 2340729 obj_new 1.00803 SA_pAcc 0 Delta 6.80624e-05 SA_r 0.22088 freedomratio 0.201513
Iter 7500000 pBad 0.000521914 T 2.20971e-11 Obj 1.00803 Rho 0 GRdif 4.68887 success 1109241 failure 2712817 obj_new 1.00803 SA_pAcc 0 Delta 1.41384e-05 SA_r 0.464509 freedomratio 0.198981
Iter 8000000 pBad 0.00133755 T 5.94893e-12 Obj 1.00803 Rho 0 GRdif 4.68787 success 1110917 failure 3085957 obj_new 1.00803 SA_pAcc 1 Delta -2.92539e-05 SA_r 0.193416 freedomratio 0.198308
Iter 8500000 pBad 0.000423516 T 1.60156e-12 Obj 1.00803 Rho 0 GRdif 4.69121 success 1113987 failure 3450771 obj_new 1.00804 SA_pAcc 0 Delta -3.60804e-05 SA_r 0.469103 freedomratio 0.1874
Iter 9000000 pBad 0.000274095 T 4.31167e-13 Obj 1.00803 Rho 0 GRdif 4.68759 success 1117107 failure 3815952 obj_new 1.00803 SA_pAcc 1 Delta -3.74993e-07 SA_r 0.620134 freedomratio 0.191191
Iter 9500000 pBad 0.000106131 T 1.16078e-13 Obj 1.00803 Rho 0 GRdif 4.68743 success 1121388 failure 4179838 obj_new 1.00803 SA_pAcc 0 Delta -9.31214e-06 SA_r 0.465786 freedomratio 0.195725
Iter 10000000 pBad 7.17266e-28 T 3.12501e-14 Obj 1.00803 Rho 0 GRdif 4.68737 success 1123044 failure 4522303 obj_new 1.00803 SA_pAcc 1 Delta 2.03832e-29 SA_r 0.189882 freedomratio 0.183469
Cannot move further
iter 9.99986e+06 obj1.00803 rho 0 GRdif 4.68737
Training:
Lab Growth Rates:
0.617 0.37 0.4 0.4 0.33 0.55 0.54 0.58 0.1 0.11 0.19 0.636 0.4 0.38 0.45 0.4 0.54 0.42 0.23 0.23 0.5 0.23 0.4 0.53 0.56 0.43 0.58 0.485 0.2 0.4 0.33 0.42 0.3 0.56 0.52 0.648 0.65 0.4 0.1 0.17 0.55 0.56 0.5 0.3 0.37 0.46 0.5 0.47 0.485 0.46 0.4 1.67 0.48 0.1 0.54 0.5 0.45 0.5 0.4 0.58 0.4 0.5 0.59 0.6 0.54 0.23 0.4 0.58 1.05 0.4 0.25 0.55 0.33 0.36 1.483 0.41 0.47 0.38 0.4 0.53 0.65 1.03 0.59 0.23 0.4 1.345 0.53 0.4 0.46 0.42 0.59 0.686 0.377 0.59 0.09 0.43 0.25 0.47 0.37 0.4 0.22 0.25 0.4 0.17 0.56 0.54 0.45 0.4 0.37 1.4 0.56 0.22 0.4 0.45 0.1 0.48 0.54 0.58 0.59 0.686 0.53 0.26 0.34 0.56 0.4 0.54 0.56 0.33 0.46 0.68 0.59 0.47 0.4 0.36 0.52 0.54 0.4 0.465 1.483 0.4 0.58 0.38 0.481 0.37 0.47 0.4 0.635 0.51 0.648 1.483 0.55 0.11 0.4 0.901 0.54 0.33 0.47 0.5 1.483 0.65 0.37 0.68 0.42 0.476 0.42 0.59 0.5 0.4 0.635 0.31 0.58 0.4 1.345 0.46 0.42 1.05 0.33 0.54 0.48 0.46 0.43 0.56 1.345 0.31 0.58 0.4 0.37 0.5 0.27 0.47 0.46 0.71 0.47 0.59 0.53 1.42 0.5 0.71 0.37 0.37 0.71 0.25 0.48 0.46 0.3 0.43 0.47 0.36 0.43 0.53 1.46 1.248 0.762 0.3 0.54 0.47 0.39 0.59 0.55 0.4 0.476 0.7 0.19 0.4 0.47 0.5 0.22 0.648 0.47 0.53 0.41 0.47 0.53 0.3 0.637 0.377 0.42 0.41 0.37 0.36 1.46 0.42 0.5 0.36 1.05 0.65 0.465 0.46 0.22 0.4 0.45 0.54 0.33 0.5 1.345 0.4 0.4 0.47 0.45 0.58 0.4 1.35 0.43 0.43 0.43 0.4 0.59 1.345 0.43 0.54 0.47 0.22 0.3 0.56 0.42 0.41 0.53 0.46 0.1 0.22 0.45 0.5 0.41 1.248 0.2 0.37 0.7 0.46 0.23 0.58 1.483 0.3 0.42 0.5 0.56 0.4 0.53 1.248 0.3 0.65 0.45 1.46 0.635 0.901 0.56 0.56 0.36 0.25 0.25 0.4 0.47 1.483 0.42 0.27 0.59 0.09 0.39 0.55 0.58 0.42 0.4 0.45 0.901 0.4 0.485 1.483 0.55 0.27 0.5 0.7 0.53 0.47 0.58 0.47 0.54 0.46 0.5 0.5 0.54 0.6 0.36 0.42 0.2 0.4 0.41 0.41 0.5 0.686 0.52 0.32 0.46 0.39 0.59 0.52 0.58 0.39 0.481 1.66 0.637 0.901 0.52 0.46 0.4 0.54 0.762 0.301 0.4 1.345 0.55 0.19 0.5 0.47 0.53 0.5 0.42 0.56 0.3 0.58 0.54 0.485 0.45 0.46 0.42 0.54 0.54 0.54 0.6 0.46 0.3 0.4 0.476 0.46 1.345 0.54 0.27 0.37 0.23 0.45 0.56 0.46 0.301 0.42 0.34 0.17 0.65 0.14 0.4 0.53 0.5 0.26 0.59 0.42 0.4 1.345 0.37 0.49 0.68 0.5 0.4 1.38 0.4 0.4 0.55 0.4 0.34 0.45 0.41 0.59 1.483 0.5 1.43 0.26 1.248 0.49 0.48 0.25 0.43 0.5 0.27 0.45 1.483 1.345 1.67 0.724 0.45 0.58 0.56 0.5 1.49 0.4 0.5 0.55 0.27 1.66 0.5 0.58 0.4 0.636 1.345 0.52 0.3 1.483 0.4 0.36 0.51 0.09 0.65 0.5 0.53 0.7 0.58 0.65 1.248 0.49 0.58 0.48 0.47 0.37 0.68 0.4 0.52 1.345 0.47 0.301 0.45 0.38 0.54 0.3 0.48 0.68 0.59 0.23 0.56 0.465 0.54 0.38 0.3 0.4 1.46 0.47 0.23 0.33 0.22 0.48 0.5 0.724 0.4 0.54 0.14 0.33 0.58 0.54 0.45 0.39 0.51 0.1 0.52 0.46 1.345 0.39 0.4 0.54 0.52 0.45 0.31 0.5 0.46 0.54 0.52 0.6 0.43 0.55 0.45 0.58 0.637 0.4 0.41 1.05 0.4 1.05 0.32 0.52 0.53 0.636 0.4 0.65 0.1 0.377 0.22 0.36 0.901 0.47 0.32 0.58 0.37 0.901 0.46 0.25 0.43 0.4 0.3 0.1 1.43 0.37 0.47 0.52 1.483 0.56 1.44 0.54 0.4 0.481 0.762 1.483 0.56 0.48 0.45 0.11 0.4 0.1 0.762 0.42 0.724 0.59 0.55 0.4
Dot Production Prediction of Lab Growth Rates:
0.569083 0.391446 0.406946 0.403882 0.489886 0.438644 0.453825 0.293055 0.866945 0.351776 0.310267 0.725387 0.402297 0.365783 0.366946 0.401761 0.39509 0.333241 0.528191 0.426248 0.352635 0.542086 0.403818 0.33044 0.531504 0.436512 0.470237 0.451909 0.38011 0.405655 0.449258 0.322004 0.384951 0.538117 0.365968 0.705996 0.65 0.399995 0.875543 0.327813 0.449349 0.536844 0.533802 0.416729 0.41997 0.324802 0.649787 0.494315 0.451551 0.337397 0.406642 1.4369 0.310983 0.444725 0.365935 0.320239 0.375916 0.468126 0.401499 0.473334 0.400437 0.472696 0.398152 0.433456 0.385868 0.538021 0.405589 0.343678 1.04769 0.405193 0.526809 0.552218 0.342251 0.325767 1.05165 0.382157 0.391723 0.317095 0.401785 0.504278 0.667772 1.3205 0.543559 0.529861 0.398625 1.07607 0.528899 0.401254 0.431055 0.304718 0.382835 0.72107 0.447292 0.330333 0.374404 0.402436 1.50913 0.321564 0.420466 0.399796 0.462982 0.313598 0.399799 0.414035 0.471323 0.400003 1.53824 0.40526 0.317105 1.47427 0.534329 0.462741 0.401849 0.355013 1.03049 0.30289 0.45585 0.472642 0.336721 0.718351 0.527569 0.556995 0.333822 0.54694 0.399226 0.315991 0.547301 0.322348 0.299058 0.506021 0.549026 0.389663 0.400875 0.346785 0.409062 0.304436 0.404817 0.460318 1.03405 0.399789 0.475777 0.368395 0.456553 0.409368 0.412766 0.400915 0.713364 0.39292 0.708937 1.04374 0.453467 0.369054 0.400506 0.804324 0.377519 0.416609 0.398956 0.534674 0.986647 0.647604 0.403903 0.509193 0.349887 0.463263 0.591775 0.323072 0.324025 0.39921 0.711214 0.564576 0.474407 0.400896 1.0632 0.511391 0.383188 1.05 0.326347 0.540226 0.337723 0.347346 0.426751 0.545113 1.07737 0.556962 0.470826 0.405384 0.411432 0.630632 0.37964 0.349354 0.502685 0.718727 0.376846 0.346513 0.537741 1.55101 0.322174 0.716975 0.421106 0.421741 0.721818 0.365288 0.314873 0.415987 0.444143 0.363124 0.337566 0.334846 0.452746 0.384356 1.0425 0.849099 0.761998 0.411078 0.378898 0.356158 0.326382 0.317074 0.550009 0.401291 0.462837 0.697518 0.319228 0.404353 0.420099 0.39558 0.428036 0.708525 0.411295 0.539925 0.356259 0.343531 0.357 0.414027 0.710831 0.446957 0.329721 0.315802 0.518082 0.370307 1.55881 0.343067 0.638048 0.412911 1.05089 0.649956 0.460182 0.463532 0.348989 0.345397 1.47343 0.540437 0.315999 0.623851 0.986458 0.404835 0.406763 0.428677 0.392031 0.364276 0.398703 1.13491 0.346332 0.362892 0.39982 0.399636 0.322615 1.01196 0.405306 0.537806 0.36606 0.458287 0.383939 0.471831 0.33707 0.451896 0.530698 0.454664 0.45731 0.455366 0.336314 0.527963 0.367609 0.847788 0.411822 0.415355 0.706561 0.384436 0.532321 0.471803 0.973206 0.301057 0.347481 0.572959 0.539454 0.401214 0.405532 0.845225 0.305274 0.655237 1.46417 1.03189 0.709364 0.902954 0.479127 0.533174 0.357454 0.743742 0.506901 0.404958 0.337126 1.01209 0.308422 0.373395 0.540847 0.434906 0.337391 0.549985 0.472922 0.344691 0.405161 0.343457 0.904555 0.405238 0.459717 1.02308 0.448773 0.359868 0.571813 0.707353 0.29685 0.415878 0.371906 0.358327 0.453494 0.470664 0.630196 0.527504 0.385599 0.44971 0.395867 0.352762 0.410102 0.40432 0.449613 0.347096 0.600215 0.722699 0.385713 0.318979 0.447461 0.305957 0.549364 0.347419 0.336986 0.310182 0.454751 1.66 0.708547 0.900563 0.388487 0.439733 0.40325 0.450715 0.768162 0.44102 0.403508 1.05698 0.452281 0.314749 0.317969 0.34003 0.529873 0.477445 0.345505 0.470774 0.451006 0.476609 0.444919 0.458536 1.46592 0.470105 0.583887 0.359332 0.548571 0.367625 0.430411 0.476314 0.341527 0.355411 0.460148 0.421655 0.994639 0.333309 0.348584 0.383852 0.535888 1.44832 0.470014 0.460003 0.444535 0.604875 0.305862 0.329713 0.652288 0.14 0.405791 0.417115 0.32063 0.452253 0.335712 0.388784 0.400459 1.056 0.423583 0.385814 0.510352 0.342911 0.401851 1.32036 0.405956 0.399884 0.448991 0.398787 0.321753 0.351573 0.451518 0.548773 0.995412 0.548681 1.20698 0.363487 0.841173 0.380738 0.341679 0.361877 0.396756 0.478927 0.298144 1.5384 1.03886 1.02357 1.5148 0.721154 0.414415 0.470306 0.472247 0.469447 1.53824 0.40562 0.580223 0.54502 0.563372 1.66 0.648702 0.364848 0.405137 0.716822 1.05978 0.351964 0.299101 0.995844 0.400232 0.345391 0.379784 0.332672 0.641367 0.371219 0.341843 0.699899 0.351556 0.678114 0.843583 0.360446 0.475233 0.318207 0.444564 0.390207 0.509554 0.400476 0.351239 0.988771 0.486246 0.442345 0.395663 0.314184 0.54703 0.418262 0.305631 0.507307 0.537605 0.425214 0.53173 0.457525 0.546726 0.331051 0.421772 0.40309 1.03594 0.380641 0.427985 0.364161 0.46643 0.340843 0.476305 0.722812 0.401267 0.35515 0.140351 0.352293 0.319691 0.448046 0.359268 0.343217 0.407791 1.40591 0.396764 0.354282 1.05401 0.310988 0.403778 0.543168 0.361463 1.50428 0.560433 0.596019 0.303618 0.384291 0.37415 0.43542 0.363532 0.545247 0.364021 0.460447 0.705947 0.40568 0.383874 1.02855 0.404848 1.54117 0.345468 0.36471 0.52616 0.72108 0.398311 0.627188 0.371961 0.446888 0.376183 0.340753 0.901 0.358813 0.322326 0.372004 0.413263 0.901532 0.458783 0.369093 0.350698 0.404809 0.350957 0.954206 1.22347 0.428575 0.387478 0.379092 1.0324 0.544363 1.5337 0.371131 0.405787 0.454685 0.763897 1.00905 0.535347 0.324962 0.341742 0.331327 0.403755 0.753857 0.77023 0.359926 0.723963 0.538857 0.543136 0.404967
Testing:
Lab Growth Rates:
0.5 0.5 0.5
Dot Production Prediction of Lab Growth Rates:
0.342829 0.336941 0.36141
Best performance so far: 
Obj: 4.66674e-310Rho: 2.26291e-314Diff: 4.66674e-310
Anneal again with the best G and E so far as input
Cycle 2Round 1
Iter 500000 pBad 0.853442 T 0.00210327 Obj 1.07279 Rho 0 GRdif 41.1752 success 111696 failure 8022 obj_new 1.07279 SA_pAcc 1.19464 Delta -0.0804166 SA_r 0.252194 freedomratio 0.268561
Iter 1000000 pBad 0.757663 T 0.000566236 Obj 1.03998 Rho 0 GRdif 23.0297 success 220221 failure 23362 obj_new 1.04008 SA_pAcc 0.830783 Delta 0.0654533 SA_r 0.937975 freedomratio 0.263134
Iter 1500000 pBad 0.710636 T 0.00015244 Obj 1.02937 Rho 0 GRdif 16.9604 success 326372 failure 44303 obj_new 1.02937 SA_pAcc 1 Delta 0.0345145 SA_r 0.699976 freedomratio 0.266849
Iter 2000000 pBad 0.610647 T 4.10396e-05 Obj 1.02329 Rho 0 GRdif 13.4905 success 430146 failure 71804 obj_new 1.02329 SA_pAcc 1.39313 Delta -0.0399997 SA_r 0.188018 freedomratio 0.26231
Iter 2500000 pBad 0.492788 T 1.10486e-05 Obj 1.01868 Rho 0 GRdif 10.8446 success 530336 failure 108264 obj_new 1.01868 SA_pAcc 1 Delta -0.0298777 SA_r 0.374652 freedomratio 0.259982
Iter 3000000 pBad 0.323788 T 2.97447e-06 Obj 1.01541 Rho 0 GRdif 8.95945 success 622770 failure 160020 obj_new 1.01541 SA_pAcc 1 Delta 0.0160799 SA_r 0.593042 freedomratio 0.248938
Iter 3500000 pBad 0.236956 T 8.00778e-07 Obj 1.01085 Rho 0 GRdif 6.32256 success 703061 failure 243093 obj_new 1.01085 SA_pAcc 0.827546 Delta -0.0136025 SA_r 0.947374 freedomratio 0.240558
Iter 4000000 pBad 0.127554 T 2.15583e-07 Obj 1.00928 Rho 0 GRdif 5.41031 success 769157 failure 358505 obj_new 1.00928 SA_pAcc 0.204816 Delta -0.0125803 SA_r 0.989711 freedomratio 0.224521
Iter 4500000 pBad 0.0633178 T 5.80388e-08 Obj 1.00842 Rho 0 GRdif 4.91301 success 817124 failure 528316 obj_new 1.00842 SA_pAcc 1 Delta -0.00594536 SA_r 0.183626 freedomratio 0.200616
Iter 5000000 pBad 0.0329931 T 1.5625e-08 Obj 1.00813 Rho 0 GRdif 4.74571 success 844586 failure 765656 obj_new 1.00813 SA_pAcc 1 Delta 0.002841 SA_r 0.0274012 freedomratio 0.178713
Iter 5500000 pBad 0.0120612 T 4.20653e-09 Obj 1.00802 Rho 0 GRdif 4.68325 success 862045 failure 1048783 obj_new 1.00802 SA_pAcc 1 Delta -0.000169717 SA_r 0.813408 freedomratio 0.163277
Iter 6000000 pBad 0.00452279 T 1.13247e-09 Obj 1.00798 Rho 0 GRdif 4.65696 success 872531 failure 1363730 obj_new 1.00798 SA_pAcc 1 Delta 9.96012e-06 SA_r 0.650029 freedomratio 0.158507
Iter 6500000 pBad 0.00385236 T 3.04881e-10 Obj 1.00795 Rho 0 GRdif 4.64046 success 880957 failure 1697139 obj_new 1.00795 SA_pAcc 2.70006e-37 Delta -0.000376515 SA_r 0.461872 freedomratio 0.153003
Iter 7000000 pBad 0.00215324 T 8.20792e-11 Obj 1.00793 Rho 0 GRdif 4.63114 success 888027 failure 2047755 obj_new 1.00793 SA_pAcc 5.45736e-222 Delta -0.000113263 SA_r 0.949177 freedomratio 0.144513
Iter 7500000 pBad 0.00168333 T 2.20971e-11 Obj 1.00793 Rho 0 GRdif 4.62657 success 893676 failure 2421903 obj_new 1.00793 SA_pAcc 0 Delta 3.30153e-05 SA_r 0.782985 freedomratio 0.139358
Iter 8000000 pBad 0.000425552 T 5.94893e-12 Obj 1.00792 Rho 0 GRdif 4.62461 success 898635 failure 2811587 obj_new 1.00792 SA_pAcc 1 Delta -2.79359e-05 SA_r 0.208896 freedomratio 0.135272
Iter 8500000 pBad 1.2389e-13 T 1.60156e-12 Obj 1.00792 Rho 0 GRdif 4.62432 success 904298 failure 3199178 obj_new 1.00792 SA_pAcc 0 Delta -8.38519e-16 SA_r 0.984615 freedomratio 0.128791
Iter 9000000 pBad 1.21581e-41 T 4.31167e-13 Obj 1.00792 Rho 0 GRdif 4.62366 success 904395 failure 3546720 obj_new 1.00792 SA_pAcc 0 Delta -7.91267e-43 SA_r 0.822126 freedomratio 0.128143
Iter 9500000 pBad 1.81669e-235 T 1.16078e-13 Obj 1.00792 Rho 0 GRdif 4.6237 success 904395 failure 3894672 obj_new 1.00792 SA_pAcc 0 Delta 8.57955e-237 SA_r 0.351804 freedomratio 0.121779
Good enough
iter 8.58769e+06 obj1.00792 rho 0 GRdif 4.62363
Training:
Lab Growth Rates:
0.617 0.37 0.4 0.4 0.33 0.55 0.54 0.58 0.1 0.11 0.19 0.636 0.4 0.38 0.45 0.4 0.54 0.42 0.23 0.23 0.5 0.23 0.4 0.53 0.56 0.43 0.58 0.485 0.2 0.4 0.33 0.42 0.3 0.56 0.52 0.648 0.65 0.4 0.1 0.17 0.55 0.56 0.5 0.3 0.37 0.46 0.5 0.47 0.485 0.46 0.4 1.67 0.48 0.1 0.54 0.5 0.45 0.5 0.4 0.58 0.4 0.5 0.59 0.6 0.54 0.23 0.4 0.58 1.05 0.4 0.25 0.55 0.33 0.36 1.483 0.41 0.47 0.38 0.4 0.53 0.65 1.03 0.59 0.23 0.4 1.345 0.53 0.4 0.46 0.42 0.59 0.686 0.377 0.59 0.09 0.43 0.25 0.47 0.37 0.4 0.22 0.25 0.4 0.17 0.56 0.54 0.45 0.4 0.37 1.4 0.56 0.22 0.4 0.45 0.1 0.48 0.54 0.58 0.59 0.686 0.53 0.26 0.34 0.56 0.4 0.54 0.56 0.33 0.46 0.68 0.59 0.47 0.4 0.36 0.52 0.54 0.4 0.465 1.483 0.4 0.58 0.38 0.481 0.37 0.47 0.4 0.635 0.51 0.648 1.483 0.55 0.11 0.4 0.901 0.54 0.33 0.47 0.5 1.483 0.65 0.37 0.68 0.42 0.476 0.42 0.59 0.5 0.4 0.635 0.31 0.58 0.4 1.345 0.46 0.42 1.05 0.33 0.54 0.48 0.46 0.43 0.56 1.345 0.31 0.58 0.4 0.37 0.5 0.27 0.47 0.46 0.71 0.47 0.59 0.53 1.42 0.5 0.71 0.37 0.37 0.71 0.25 0.48 0.46 0.3 0.43 0.47 0.36 0.43 0.53 1.46 1.248 0.762 0.3 0.54 0.47 0.39 0.59 0.55 0.4 0.476 0.7 0.19 0.4 0.47 0.5 0.22 0.648 0.47 0.53 0.41 0.47 0.53 0.3 0.637 0.377 0.42 0.41 0.37 0.36 1.46 0.42 0.5 0.36 1.05 0.65 0.465 0.46 0.22 0.4 0.45 0.54 0.33 0.5 1.345 0.4 0.4 0.47 0.45 0.58 0.4 1.35 0.43 0.43 0.43 0.4 0.59 1.345 0.43 0.54 0.47 0.22 0.3 0.56 0.42 0.41 0.53 0.46 0.1 0.22 0.45 0.5 0.41 1.248 0.2 0.37 0.7 0.46 0.23 0.58 1.483 0.3 0.42 0.5 0.56 0.4 0.53 1.248 0.3 0.65 0.45 1.46 0.635 0.901 0.56 0.56 0.36 0.25 0.25 0.4 0.47 1.483 0.42 0.27 0.59 0.09 0.39 0.55 0.58 0.42 0.4 0.45 0.901 0.4 0.485 1.483 0.55 0.27 0.5 0.7 0.53 0.47 0.58 0.47 0.54 0.46 0.5 0.5 0.54 0.6 0.36 0.42 0.2 0.4 0.41 0.41 0.5 0.686 0.52 0.32 0.46 0.39 0.59 0.52 0.58 0.39 0.481 1.66 0.637 0.901 0.52 0.46 0.4 0.54 0.762 0.301 0.4 1.345 0.55 0.19 0.5 0.47 0.53 0.5 0.42 0.56 0.3 0.58 0.54 0.485 0.45 0.46 0.42 0.54 0.54 0.54 0.6 0.46 0.3 0.4 0.476 0.46 1.345 0.54 0.27 0.37 0.23 0.45 0.56 0.46 0.301 0.42 0.34 0.17 0.65 0.14 0.4 0.53 0.5 0.26 0.59 0.42 0.4 1.345 0.37 0.49 0.68 0.5 0.4 1.38 0.4 0.4 0.55 0.4 0.34 0.45 0.41 0.59 1.483 0.5 1.43 0.26 1.248 0.49 0.48 0.25 0.43 0.5 0.27 0.45 1.483 1.345 1.67 0.724 0.45 0.58 0.56 0.5 1.49 0.4 0.5 0.55 0.27 1.66 0.5 0.58 0.4 0.636 1.345 0.52 0.3 1.483 0.4 0.36 0.51 0.09 0.65 0.5 0.53 0.7 0.58 0.65 1.248 0.49 0.58 0.48 0.47 0.37 0.68 0.4 0.52 1.345 0.47 0.301 0.45 0.38 0.54 0.3 0.48 0.68 0.59 0.23 0.56 0.465 0.54 0.38 0.3 0.4 1.46 0.47 0.23 0.33 0.22 0.48 0.5 0.724 0.4 0.54 0.14 0.33 0.58 0.54 0.45 0.39 0.51 0.1 0.52 0.46 1.345 0.39 0.4 0.54 0.52 0.45 0.31 0.5 0.46 0.54 0.52 0.6 0.43 0.55 0.45 0.58 0.637 0.4 0.41 1.05 0.4 1.05 0.32 0.52 0.53 0.636 0.4 0.65 0.1 0.377 0.22 0.36 0.901 0.47 0.32 0.58 0.37 0.901 0.46 0.25 0.43 0.4 0.3 0.1 1.43 0.37 0.47 0.52 1.483 0.56 1.44 0.54 0.4 0.481 0.762 1.483 0.56 0.48 0.45 0.11 0.4 0.1 0.762 0.42 0.724 0.59 0.55 0.4
Dot Production Prediction of Lab Growth Rates:
0.528488 0.42 0.408998 0.402326 0.550045 0.457321 0.466258 0.291849 1.19962 0.3856 0.309635 0.712646 0.400837 0.378593 0.369454 0.407697 0.389058 0.342207 0.547416 0.430574 0.367718 0.547238 0.401867 0.343749 0.55578 0.451908 0.46941 0.488118 0.35565 0.402449 0.518046 0.328151 0.524947 0.552223 0.381732 0.687523 0.62579 0.401088 1.21664 0.306686 0.472509 0.531129 0.560984 0.56241 0.417217 0.345628 0.868699 0.502759 0.490027 0.358426 0.405694 1.37259 0.295719 0.472156 0.392871 0.329644 0.40698 0.476261 0.386709 0.470977 0.389965 0.468511 0.376184 0.596804 0.423786 0.547673 0.40569 0.361138 1.05582 0.403073 0.587137 0.564436 0.333195 0.333518 1.28271 0.409131 0.395686 0.290602 0.393271 0.506984 0.65466 1.30389 0.544395 0.55412 0.395957 1.3938 0.537812 0.398204 0.477104 0.326073 0.353248 0.70598 0.490731 0.347776 0.398381 0.409735 1.45862 0.318426 0.422801 0.391839 0.472496 0.312002 0.401849 0.445744 0.468424 0.386959 1.49781 0.4049 0.285077 1.40825 0.548413 0.485614 0.398384 0.360835 1.42536 0.301969 0.469996 0.470078 0.336138 0.703289 0.526982 0.595169 0.338407 0.558286 0.401535 0.325341 0.562565 0.321715 0.314278 0.302859 0.554204 0.401729 0.385242 0.353706 0.386992 0.288421 0.401487 0.493878 1.26934 0.399384 0.473575 0.370075 0.490889 0.411415 0.437527 0.406215 0.702079 0.436382 0.696519 1.35045 0.470941 0.410054 0.403104 0.819785 0.400269 0.476624 0.394106 0.564001 1.29015 0.648548 0.4629 0.30734 0.373246 0.498404 0.601432 0.320715 0.342852 0.401495 0.700888 0.615564 0.466959 0.376415 1.35202 0.581654 0.421412 1.06442 0.336232 0.541761 0.364791 0.366823 0.41323 0.546461 1.35965 0.592438 0.468187 0.400712 0.414172 0.838832 0.374801 0.352327 0.569594 0.702824 0.397977 0.315783 0.526339 1.49153 0.328716 0.69803 0.420429 0.42324 0.706974 0.366186 0.294664 0.44699 0.619028 0.357651 0.354279 0.351459 0.445855 0.412352 1.0651 0.865453 0.792139 0.40834 0.402528 0.378156 0.347333 0.321346 0.554345 0.395657 0.496724 0.774464 0.325103 0.399196 0.4555 0.454038 0.460887 0.696832 0.39876 0.546379 0.373861 0.368652 0.376708 0.571353 0.695884 0.489515 0.296472 0.338758 0.579684 0.374954 1.47219 0.343578 0.811029 0.439912 1.06875 0.654309 0.496297 0.464632 0.357324 0.298174 1.42941 0.547988 0.320813 0.829092 1.32743 0.404436 0.405123 0.419044 0.420957 0.398136 0.400922 1.18129 0.371784 0.376909 0.413348 0.393002 0.333592 1.34883 0.422718 0.537751 0.388464 0.475008 0.380288 0.478552 0.358577 0.493843 0.566221 0.449537 0.490898 0.47145 0.325759 0.532151 0.384056 0.856234 0.384492 0.41579 0.784509 0.415346 0.544213 0.467384 1.31074 0.277163 0.371538 0.741823 0.548178 0.39194 0.439498 0.860619 0.282429 0.66338 1.42539 1.03997 0.698783 0.90817 0.476376 0.546911 0.374745 0.993563 0.546148 0.402902 0.354111 1.30079 0.309194 0.384041 0.556152 0.483764 0.351318 0.558147 0.470433 0.345733 0.406213 0.353248 0.905603 0.404179 0.495989 1.34468 0.473493 0.381947 0.713055 0.780748 0.286959 0.390872 0.410073 0.371454 0.455637 0.463781 0.793782 0.530222 0.401958 0.634852 0.441077 0.360513 0.386986 0.404653 0.487586 0.354473 0.782492 0.707957 0.38057 0.322803 0.436084 0.326443 0.550857 0.35778 0.363368 0.326632 0.491749 1.54613 0.693833 0.905323 0.425621 0.424763 0.404751 0.472378 0.799496 0.500248 0.401308 1.3038 0.470942 0.316349 0.333518 0.358766 0.529554 0.477792 0.317044 0.4692 0.634652 0.475455 0.466567 0.493715 1.44135 0.462149 0.593179 0.333387 0.538741 0.394084 0.604449 0.556558 0.323288 0.309107 0.493502 0.399043 1.31088 0.347401 0.338695 0.405329 0.545472 1.39628 0.475625 0.462129 0.499844 0.622346 0.310984 0.309689 0.656668 0.141943 0.40376 0.454925 0.33723 0.472155 0.351199 0.367877 0.384945 1.34997 0.424254 0.427429 0.305795 0.362441 0.384772 1.28671 0.405794 0.390133 0.474314 0.3893 0.331785 0.368227 0.493865 0.551186 1.31271 0.547336 1.26375 0.390367 0.858367 0.40754 0.355704 0.364292 0.364538 0.483719 0.277796 1.49096 1.32106 1.38695 1.48612 0.705322 0.429485 0.467783 0.466403 0.470569 1.49781 0.402309 0.727414 0.545492 0.624253 1.54564 0.858119 0.396309 0.40301 0.7005 1.33806 0.362335 0.277351 1.30832 0.405863 0.369586 0.40623 0.354428 0.640465 0.420111 0.333686 0.779367 0.373166 0.657681 0.852689 0.405227 0.477961 0.309596 0.466596 0.421772 0.308303 0.403396 0.38161 1.32757 0.486323 0.499909 0.414277 0.300319 0.556323 0.575323 0.326735 0.304144 0.545417 0.431757 0.53372 0.493376 0.555459 0.294771 0.603266 0.401851 1.04002 0.369307 0.432139 0.38334 0.486951 0.360537 0.478021 0.70769 0.396371 0.375711 0.141231 0.368838 0.319001 0.464071 0.342534 0.358544 0.451491 1.41699 0.399803 0.375433 1.34095 0.322362 0.407327 0.535422 0.357581 1.48404 0.589166 0.762159 0.307399 0.370543 0.402464 0.616702 0.391966 0.551301 0.362315 0.450244 0.693428 0.404984 0.420664 1.04834 0.403375 1.46293 0.358044 0.390153 0.542925 0.703948 0.399653 0.634627 0.376989 0.490589 0.41334 0.322166 0.902723 0.366617 0.333502 0.410451 0.414349 0.920346 0.458592 0.365831 0.371141 0.403355 0.463067 1.40581 1.24684 0.483411 0.403774 0.395639 1.28732 0.554491 1.48273 0.365646 0.405815 0.488008 0.794299 1.34872 0.553763 0.348675 0.355442 0.342587 0.39916 1.00433 0.80507 0.368721 0.707934 0.544565 0.545888 0.405749
Testing:
Lab Growth Rates:
0.5 0.5 0.5
Dot Production Prediction of Lab Growth Rates:
0.370828 0.340049 0.389427
Best performance so far: 
Obj: 4.66674e-310Rho: 6.5069e-314Diff: 4.66674e-310
Test:
 Lab Growth Rates:
0.5 0.5 0.5Dot Product Prediction of Growth Rate:
0.3708281 0.3400491 0.3894272