seed =  5 traits =  1 
Training: part  106 
Training: part  106 
Round  1 
 Goal of obj  0.99 
Temperature range:  0.015625 4e-14 
Cycle 1Round 1
Iter 500000 pBad 0.950059 T 0.00411371 Obj 1.20005 Rho 0 GRdif 107.231 success 105018 failure 1765 obj_new 1.20005 SA_pAcc 1 Delta 0.000621656 SA_r 0.46047 freedomratio 0.363861
Iter 1000000 pBad 0.864974 T 0.00108304 Obj 1.10595 Rho 0 GRdif 59.2157 success 237645 failure 10942 obj_new 1.10595 SA_pAcc 1 Delta -0.0758435 SA_r 0.774149 freedomratio 0.365899
Iter 1500000 pBad 0.745306 T 0.000285139 Obj 1.03994 Rho 0 GRdif 23.029 success 379556 failure 32022 obj_new 1.03994 SA_pAcc 1.09593 Delta 0.0611714 SA_r 0.380495 freedomratio 0.372388
Iter 2000000 pBad 0.662573 T 7.50705e-05 Obj 1.0246 Rho 0 GRdif 14.288 success 518574 failure 60350 obj_new 1.0246 SA_pAcc 1 Delta -0.0365967 SA_r 0.947152 freedomratio 0.363412
Iter 2500000 pBad 0.664653 T 1.97643e-05 Obj 1.01834 Rho 0 GRdif 10.6978 success 655228 failure 93651 obj_new 1.01836 SA_pAcc 0.453009 Delta -0.050515 SA_r 0.721949 freedomratio 0.363861
Iter 3000000 pBad 0.455863 T 5.20347e-06 Obj 1.01508 Rho 0 GRdif 8.7985 success 783646 failure 140684 obj_new 1.01508 SA_pAcc 1 Delta 0.0151248 SA_r 0.376857 freedomratio 0.368883
Iter 3500000 pBad 0.303701 T 1.36995e-06 Obj 1.01129 Rho 0 GRdif 6.60109 success 895887 failure 219547 obj_new 1.01129 SA_pAcc 0.398388 Delta 0.0290554 SA_r 0.862433 freedomratio 0.342458
Iter 4000000 pBad 0.19271 T 3.60676e-07 Obj 1.00928 Rho 0 GRdif 5.42987 success 993855 failure 329860 obj_new 1.00928 SA_pAcc 4.00993 Delta 0.0109741 SA_r 0.46604 freedomratio 0.318872
Iter 4500000 pBad 0.0862946 T 9.49575e-08 Obj 1.00852 Rho 0 GRdif 4.99053 success 1053886 failure 524106 obj_new 1.00852 SA_pAcc 1 Delta -0.00336595 SA_r 0.199846 freedomratio 0.268984
Iter 5000000 pBad 0.0353618 T 2.50001e-08 Obj 1.00826 Rho 0 GRdif 4.83667 success 1086850 failure 790025 obj_new 1.00826 SA_pAcc 1 Delta -0.00168951 SA_r 0.618716 freedomratio 0.235577
Iter 5500000 pBad 0.0117042 T 6.58193e-09 Obj 1.00817 Rho 0 GRdif 4.78172 success 1102592 failure 1110030 obj_new 1.00817 SA_pAcc 4.39835e-21 Delta 0.000115394 SA_r 0.999819 freedomratio 0.216654
Iter 6000000 pBad 0.00798959 T 1.73287e-09 Obj 1.00813 Rho 0 GRdif 4.76628 success 1111398 failure 1456560 obj_new 1.00814 SA_pAcc 0 Delta 3.27044e-05 SA_r 0.990543 freedomratio 0.205451
Iter 6500000 pBad 0.00354473 T 4.56223e-10 Obj 1.00812 Rho 0 GRdif 4.76455 success 1116731 failure 1817874 obj_new 1.00814 SA_pAcc 0 Delta -2.26556e-05 SA_r 0.267098 freedomratio 0.202689
Iter 7000000 pBad 0.00388199 T 1.20113e-10 Obj 1.00811 Rho 0 GRdif 4.74725 success 1119907 failure 2186585 obj_new 1.00811 SA_pAcc 1 Delta -0.000331096 SA_r 0.252976 freedomratio 0.200409
Iter 7500000 pBad 0.000995344 T 3.16229e-11 Obj 1.0081 Rho 0 GRdif 4.74417 success 1121888 failure 2560418 obj_new 1.0081 SA_pAcc 0 Delta -1.01385e-05 SA_r 0.820914 freedomratio 0.197448
Iter 8000000 pBad 0.000347639 T 8.32555e-12 Obj 1.0081 Rho 0 GRdif 4.77356 success 1123557 failure 2937557 obj_new 1.00815 SA_pAcc 0 Delta -8.57547e-06 SA_r 0.1702 freedomratio 0.195739
Iter 8500000 pBad 5.01403e-05 T 2.19192e-12 Obj 1.0081 Rho 0 GRdif 4.74096 success 1124947 failure 3317959 obj_new 1.0081 SA_pAcc 1 Delta 4.15635e-06 SA_r 0.368341 freedomratio 0.193995
Iter 9000000 pBad 0.00044384 T 5.77082e-13 Obj 1.00809 Rho 0 GRdif 4.73997 success 1127132 failure 3694265 obj_new 1.00809 SA_pAcc 0 Delta 4.04577e-06 SA_r 0.905226 freedomratio 0.188522
Iter 9500000 pBad 7.31413e-31 T 1.51932e-13 Obj 1.00809 Rho 0 GRdif 4.73984 success 1129499 failure 4007431 obj_new 1.00809 SA_pAcc 1 Delta 4.45984e-32 SA_r 0.168692 freedomratio 0.17905
Iter 10000000 pBad 8.55804e-82 T 4.00001e-14 Obj 1.00809 Rho 0 GRdif 4.73984 success 1129499 failure 4302523 obj_new 1.00809 SA_pAcc 1 Delta -8.0763e-83 SA_r 0.613098 freedomratio 0.173759
Cannot move further
iter 9.21817e+06 obj1.00809 rho 0 GRdif 4.73984
Training:
Lab Growth Rates:
0.3 0.45 0.41 0.32 0.19 0.377 0.45 0.6 0.42 0.56 0.23 0.55 0.41 0.6 0.41 0.54 0.1 0.54 0.43 0.09 0.465 0.54 0.41 0.5 0.22 0.48 0.4 0.5 0.4 0.68 0.4 0.37 0.47 0.58 0.637 0.65 0.59 0.65 1.483 0.25 0.36 1.67 0.53 0.37 1.46 0.481 0.41 0.4 1.483 1.483 0.52 0.54 1.46 0.56 0.36 0.636 0.58 0.45 0.43 0.6 0.23 0.42 0.46 0.42 1.345 0.56 0.41 0.1 0.54 0.4 0.42 0.377 0.55 0.52 0.55 0.58 0.37 0.58 0.4 0.46 0.54 0.1 0.22 0.58 0.5 1.483 0.4 0.68 0.59 0.25 0.45 0.56 0.43 0.47 0.3 0.27 0.33 1.248 1.43 0.31 0.27 0.38 0.5 0.46 1.05 0.42 0.38 0.11 0.59 0.4 0.65 0.46 0.46 0.45 0.36 1.43 0.48 0.47 0.4 0.39 0.5 0.686 0.42 0.48 0.56 0.58 0.4 0.46 0.54 0.55 0.45 0.3 0.42 0.54 0.48 0.37 0.58 0.1 0.33 0.37 0.65 0.23 0.42 0.43 0.301 0.5 1.345 1.483 0.45 0.43 0.54 0.47 0.4 0.47 0.46 0.32 0.65 0.38 0.54 1.483 0.39 0.59 0.48 0.42 0.54 0.17 0.23 0.41 0.4 1.248 0.54 0.53 1.05 0.377 1.483 1.05 1.483 0.4 0.25 0.41 0.47 1.38 1.248 0.5 0.3 0.43 0.5 0.46 0.45 0.648 0.25 0.36 0.58 0.45 0.31 0.51 0.901 0.43 0.4 0.1 0.45 0.54 0.54 0.36 0.38 0.27 0.5 0.3 1.05 0.762 0.4 0.637 0.47 0.43 0.58 0.33 0.46 0.485 0.54 0.59 0.46 0.43 0.1 0.19 0.4 0.5 0.42 0.36 0.59 0.5 0.59 0.39 0.485 0.37 0.58 0.301 0.52 1.345 0.45 0.4 0.42 1.46 0.48 0.4 0.65 0.39 0.58 0.3 0.3 0.59 0.25 0.39 0.762 0.4 0.4 0.4 0.33 1.05 0.37 0.47 0.56 0.4 0.635 1.4 0.27 0.36 0.11 0.55 0.4 0.47 0.27 0.4 0.648 0.42 0.4 0.53 0.476 0.47 0.54 0.52 0.4 0.5 0.476 0.54 0.5 1.44 0.7 0.45 0.5 0.5 1.483 0.52 0.5 0.37 0.26 0.54 0.43 0.2 0.23 0.45 0.39 0.58 0.53 0.14 0.58 0.7 0.46 0.22 0.4 0.46 0.54 0.46 0.25 0.686 1.345 0.47 1.248 0.53 0.5 0.47 0.636 0.47 0.724 0.51 0.53 0.46 0.43 0.901 0.2 0.4 0.5 0.46 0.47 0.37 0.65 0.37 0.68 0.45 0.58 0.37 0.47 0.5 1.345 0.23 0.45 0.53 0.59 0.58 0.27 0.46 0.4 0.4 0.58 0.47 1.483 0.4 0.4 1.345 0.1 0.47 0.23 0.65 0.46 0.4 0.4 0.42 0.3 0.42 0.7 0.56 1.345 0.5 0.26 0.25 0.53 0.59 0.45 1.345 0.635 1.483 0.47 0.58 0.34 0.4 0.3 0.25 0.4 0.901 0.68 0.4 0.22 0.46 1.345 0.648 0.55 0.09 0.5 0.59 0.22 0.33 0.55 0.55 0.38 0.58 0.636 0.4 0.46 0.1 0.56 0.58 0.59 0.4 0.41 1.67 0.5 0.3 0.47 0.56 0.465 0.4 0.47 1.66 0.53 0.4 0.36 0.56 0.2 0.5 0.4 0.55 0.17 0.4 0.5 0.4 0.481 0.4 0.5 0.37 0.4 0.3 0.5 0.762 0.481 0.4 0.26 0.53 0.5 0.4 0.49 0.37 0.52 0.52 0.34 1.345 0.56 0.6 0.71 0.724 0.1 0.56 0.54 1.03 0.49 0.5 0.42 0.45 0.55 0.59 0.476 0.54 0.4 0.59 0.37 0.52 0.7 0.47 0.485 0.465 1.49 0.33 0.59 0.71 0.37 0.48 0.56 0.3 1.66 0.637 0.32 0.47 0.635 0.47 0.52 0.48 0.53 0.901 0.4 0.53 0.901 0.37 0.4 0.36 0.54 0.4 0.42 0.59 0.22 0.4 0.23 0.45 0.55 0.42 0.49 0.5 0.4 0.4 0.56 0.48 0.23 1.35 0.54 0.17 0.09 0.724 0.58 0.4 1.345 0.43 0.4 0.4 0.5 0.5 1.42 0.4 1.248 0.31 0.45 0.54 0.52 0.54 0.42 0.68 0.55 0.5 0.56 0.901 0.34 0.46 1.345 0.617 0.53 0.14 0.33 0.22 0.65 0.46 0.4 0.5 0.52 0.71 0.54 0.4 0.19 0.52 0.4 0.3 1.483 0.53 0.686 0.11 0.51 0.58 0.33 0.301 0.56 1.46 0.47 0.22 0.33 0.56 0.54 0.762 0.485 0.53 0.56 0.5 0.4 0.54
Dot Production Prediction of Lab Growth Rates:
0.496494 0.329878 0.344633 0.32051 0.323537 0.481592 1.59816 0.491759 0.359905 0.548079 0.412279 0.558473 0.379901 0.481135 0.389583 0.354611 1.36262 0.394334 0.350526 0.38334 0.487727 0.536757 0.485179 0.538987 0.473901 0.329895 0.401382 0.641406 0.401075 0.425368 0.405893 0.395959 0.341782 0.482213 0.679738 0.66945 0.552018 0.649999 1.0771 0.365434 0.324146 1.44683 0.375113 0.316903 1.5353 0.484889 0.48654 0.404361 1.06991 1.09611 0.360675 0.356391 1.05783 0.530588 0.423039 0.686124 0.336874 0.416336 0.36228 0.48208 0.541137 0.334648 0.398843 0.343166 1.12787 0.475688 0.356155 0.43934 0.448762 0.399915 0.348561 0.482193 0.542272 0.337072 0.542763 0.486189 0.411203 0.481174 0.39999 0.344181 0.540356 1.25531 0.424429 0.468469 0.346654 1.13489 0.401772 0.421594 0.337475 0.506861 0.370509 0.477755 0.449612 0.428103 0.301014 0.386854 0.368413 0.891391 1.30004 0.555201 0.375559 0.376169 0.668167 0.41831 1.05 0.369788 0.333425 0.332035 0.549769 0.400539 0.673045 0.353084 0.457623 1.6132 0.376176 1.27995 0.353799 0.443932 0.404737 0.342222 0.69105 0.68675 0.314566 0.334707 0.534554 0.315587 0.400376 0.489864 0.39228 0.451255 0.36046 0.395003 0.362906 0.438565 0.352211 0.410044 0.469357 1.44247 0.43581 0.397061 0.644895 0.541077 0.359892 0.436988 0.486068 0.474237 1.11748 1.09654 0.35305 0.388802 0.391493 0.348862 0.397174 0.474806 0.451121 0.335253 0.656106 0.319034 0.284618 1.11472 0.327763 0.406481 0.28779 0.314644 0.54062 0.322646 0.542084 0.326062 0.395811 0.887015 0.397086 0.533876 1.51661 0.483836 1.08967 1.04999 1.10537 0.404556 1.64515 0.360736 0.410207 1.36914 0.896783 0.36711 0.368192 0.366525 0.318457 0.476594 1.58045 0.680948 0.362149 0.333737 0.464399 0.356131 0.547634 0.392754 0.903156 0.402244 0.407621 1.53604 0.397777 0.453953 0.457765 0.332202 0.320293 0.358632 0.323207 0.476629 1.05238 0.835144 0.407089 0.684206 0.390646 0.352613 0.34082 0.358715 0.29866 0.484003 0.336863 0.308811 0.466208 0.415589 0.779122 0.305275 0.397181 0.467824 0.555692 0.345988 0.321655 0.366879 0.538028 0.305032 0.484801 0.404117 0.369255 0.488608 0.352502 1.10084 0.374789 0.325567 0.332952 1.04492 0.289715 0.404931 0.652572 0.309995 0.370334 0.46205 0.46601 0.347249 0.775239 0.319265 0.838628 0.400844 0.399695 0.405599 0.330752 1.03921 0.510164 0.349178 0.542894 0.400864 0.682003 1.51222 0.548205 0.343571 0.372296 0.550124 0.398242 0.373706 0.369291 0.407586 0.675941 0.348951 0.400367 0.466504 0.489042 0.352965 0.378388 0.369106 0.397019 0.60366 0.49032 0.373677 0.489097 1.62981 0.705283 0.375296 0.326126 0.540451 1.10826 0.381354 0.4846 0.404976 0.365733 0.354792 0.370077 0.407283 0.537641 1.6684 0.318032 0.469482 0.510039 0.173731 0.45224 0.70449 0.480177 0.471752 0.405934 0.419791 0.370887 0.505814 0.306387 0.682886 1.13136 0.404368 0.889942 0.329616 0.701641 0.404464 0.683707 0.471241 0.680691 0.422632 0.413144 0.307179 0.405602 0.900886 0.391815 0.403643 0.344939 0.460108 0.411747 0.398966 0.647387 0.398885 0.428787 0.319561 0.467123 0.412326 0.373667 0.618371 1.1151 0.412529 1.66058 0.523003 0.53918 0.385159 0.293889 0.33308 0.403349 0.403801 0.3524 0.41108 1.11165 0.405385 0.403304 1.10967 1.25619 0.388068 0.412249 0.642503 0.468833 0.402351 0.402716 0.569139 0.30184 0.389387 0.696321 0.541533 1.0577 0.321311 0.538318 0.484286 0.542988 0.544287 1.6905 1.07912 0.680199 1.06745 0.350358 0.470334 0.304497 0.403287 0.401503 0.363496 0.400903 0.86195 0.429476 0.399491 0.379695 0.440012 1.07352 0.681854 0.466262 0.433796 0.336873 0.549607 0.473999 0.315473 0.556534 0.54021 0.375323 0.468607 0.690187 0.404127 0.359231 0.34718 0.541378 0.356385 0.538119 0.406696 0.486568 1.6619 0.484511 0.427464 0.355668 0.482404 0.484038 0.404113 0.386775 1.66 0.278625 0.408401 0.353472 0.465643 0.379207 0.53881 0.404997 0.462761 0.307034 0.394476 0.405563 0.404728 0.486952 0.394867 0.685578 0.393094 0.395543 0.30456 0.354782 0.847222 0.483232 0.395538 0.446104 0.538317 0.374767 0.404348 0.393384 0.432102 0.346435 0.3502 0.32578 1.108 0.466057 0.495814 0.688288 0.685673 0.433495 0.534037 0.442064 1.36727 0.363573 0.528366 0.360387 0.34605 0.463284 0.33194 0.488279 0.550931 0.403514 0.394486 0.404549 0.380866 0.699712 0.366296 0.482938 0.486703 1.6684 0.34287 0.329672 0.683122 0.395963 0.347599 0.534041 0.489829 1.66 0.68193 0.293972 0.381409 0.684288 0.317187 0.371246 0.289833 0.363983 0.907469 0.403892 0.40458 0.906512 0.403101 0.394345 0.409739 0.326999 0.338162 0.550224 0.321354 0.351033 0.405022 0.536015 0.403241 0.471699 0.324653 0.369771 0.608231 0.40006 0.400182 0.541901 0.319394 0.537506 1.12545 0.533916 0.407274 0.336198 0.686794 0.483037 0.405793 1.15655 0.440075 0.398752 0.404444 0.610253 0.527058 1.65424 0.403395 0.887512 0.547131 1.59702 0.548257 0.358742 0.537251 0.309386 0.428576 0.466706 0.680678 0.467206 0.901 0.332301 0.448197 1.12555 0.687197 0.330915 0.173556 0.489146 0.472217 0.618057 0.43963 0.39851 0.474359 0.396215 0.680172 0.380932 0.399034 0.312256 0.386299 0.40598 0.331836 1.08517 0.542378 0.687965 0.36014 0.402424 0.29744 0.316975 0.488776 0.541716 1.04863 0.357482 0.473883 0.461114 0.532335 0.445781 0.849706 0.487454 0.526459 0.537697 0.707763 0.405729 0.371929
Testing:
Lab Growth Rates:
0.3
Dot Production Prediction of Lab Growth Rates:
0.471409
Best performance so far: 
Obj: 4.63621e-310Rho: 2.26291e-314Diff: 4.63621e-310
Anneal again with the best G and E so far as input
Cycle 2Round 1
Iter 500000 pBad 0.902161 T 0.00411371 Obj 1.12037 Rho 0 GRdif 66.8324 success 114766 failure 5310 obj_new 1.12037 SA_pAcc 1 Delta -0.0391807 SA_r 0.671319 freedomratio 0.272981
Iter 1000000 pBad 0.833538 T 0.00108304 Obj 1.06304 Rho 0 GRdif 35.9443 success 226663 failure 16194 obj_new 1.06304 SA_pAcc 1 Delta 0.0384839 SA_r 0.639266 freedomratio 0.269849
Iter 1500000 pBad 0.700085 T 0.000285139 Obj 1.03578 Rho 0 GRdif 20.6732 success 335211 failure 36571 obj_new 1.03578 SA_pAcc 1 Delta 0.0523931 SA_r 0.436476 freedomratio 0.271343
Iter 2000000 pBad 0.596967 T 7.50705e-05 Obj 1.02575 Rho 0 GRdif 14.9494 success 440265 failure 65483 obj_new 1.02575 SA_pAcc 1 Delta 0.0508477 SA_r 0.813915 freedomratio 0.266184
Iter 2500000 pBad 0.573896 T 1.97643e-05 Obj 1.02115 Rho 0 GRdif 12.3086 success 543760 failure 98497 obj_new 1.02115 SA_pAcc 0.783084 Delta 0.0210094 SA_r 0.686703 freedomratio 0.266184
Iter 3000000 pBad 0.391739 T 5.20347e-06 Obj 1.01709 Rho 0 GRdif 9.96561 success 644090 failure 138554 obj_new 1.01709 SA_pAcc 1 Delta -0.00688869 SA_r 0.715963 freedomratio 0.262383
Iter 3500000 pBad 0.273176 T 1.36995e-06 Obj 1.0123 Rho 0 GRdif 7.18557 success 729698 failure 210744 obj_new 1.0123 SA_pAcc 1 Delta -0.00871154 SA_r 0.85967 freedomratio 0.24947
Iter 4000000 pBad 0.143726 T 3.60676e-07 Obj 1.01023 Rho 0 GRdif 5.98302 success 805550 failure 306769 obj_new 1.01023 SA_pAcc 0.337812 Delta 0.00391545 SA_r 0.565328 freedomratio 0.238927
Iter 4500000 pBad 0.0954601 T 9.49575e-08 Obj 1.00915 Rho 0 GRdif 5.35752 success 860216 failure 458739 obj_new 1.00915 SA_pAcc 0.0349591 Delta -0.00116726 SA_r 0.266295 freedomratio 0.211131
Iter 5000000 pBad 0.0318203 T 2.50001e-08 Obj 1.00867 Rho 0 GRdif 5.07697 success 896608 failure 671124 obj_new 1.00867 SA_pAcc 0.0177752 Delta 0.00247622 SA_r 0.656274 freedomratio 0.187919
Iter 5500000 pBad 0.0230095 T 6.58193e-09 Obj 1.0085 Rho 0 GRdif 4.97584 success 918602 failure 942965 obj_new 1.0085 SA_pAcc 1 Delta 0.00209095 SA_r 0.460153 freedomratio 0.169648
Iter 6000000 pBad 0.00982436 T 1.73287e-09 Obj 1.00843 Rho 0 GRdif 4.93705 success 932186 failure 1255187 obj_new 1.00843 SA_pAcc 1 Delta 0.000525768 SA_r 0.479 freedomratio 0.158919
Iter 6500000 pBad 0.00486887 T 4.56223e-10 Obj 1.0084 Rho 0 GRdif 4.93051 success 941277 failure 1592181 obj_new 1.00842 SA_pAcc 0 Delta -0.000361857 SA_r 0.86288 freedomratio 0.153525
Iter 7000000 pBad 0.00243621 T 1.20113e-10 Obj 1.00838 Rho 0 GRdif 4.90771 success 948687 failure 1944667 obj_new 1.00838 SA_pAcc 5.6386e-21 Delta 0.000180871 SA_r 0.458978 freedomratio 0.148823
Iter 7500000 pBad 0.00129269 T 3.16229e-11 Obj 1.00837 Rho 0 GRdif 4.90323 success 954886 failure 2308598 obj_new 1.00837 SA_pAcc 1.12702e-192 Delta -2.14611e-05 SA_r 0.0837393 freedomratio 0.146524
Iter 8000000 pBad 0.000391554 T 8.32555e-12 Obj 1.00837 Rho 0 GRdif 4.9012 success 960472 failure 2682654 obj_new 1.00837 SA_pAcc 0 Delta 3.2782e-05 SA_r 0.210488 freedomratio 0.143345
Iter 8500000 pBad 0.000149119 T 2.19192e-12 Obj 1.00837 Rho 0 GRdif 4.90353 success 965852 failure 3062280 obj_new 1.00837 SA_pAcc 0 Delta -2.13308e-06 SA_r 0.745097 freedomratio 0.140838
Iter 9000000 pBad 3.15931e-10 T 5.77082e-13 Obj 1.00837 Rho 0 GRdif 4.89906 success 973223 failure 3440016 obj_new 1.00837 SA_pAcc 1.00038 Delta -9.8424e-12 SA_r 0.562577 freedomratio 0.135703
Iter 9500000 pBad 2.85873e-34 T 1.51932e-13 Obj 1.00837 Rho 0 GRdif 4.91889 success 974126 failure 3765152 obj_new 1.0084 SA_pAcc 0 Delta 8.34176e-36 SA_r 0.669718 freedomratio 0.135266
Good enough
iter 9.09776e+06 obj1.00837 rho 0 GRdif 4.89906
Training:
Lab Growth Rates:
0.3 0.45 0.41 0.32 0.19 0.377 0.45 0.6 0.42 0.56 0.23 0.55 0.41 0.6 0.41 0.54 0.1 0.54 0.43 0.09 0.465 0.54 0.41 0.5 0.22 0.48 0.4 0.5 0.4 0.68 0.4 0.37 0.47 0.58 0.637 0.65 0.59 0.65 1.483 0.25 0.36 1.67 0.53 0.37 1.46 0.481 0.41 0.4 1.483 1.483 0.52 0.54 1.46 0.56 0.36 0.636 0.58 0.45 0.43 0.6 0.23 0.42 0.46 0.42 1.345 0.56 0.41 0.1 0.54 0.4 0.42 0.377 0.55 0.52 0.55 0.58 0.37 0.58 0.4 0.46 0.54 0.1 0.22 0.58 0.5 1.483 0.4 0.68 0.59 0.25 0.45 0.56 0.43 0.47 0.3 0.27 0.33 1.248 1.43 0.31 0.27 0.38 0.5 0.46 1.05 0.42 0.38 0.11 0.59 0.4 0.65 0.46 0.46 0.45 0.36 1.43 0.48 0.47 0.4 0.39 0.5 0.686 0.42 0.48 0.56 0.58 0.4 0.46 0.54 0.55 0.45 0.3 0.42 0.54 0.48 0.37 0.58 0.1 0.33 0.37 0.65 0.23 0.42 0.43 0.301 0.5 1.345 1.483 0.45 0.43 0.54 0.47 0.4 0.47 0.46 0.32 0.65 0.38 0.54 1.483 0.39 0.59 0.48 0.42 0.54 0.17 0.23 0.41 0.4 1.248 0.54 0.53 1.05 0.377 1.483 1.05 1.483 0.4 0.25 0.41 0.47 1.38 1.248 0.5 0.3 0.43 0.5 0.46 0.45 0.648 0.25 0.36 0.58 0.45 0.31 0.51 0.901 0.43 0.4 0.1 0.45 0.54 0.54 0.36 0.38 0.27 0.5 0.3 1.05 0.762 0.4 0.637 0.47 0.43 0.58 0.33 0.46 0.485 0.54 0.59 0.46 0.43 0.1 0.19 0.4 0.5 0.42 0.36 0.59 0.5 0.59 0.39 0.485 0.37 0.58 0.301 0.52 1.345 0.45 0.4 0.42 1.46 0.48 0.4 0.65 0.39 0.58 0.3 0.3 0.59 0.25 0.39 0.762 0.4 0.4 0.4 0.33 1.05 0.37 0.47 0.56 0.4 0.635 1.4 0.27 0.36 0.11 0.55 0.4 0.47 0.27 0.4 0.648 0.42 0.4 0.53 0.476 0.47 0.54 0.52 0.4 0.5 0.476 0.54 0.5 1.44 0.7 0.45 0.5 0.5 1.483 0.52 0.5 0.37 0.26 0.54 0.43 0.2 0.23 0.45 0.39 0.58 0.53 0.14 0.58 0.7 0.46 0.22 0.4 0.46 0.54 0.46 0.25 0.686 1.345 0.47 1.248 0.53 0.5 0.47 0.636 0.47 0.724 0.51 0.53 0.46 0.43 0.901 0.2 0.4 0.5 0.46 0.47 0.37 0.65 0.37 0.68 0.45 0.58 0.37 0.47 0.5 1.345 0.23 0.45 0.53 0.59 0.58 0.27 0.46 0.4 0.4 0.58 0.47 1.483 0.4 0.4 1.345 0.1 0.47 0.23 0.65 0.46 0.4 0.4 0.42 0.3 0.42 0.7 0.56 1.345 0.5 0.26 0.25 0.53 0.59 0.45 1.345 0.635 1.483 0.47 0.58 0.34 0.4 0.3 0.25 0.4 0.901 0.68 0.4 0.22 0.46 1.345 0.648 0.55 0.09 0.5 0.59 0.22 0.33 0.55 0.55 0.38 0.58 0.636 0.4 0.46 0.1 0.56 0.58 0.59 0.4 0.41 1.67 0.5 0.3 0.47 0.56 0.465 0.4 0.47 1.66 0.53 0.4 0.36 0.56 0.2 0.5 0.4 0.55 0.17 0.4 0.5 0.4 0.481 0.4 0.5 0.37 0.4 0.3 0.5 0.762 0.481 0.4 0.26 0.53 0.5 0.4 0.49 0.37 0.52 0.52 0.34 1.345 0.56 0.6 0.71 0.724 0.1 0.56 0.54 1.03 0.49 0.5 0.42 0.45 0.55 0.59 0.476 0.54 0.4 0.59 0.37 0.52 0.7 0.47 0.485 0.465 1.49 0.33 0.59 0.71 0.37 0.48 0.56 0.3 1.66 0.637 0.32 0.47 0.635 0.47 0.52 0.48 0.53 0.901 0.4 0.53 0.901 0.37 0.4 0.36 0.54 0.4 0.42 0.59 0.22 0.4 0.23 0.45 0.55 0.42 0.49 0.5 0.4 0.4 0.56 0.48 0.23 1.35 0.54 0.17 0.09 0.724 0.58 0.4 1.345 0.43 0.4 0.4 0.5 0.5 1.42 0.4 1.248 0.31 0.45 0.54 0.52 0.54 0.42 0.68 0.55 0.5 0.56 0.901 0.34 0.46 1.345 0.617 0.53 0.14 0.33 0.22 0.65 0.46 0.4 0.5 0.52 0.71 0.54 0.4 0.19 0.52 0.4 0.3 1.483 0.53 0.686 0.11 0.51 0.58 0.33 0.301 0.56 1.46 0.47 0.22 0.33 0.56 0.54 0.762 0.485 0.53 0.56 0.5 0.4 0.54
Dot Production Prediction of Lab Growth Rates:
0.678621 0.315273 0.341906 0.325319 0.294968 0.505261 1.36161 0.661069 0.351995 0.559687 0.43017 0.558374 0.401203 0.642181 0.393117 0.333969 1.82435 0.368185 0.344649 0.377698 0.508808 0.543803 0.508681 0.557159 0.481671 0.307106 0.375652 0.841917 0.377253 0.390193 0.381464 0.415766 0.320818 0.491129 0.67244 0.664414 0.556283 0.649576 1.31154 0.344004 0.32132 1.35309 0.384752 0.272023 1.44182 0.505576 0.508616 0.398211 1.29837 1.33759 0.376961 0.375937 1.06816 0.528118 0.416029 0.688604 0.363362 0.422962 0.363932 0.636249 0.546526 0.322504 0.397838 0.332627 1.37325 0.479435 0.363457 0.437783 0.466926 0.376432 0.330214 0.506 0.547538 0.323803 0.549399 0.492471 0.425542 0.485339 0.393235 0.348754 0.538907 1.61857 0.425401 0.46949 0.357753 1.35468 0.402193 0.3886 0.344076 0.521829 0.356464 0.481481 0.438513 0.412292 0.300202 0.358302 0.367663 0.886428 1.22257 0.574632 0.37287 0.371673 0.850506 0.39469 1.08329 0.340351 0.286697 0.327012 0.549302 0.376604 0.67567 0.355972 0.459626 1.38421 0.369126 1.20538 0.341353 0.439591 0.381213 0.345819 0.879465 0.68849 0.27455 0.337698 0.545736 0.318211 0.400404 0.504449 0.36059 0.482163 0.350525 0.548539 0.338308 0.471681 0.355463 0.428084 0.474769 1.83662 0.447519 0.40008 0.646757 0.544741 0.34514 0.421089 0.515858 0.474941 1.33301 1.2927 0.345393 0.369686 0.384457 0.340768 0.371399 0.470101 0.451121 0.352313 0.653356 0.30209 0.293216 1.30879 0.331281 0.380479 0.286571 0.316607 0.554548 0.306646 0.556663 0.327499 0.396203 0.878083 0.395322 0.533146 1.40964 0.508696 1.31312 1.06254 1.30585 0.379403 1.39768 0.378818 0.375288 1.20048 0.890794 0.358013 0.345933 0.366586 0.33112 0.480225 1.34485 0.675018 0.351365 0.323155 0.468922 0.363998 0.557015 0.387198 0.898154 0.382305 0.383569 1.33934 0.400173 0.475644 0.478007 0.338168 0.287836 0.323145 0.333482 0.639911 1.0791 0.835752 0.383688 0.674947 0.385117 0.346502 0.344159 0.356131 0.291273 0.506912 0.335986 0.303615 0.466902 0.391376 1.0539 0.283089 0.390685 0.473253 0.557284 0.337553 0.319899 0.364215 0.546687 0.297279 0.508077 0.427728 0.373371 0.518558 0.359911 1.32859 0.357549 0.287074 0.285186 1.0574 0.28061 0.380869 0.653019 0.312047 0.397709 0.623738 0.615352 0.311245 1.04088 0.317183 0.838121 0.400299 0.400319 0.380979 0.323688 1.04629 0.514576 0.34826 0.542532 0.402509 0.677993 1.39908 0.556263 0.360413 0.381375 0.546567 0.398803 0.369812 0.362246 0.382725 0.66913 0.33184 0.374036 0.450929 0.512519 0.349585 0.340459 0.367688 0.371732 0.75908 0.512628 0.364053 0.494271 1.38775 0.806906 0.385953 0.32507 0.540103 1.32817 0.389826 0.48992 0.423949 0.364095 0.366111 0.349747 0.368521 0.548603 1.41715 0.320016 0.474364 0.502739 0.314814 0.456936 0.80357 0.49464 0.481002 0.381312 0.420577 0.355464 0.5108 0.302563 0.68379 1.35197 0.386348 0.882125 0.317095 0.906065 0.39671 0.681576 0.470306 0.683642 0.426564 0.418597 0.314494 0.400733 0.900408 0.357419 0.378939 0.319412 0.459726 0.394532 0.404053 0.647795 0.394251 0.397709 0.289083 0.473963 0.427571 0.351329 0.778762 1.35302 0.43111 1.411 0.530119 0.541951 0.39119 0.269211 0.343851 0.378522 0.379757 0.366002 0.392772 1.32969 0.382601 0.377923 1.35267 1.61709 0.381173 0.428746 0.642565 0.467899 0.379154 0.397833 0.579995 0.297098 0.39023 0.804687 0.558012 1.32089 0.310093 0.544611 0.489849 0.546116 0.547155 1.43445 1.30697 0.679851 1.29232 0.344651 0.469421 0.307738 0.405349 0.371313 0.341911 0.373809 0.858551 0.395423 0.374099 0.40088 0.419099 1.31551 0.675082 0.493632 0.455452 0.336613 0.555704 0.488293 0.316271 0.552783 0.54557 0.360847 0.468576 0.690481 0.378517 0.352026 0.346227 0.551917 0.356448 0.547061 0.383831 0.505305 1.41707 0.492552 0.593369 0.354991 0.485279 0.508352 0.380452 0.363495 1.51486 0.273447 0.387267 0.358741 0.468323 0.338952 0.564524 0.379839 0.487741 0.295899 0.365988 0.42834 0.383124 0.508183 0.365054 0.883651 0.414884 0.389951 0.302324 0.345643 0.84717 0.505294 0.367473 0.431925 0.542986 0.393336 0.382898 0.40991 0.434551 0.356721 0.354163 0.329074 1.31292 0.474504 0.666208 0.692006 0.687714 0.427674 0.551503 0.472709 1.20867 0.391482 0.531385 0.341957 0.303255 0.492717 0.33435 0.509916 0.560891 0.37884 0.361511 0.422006 0.377903 0.800837 0.364239 0.504505 0.512012 1.41715 0.322114 0.319226 0.684044 0.415789 0.354328 0.539827 0.66683 1.52333 0.675453 0.311708 0.357859 0.680841 0.29192 0.367742 0.265586 0.382719 0.90239 0.395708 0.420776 0.901052 0.42024 0.363369 0.414415 0.299712 0.307635 0.561334 0.289561 0.356023 0.378855 0.541886 0.401919 0.490949 0.331591 0.384732 0.814346 0.37102 0.401591 0.547446 0.306217 0.552079 1.19811 0.532766 0.416134 0.3476 0.688845 0.48841 0.382524 1.36666 0.414158 0.375528 0.382313 0.83359 0.528908 1.44012 0.380614 0.881597 0.558122 1.36124 0.551477 0.367406 0.538266 0.307148 0.393498 0.490079 0.85967 0.472349 0.900414 0.32892 0.416935 1.34853 0.68216 0.302749 0.317952 0.485338 0.490224 0.627594 0.449062 0.36798 0.481424 0.388559 0.680527 0.379004 0.374524 0.296436 0.351916 0.382635 0.306307 1.29777 0.527836 0.686604 0.366423 0.413277 0.275228 0.320342 0.517491 0.545938 1.06264 0.369546 0.480749 0.482389 0.529177 0.467072 0.857152 0.511432 0.529526 0.547998 0.885008 0.382987 0.377709
Testing:
Lab Growth Rates:
0.3
Dot Production Prediction of Lab Growth Rates:
0.643128
Best performance so far: 
Obj: 4.63621e-310Rho: 4.24399e-314Diff: 4.63621e-310
Test:
 Lab Growth Rates:
0.3Dot Product Prediction of Growth Rate:
0.6431284