seed =  5 traits =  1 
Training: part  162 
Training: part  162 
Round  1 
 Goal of obj  0.99 
Temperature range:  0.00390625 1.25e-13 
Cycle 1Round 1
Iter 500000 pBad 0.856076 T 0.00116686 Obj 1.05203 Rho 0 GRdif 29.7224 success 146209 failure 11145 obj_new 1.05203 SA_pAcc 1.02952 Delta -0.014157 SA_r 0.102684 freedomratio 0.364655
Iter 1000000 pBad 0.783895 T 0.000348559 Obj 1.03687 Rho 0 GRdif 21.2179 success 288843 failure 30082 obj_new 1.03687 SA_pAcc 0.917856 Delta 0.031798 SA_r 0.53258 freedomratio 0.369018
Iter 1500000 pBad 0.69502 T 0.00010412 Obj 1.02697 Rho 0 GRdif 15.5958 success 429399 failure 53723 obj_new 1.02697 SA_pAcc 1 Delta -0.0555825 SA_r 0.423262 freedomratio 0.376123
Iter 2000000 pBad 0.628632 T 3.11022e-05 Obj 1.02057 Rho 0 GRdif 11.93 success 567254 failure 83197 obj_new 1.02057 SA_pAcc 1 Delta 0.0410643 SA_r 0.849282 freedomratio 0.371592
Iter 2500000 pBad 0.455656 T 9.2907e-06 Obj 1.01623 Rho 0 GRdif 9.43541 success 699919 failure 122075 obj_new 1.01623 SA_pAcc 0.959775 Delta -0.0245155 SA_r 0.815827 freedomratio 0.356882
Iter 3000000 pBad 0.314429 T 2.77528e-06 Obj 1.0114 Rho 0 GRdif 6.64162 success 818602 failure 188025 obj_new 1.0114 SA_pAcc 1 Delta -0.00762886 SA_r 0.237053 freedomratio 0.342891
Iter 3500000 pBad 0.237619 T 8.29017e-07 Obj 1.00899 Rho 0 GRdif 5.24658 success 916653 failure 296189 obj_new 1.00899 SA_pAcc 1 Delta 0.0189797 SA_r 0.116177 freedomratio 0.3405
Iter 4000000 pBad 0.128023 T 2.4764e-07 Obj 1.00835 Rho 0 GRdif 4.87487 success 992325 failure 453148 obj_new 1.00835 SA_pAcc 0.0815437 Delta -0.00396453 SA_r 0.121766 freedomratio 0.294769
Iter 4500000 pBad 0.0422485 T 7.39739e-08 Obj 1.00816 Rho 0 GRdif 4.76547 success 1035499 failure 688774 obj_new 1.00817 SA_pAcc 1.47909e-11 Delta 0.00131924 SA_r 0.11388 freedomratio 0.255672
Iter 5000000 pBad 0.0293987 T 2.20971e-08 Obj 1.00809 Rho 0 GRdif 4.75886 success 1060924 failure 975590 obj_new 1.00815 SA_pAcc 0 Delta -0.00273116 SA_r 0.651984 freedomratio 0.227838
Iter 5500000 pBad 0.0137445 T 6.60075e-09 Obj 1.00806 Rho 0 GRdif 4.7015 success 1076598 failure 1298012 obj_new 1.00806 SA_pAcc 1 Delta -0.000190385 SA_r 0.29762 freedomratio 0.212781
Iter 6000000 pBad 0.00709948 T 1.97175e-09 Obj 1.00804 Rho 0 GRdif 4.69307 success 1085969 failure 1645191 obj_new 1.00804 SA_pAcc 6.78938e-11 Delta 0.000312609 SA_r 0.86177 freedomratio 0.203331
Iter 6500000 pBad 0.00504886 T 5.88991e-10 Obj 1.00803 Rho 0 GRdif 4.68941 success 1091583 failure 2009378 obj_new 1.00803 SA_pAcc 1 Delta 0.000180995 SA_r 0.434129 freedomratio 0.199388
Iter 7000000 pBad 0.00220203 T 1.75941e-10 Obj 1.00803 Rho 0 GRdif 4.69029 success 1095070 failure 2380911 obj_new 1.00804 SA_pAcc 0 Delta -0.00019593 SA_r 0.772275 freedomratio 0.195529
Iter 7500000 pBad 0.00225733 T 5.25562e-11 Obj 1.00803 Rho 0 GRdif 4.70405 success 1098179 failure 2758657 obj_new 1.00806 SA_pAcc 0 Delta -6.72445e-06 SA_r 0.549898 freedomratio 0.191316
Iter 8000000 pBad 0.000840731 T 1.56993e-11 Obj 1.00803 Rho 0 GRdif 4.68771 success 1100870 failure 3142757 obj_new 1.00803 SA_pAcc 0 Delta 6.26201e-05 SA_r 0.631069 freedomratio 0.189093
Iter 8500000 pBad 0.000591554 T 4.68963e-12 Obj 1.00803 Rho 0 GRdif 4.6849 success 1103243 failure 3532708 obj_new 1.00803 SA_pAcc 0 Delta -5.72012e-05 SA_r 0.218573 freedomratio 0.184451
Iter 9000000 pBad 0.000284261 T 1.40086e-12 Obj 1.00803 Rho 0 GRdif 4.68455 success 1106733 failure 3924966 obj_new 1.00803 SA_pAcc 9.24502e-118 Delta 5.33419e-06 SA_r 0.192547 freedomratio 0.182214
Iter 9500000 pBad 1.14344e-51 T 4.1846e-13 Obj 1.00803 Rho 0 GRdif 4.68574 success 1110596 failure 4266530 obj_new 1.00803 SA_pAcc 0 Delta -1.07718e-52 SA_r 0.956202 freedomratio 0.173168
Iter 10000000 pBad 2.57485e-134 T 1.25e-13 Obj 1.00803 Rho 0 GRdif 4.68551 success 1110596 failure 4580174 obj_new 1.00803 SA_pAcc 0 Delta -4.59616e-136 SA_r 0.200198 freedomratio 0.171948
Cannot move further
iter 9.33473e+06 obj1.00803 rho 0 GRdif 4.68444
Training:
Lab Growth Rates:
0.25 0.485 0.55 0.1 0.46 0.37 0.59 0.476 0.58 0.54 1.05 0.4 0.4 0.47 0.45 0.65 0.42 0.47 0.4 0.6 1.49 0.26 0.4 0.3 0.54 1.67 0.49 0.65 0.47 0.43 0.33 0.5 0.22 0.47 0.46 0.52 0.59 1.483 0.54 0.33 0.17 0.56 0.3 0.46 0.724 0.54 1.483 0.58 0.3 0.59 0.4 0.58 0.09 0.45 0.47 0.47 0.32 0.6 0.4 0.4 0.45 0.4 0.47 0.53 0.42 0.42 0.65 0.46 0.4 1.345 0.59 0.5 0.4 0.46 0.53 0.17 0.4 0.3 0.23 0.31 0.4 0.5 0.2 0.33 0.47 0.52 0.724 0.52 0.48 0.23 0.5 0.22 0.54 0.42 0.45 0.48 0.27 0.42 0.47 1.345 1.345 1.345 0.724 1.483 0.39 0.1 0.23 0.45 1.248 0.22 0.39 0.49 0.59 0.53 0.59 0.45 0.56 0.901 0.54 0.54 0.27 0.6 1.483 0.55 0.4 0.11 0.1 0.42 0.46 0.56 0.4 0.4 0.27 0.53 0.3 0.4 1.05 0.37 0.47 0.48 0.54 1.483 1.35 0.45 0.4 0.42 0.14 0.32 0.39 0.47 0.3 0.636 0.52 0.301 0.46 0.46 0.56 0.4 0.1 0.55 0.53 0.476 0.39 0.43 0.48 0.25 0.19 0.42 1.46 0.37 0.41 0.54 0.53 0.465 0.4 0.58 0.4 0.47 0.58 0.31 0.5 0.4 0.4 0.27 0.59 0.37 0.301 0.51 0.4 1.43 0.33 0.54 0.45 0.48 0.5 0.34 1.483 1.345 0.37 0.481 0.36 1.46 0.901 0.5 0.4 0.55 0.3 1.248 0.58 0.4 0.59 0.48 0.5 0.45 0.5 0.635 0.65 0.68 0.58 0.39 0.4 0.41 0.42 0.55 0.377 0.58 0.54 0.762 0.762 0.5 0.3 0.4 0.465 0.55 0.1 0.54 1.66 0.37 0.4 0.45 0.43 0.53 0.37 0.56 0.7 0.617 0.5 0.58 0.4 0.5 0.47 0.38 0.52 0.637 0.47 1.483 0.37 0.37 1.345 0.38 0.54 0.5 0.22 0.52 0.5 0.26 0.41 0.33 0.4 0.53 0.38 0.37 0.762 0.45 0.54 0.59 0.41 0.43 0.58 0.51 0.25 0.59 0.485 0.46 0.52 0.65 0.4 0.36 0.42 0.47 0.46 0.4 0.38 0.52 0.635 0.53 0.46 0.25 0.4 0.4 0.59 0.59 0.4 0.4 0.4 0.58 0.53 0.42 0.31 0.648 0.46 0.47 0.4 0.34 0.54 0.54 0.5 1.483 0.59 0.54 0.26 1.483 0.49 0.5 0.47 0.4 0.46 0.71 0.33 0.23 0.4 0.56 0.25 1.483 0.23 0.54 0.7 0.45 0.47 0.55 0.32 0.5 0.23 0.648 0.46 0.7 0.47 0.51 0.11 0.22 0.47 0.5 0.762 0.5 0.47 1.43 0.48 0.56 1.483 1.67 0.25 1.05 1.345 0.56 0.56 0.4 0.4 0.54 1.345 0.5 0.5 0.42 0.56 0.27 0.45 0.09 0.5 0.485 0.68 0.4 0.17 0.4 1.42 0.58 0.43 0.37 0.47 0.54 0.37 0.14 1.05 0.33 0.3 0.34 0.71 0.19 0.43 0.2 0.48 0.4 0.3 0.377 1.44 0.4 0.55 0.42 0.41 1.483 0.65 0.5 1.345 0.53 1.38 1.05 1.4 0.465 0.22 0.5 0.43 0.65 0.43 0.39 0.33 1.248 0.45 1.248 0.58 0.43 0.54 0.5 0.41 0.5 0.56 0.42 0.37 0.53 0.1 0.2 0.53 0.33 0.5 0.52 0.71 0.52 0.485 0.43 0.481 0.56 0.37 0.3 0.42 0.56 0.46 0.38 0.46 0.53 0.23 0.6 1.66 0.4 0.7 0.43 0.54 0.5 0.58 0.41 0.54 0.45 0.58 0.54 0.686 0.901 0.3 1.46 0.5 0.4 0.52 0.5 0.55 0.37 0.4 0.52 0.43 0.59 0.54 0.4 0.1 0.901 0.901 0.58 0.4 0.65 0.42 0.54 0.3 0.45 0.56 0.686 0.25 0.59 0.68 0.09 0.377 0.45 0.637 0.5 0.58 0.56 1.345 1.345 1.345 0.4 0.5 0.56 0.36 0.42 0.4 0.3 0.56 0.22 0.1 0.648 0.5 0.25 0.48 0.41 0.41 0.637 1.248 0.42 0.4 0.46 0.36 0.481 0.56 0.4 0.59 1.03 0.65 0.68 0.58 0.55 0.45 0.55 0.46 0.636 0.37 0.53 0.301 0.46 0.68 0.11 0.4 0.23 0.45 0.19 1.46 0.4 0.58 0.47 0.58 0.27 0.476 0.4 0.22 0.636 0.5 0.4 0.46 0.4 0.55 0.47 0.635 0.54 0.686 0.4 0.901 0.36 0.23 0.58 0.4 0.4 0.1 0.54 0.36 0.46
Dot Production Prediction of Lab Growth Rates:
0.372381 0.534458 0.553727 0.451972 0.543042 0.443157 0.551464 0.534741 0.300614 0.438835 1.05 0.403891 0.403674 0.356282 0.314762 0.637353 0.631121 0.356134 0.393448 0.542288 1.56095 0.491247 0.395808 0.274302 0.444057 1.51462 0.368069 0.65993 0.418785 0.365286 0.322722 0.38065 0.359164 0.430971 0.460397 0.357549 0.331901 1.15703 0.468019 0.455723 0.325832 0.535535 0.332892 0.463045 0.722053 0.541881 1.17471 0.46186 0.286386 0.542413 0.401246 0.453437 0.378803 1.45767 0.436114 0.35667 0.316954 0.519491 0.401996 0.405262 1.47211 0.402815 0.338648 0.530229 0.296537 0.322901 0.656044 0.408943 0.407655 1.15451 0.543171 0.473562 0.404669 0.556647 0.403852 0.435827 0.404267 0.539581 0.544996 0.59086 0.405247 0.379922 0.415549 0.370801 0.402825 0.394151 0.723966 0.381871 0.335607 0.428293 0.469281 0.461394 0.365574 0.342294 0.396131 0.29882 0.375997 0.363092 0.515439 1.19579 1.2379 1.20913 0.722576 1.1628 0.327082 1.04283 0.429412 0.329913 0.871183 0.467237 0.344441 0.365484 0.557269 0.569414 0.340284 0.42325 0.547153 0.901887 0.307353 0.537647 0.364248 0.516555 1.13271 0.548979 0.39883 0.332762 1.04325 0.346151 0.452159 0.546514 0.404436 0.404418 0.620067 0.273977 0.276312 0.403187 1.05816 0.420311 0.359693 0.313845 0.29508 1.14218 1.26788 0.405688 0.403205 0.349333 0.13879 0.350571 0.293182 0.335412 0.420878 0.719641 0.358645 0.527575 0.460254 0.357623 0.542788 0.399979 0.444871 0.548676 0.530306 0.529639 0.30245 0.444111 0.331901 0.352882 0.319027 0.31766 1.58731 0.419217 0.38812 0.392573 0.548738 0.535433 0.404618 0.400012 0.394579 0.405365 0.468153 0.598157 0.533736 0.404209 0.401699 0.289248 0.330212 0.419632 0.525552 0.434355 0.387934 1.36354 0.543657 0.541843 1.51695 0.303134 0.622349 0.312449 1.16021 1.19109 0.414712 0.526516 0.419959 1.04341 0.901 0.323423 0.40384 0.430688 0.489883 0.87331 0.46473 0.399988 0.542978 0.320389 0.743696 0.360884 0.331772 0.710454 0.632051 0.39879 0.332908 0.320252 0.407421 0.526527 0.391232 0.451799 0.525162 0.466824 0.408264 0.822681 0.817774 0.549232 0.490141 0.406849 0.528337 0.548662 0.36991 0.364268 1.66 0.297182 0.403959 0.420475 0.353506 0.443119 0.395092 0.544228 0.709993 0.556179 0.332779 0.468896 0.402423 0.326096 0.351357 0.311625 0.376926 0.711921 0.404582 1.18263 0.411987 0.412468 1.1638 0.307554 0.359561 0.597163 0.461378 0.337047 0.542215 0.59953 0.361074 0.385136 0.399019 0.341281 0.379302 0.418548 0.822324 1.48874 0.466327 0.411897 0.521801 0.377334 0.461229 0.404175 0.307906 0.293669 0.522567 0.576046 0.367728 0.624123 0.39747 0.337725 0.308887 0.347805 0.42298 0.343503 0.372828 0.355442 0.713755 0.529395 0.287176 1.4998 0.401514 0.400028 0.342296 0.316017 0.403615 0.400235 0.396551 0.468516 0.525414 0.341385 0.602372 0.715614 0.45552 0.396197 0.384859 0.315974 0.414626 0.356987 0.362225 1.17591 0.398126 0.374912 0.362671 1.19503 0.393745 0.736102 0.403321 0.40014 0.33016 0.721144 0.319805 0.5444 0.405582 0.468422 0.816144 1.15557 0.537975 0.443306 0.7129 1.56095 0.373651 0.553808 0.305042 0.351958 0.547264 0.715427 0.29984 0.711176 0.497612 0.402398 0.373661 0.453967 0.513713 0.468951 0.825465 0.620504 0.38719 1.33501 0.356483 0.538946 1.1784 1.44276 0.374594 1.0313 1.19832 0.466518 0.539693 0.402813 0.417401 0.390879 1.21118 0.396324 0.332147 0.315312 0.534082 0.337636 1.4527 0.340725 0.652918 0.532081 0.395235 0.403117 0.342915 0.404821 1.54511 0.390112 0.387455 0.588266 0.372264 0.542499 0.382254 0.140053 1.05 0.368717 0.495984 0.338945 0.716115 0.324453 0.40386 0.413232 0.304476 0.400713 0.514629 0.527732 1.52741 0.400521 0.452291 0.344315 0.316199 1.13498 0.649974 0.718713 1.1745 0.39332 1.35983 1.6051 1.45922 0.533526 0.468884 0.320124 0.37386 0.650037 0.421895 0.312917 0.310813 0.873736 0.33791 0.866653 0.463869 0.425799 0.414667 0.467948 0.38149 0.463231 0.470909 0.38304 0.418564 0.512261 1.27737 0.372876 0.352916 0.503989 0.68854 0.382812 0.71312 0.4027 0.523621 0.401863 0.526777 0.541084 0.420043 0.454536 0.325425 0.543692 0.462006 0.330366 0.457282 0.535749 0.546745 0.516543 1.60163 0.402954 0.712279 0.469906 0.385243 0.542177 0.470935 0.52742 0.535188 1.56141 0.466041 0.456359 0.720418 0.901071 0.392993 1.05106 0.716415 0.3348 0.393105 0.532526 0.549799 0.408226 0.39786 0.380826 0.437032 0.544256 0.546537 0.387466 1.16124 0.902592 0.900971 0.358084 0.404374 0.658019 0.334114 0.401894 0.535562 0.324279 0.464268 0.725121 0.568773 0.54962 0.396785 0.469793 0.524967 0.362204 0.708979 0.739568 0.351931 0.463157 1.20226 1.14129 1.13836 0.39786 0.464495 0.543772 0.360277 0.642276 0.400377 0.384657 0.54734 0.464546 0.862907 0.710809 0.63691 0.538578 0.29236 0.391683 0.344602 0.71119 0.869891 0.624257 0.397796 0.379086 0.348192 0.530536 0.462975 0.396632 0.312013 1.38933 0.647971 0.398189 0.318886 0.449374 0.383203 0.444605 0.351512 0.724464 0.472546 0.314707 0.524991 0.443399 0.393177 0.389995 0.40291 0.542308 0.333866 0.315099 1.0456 0.39883 0.351055 0.423408 0.46553 0.3887 0.533663 0.394913 0.395971 0.72374 0.32615 0.405875 0.432482 0.405435 0.44125 0.354978 0.713744 0.336336 0.722416 0.404802 0.849358 0.41516 0.429255 0.375187 0.389396 0.406758 1.40932 0.540006 0.368353 0.460009
Testing:
Lab Growth Rates:
0.36 0.36 0.36
Dot Production Prediction of Lab Growth Rates:
0.346498 0.331742 0.32574
Best performance so far: 
Obj: 4.6537e-310Rho: 2.26291e-314Diff: 4.6537e-310
Anneal again with the best G and E so far as input
Cycle 2Round 1
Iter 500000 pBad 0.830631 T 0.00116686 Obj 1.04199 Rho 0 GRdif 24.1023 success 116268 failure 10648 obj_new 1.04199 SA_pAcc 1 Delta -0.0121988 SA_r 0.0446077 freedomratio 0.275765
Iter 1000000 pBad 0.752899 T 0.000348559 Obj 1.03321 Rho 0 GRdif 19.145 success 229586 failure 28002 obj_new 1.03321 SA_pAcc 1 Delta -0.0116582 SA_r 0.991879 freedomratio 0.283777
Iter 1500000 pBad 0.680904 T 0.00010412 Obj 1.02514 Rho 0 GRdif 14.5512 success 340081 failure 52723 obj_new 1.02514 SA_pAcc 1 Delta 0.036554 SA_r 0.218281 freedomratio 0.277331
Iter 2000000 pBad 0.569858 T 3.11022e-05 Obj 1.02112 Rho 0 GRdif 12.245 success 447345 failure 84689 obj_new 1.02112 SA_pAcc 1.08716 Delta -0.0232791 SA_r 0.0164702 freedomratio 0.272558
Iter 2500000 pBad 0.457269 T 9.2907e-06 Obj 1.01707 Rho 0 GRdif 9.91636 success 553681 failure 119472 obj_new 1.01707 SA_pAcc 1.06824 Delta -0.0033396 SA_r 0.838833 freedomratio 0.269178
Iter 3000000 pBad 0.276777 T 2.77528e-06 Obj 1.01247 Rho 0 GRdif 7.26182 success 647315 failure 178757 obj_new 1.01247 SA_pAcc 1 Delta 0.0154438 SA_r 0.0760642 freedomratio 0.259637
Iter 3500000 pBad 0.261355 T 8.29017e-07 Obj 1.00954 Rho 0 GRdif 5.56177 success 726317 failure 272108 obj_new 1.00954 SA_pAcc 1 Delta 0.0103527 SA_r 0.972159 freedomratio 0.257923
Iter 4000000 pBad 0.12582 T 2.4764e-07 Obj 1.00858 Rho 0 GRdif 5.01244 success 793256 failure 394161 obj_new 1.00859 SA_pAcc 3.21667e-17 Delta 0.00190063 SA_r 0.0487843 freedomratio 0.238794
Iter 4500000 pBad 0.0610515 T 7.39739e-08 Obj 1.00817 Rho 0 GRdif 4.78685 success 838205 failure 575841 obj_new 1.0082 SA_pAcc 6.76835e-203 Delta -0.0035292 SA_r 0.558055 freedomratio 0.210716
Iter 5000000 pBad 0.0316375 T 2.20971e-08 Obj 1.00799 Rho 0 GRdif 4.66403 success 867147 failure 814744 obj_new 1.00799 SA_pAcc 0.573251 Delta -0.000257235 SA_r 0.898166 freedomratio 0.18776
Iter 5500000 pBad 0.0148564 T 6.60075e-09 Obj 1.00793 Rho 0 GRdif 4.62769 success 884229 failure 1100233 obj_new 1.00793 SA_pAcc 7.98465e-37 Delta -0.00101521 SA_r 0.0608847 freedomratio 0.172607
Iter 6000000 pBad 0.00673996 T 1.97175e-09 Obj 1.00791 Rho 0 GRdif 4.61769 success 893297 failure 1420500 obj_new 1.00791 SA_pAcc 1 Delta 0.000538455 SA_r 0.932843 freedomratio 0.166336
Iter 6500000 pBad 0.00498261 T 5.88991e-10 Obj 1.0079 Rho 0 GRdif 4.61288 success 899449 failure 1754646 obj_new 1.0079 SA_pAcc 1 Delta -0.000495655 SA_r 0.316541 freedomratio 0.162147
Iter 7000000 pBad 0.000952273 T 1.75941e-10 Obj 1.0079 Rho 0 GRdif 4.61258 success 903921 failure 2100480 obj_new 1.0079 SA_pAcc 0 Delta 8.81772e-05 SA_r 0.204574 freedomratio 0.158037
Iter 7500000 pBad 0.00232062 T 5.25562e-11 Obj 1.0079 Rho 0 GRdif 4.62192 success 907569 failure 2455648 obj_new 1.00792 SA_pAcc 0 Delta -0.000178156 SA_r 0.495761 freedomratio 0.155438
Iter 8000000 pBad 0.000250198 T 1.56993e-11 Obj 1.00789 Rho 0 GRdif 4.60685 success 911597 failure 2817841 obj_new 1.00789 SA_pAcc 1 Delta -4.02713e-06 SA_r 0.95221 freedomratio 0.153323
Iter 8500000 pBad 0.00064352 T 4.68963e-12 Obj 1.00789 Rho 0 GRdif 4.63948 success 916748 failure 3188344 obj_new 1.00795 SA_pAcc 0 Delta 1.01181e-05 SA_r 0.7868 freedomratio 0.14588
Iter 9000000 pBad 3.64743e-05 T 1.40086e-12 Obj 1.00789 Rho 0 GRdif 4.60514 success 922597 failure 3571730 obj_new 1.00789 SA_pAcc 1 Delta -2.24497e-06 SA_r 0.133731 freedomratio 0.142962
Iter 9500000 pBad 0.000722248 T 4.1846e-13 Obj 1.00789 Rho 0 GRdif 4.60606 success 929986 failure 3961855 obj_new 1.00789 SA_pAcc 0 Delta -2.47001e-05 SA_r 0.0856385 freedomratio 0.138371
Good enough
iter 9.86268e+06 obj1.00789 rho 0 GRdif 4.60455
Training:
Lab Growth Rates:
0.25 0.485 0.55 0.1 0.46 0.37 0.59 0.476 0.58 0.54 1.05 0.4 0.4 0.47 0.45 0.65 0.42 0.47 0.4 0.6 1.49 0.26 0.4 0.3 0.54 1.67 0.49 0.65 0.47 0.43 0.33 0.5 0.22 0.47 0.46 0.52 0.59 1.483 0.54 0.33 0.17 0.56 0.3 0.46 0.724 0.54 1.483 0.58 0.3 0.59 0.4 0.58 0.09 0.45 0.47 0.47 0.32 0.6 0.4 0.4 0.45 0.4 0.47 0.53 0.42 0.42 0.65 0.46 0.4 1.345 0.59 0.5 0.4 0.46 0.53 0.17 0.4 0.3 0.23 0.31 0.4 0.5 0.2 0.33 0.47 0.52 0.724 0.52 0.48 0.23 0.5 0.22 0.54 0.42 0.45 0.48 0.27 0.42 0.47 1.345 1.345 1.345 0.724 1.483 0.39 0.1 0.23 0.45 1.248 0.22 0.39 0.49 0.59 0.53 0.59 0.45 0.56 0.901 0.54 0.54 0.27 0.6 1.483 0.55 0.4 0.11 0.1 0.42 0.46 0.56 0.4 0.4 0.27 0.53 0.3 0.4 1.05 0.37 0.47 0.48 0.54 1.483 1.35 0.45 0.4 0.42 0.14 0.32 0.39 0.47 0.3 0.636 0.52 0.301 0.46 0.46 0.56 0.4 0.1 0.55 0.53 0.476 0.39 0.43 0.48 0.25 0.19 0.42 1.46 0.37 0.41 0.54 0.53 0.465 0.4 0.58 0.4 0.47 0.58 0.31 0.5 0.4 0.4 0.27 0.59 0.37 0.301 0.51 0.4 1.43 0.33 0.54 0.45 0.48 0.5 0.34 1.483 1.345 0.37 0.481 0.36 1.46 0.901 0.5 0.4 0.55 0.3 1.248 0.58 0.4 0.59 0.48 0.5 0.45 0.5 0.635 0.65 0.68 0.58 0.39 0.4 0.41 0.42 0.55 0.377 0.58 0.54 0.762 0.762 0.5 0.3 0.4 0.465 0.55 0.1 0.54 1.66 0.37 0.4 0.45 0.43 0.53 0.37 0.56 0.7 0.617 0.5 0.58 0.4 0.5 0.47 0.38 0.52 0.637 0.47 1.483 0.37 0.37 1.345 0.38 0.54 0.5 0.22 0.52 0.5 0.26 0.41 0.33 0.4 0.53 0.38 0.37 0.762 0.45 0.54 0.59 0.41 0.43 0.58 0.51 0.25 0.59 0.485 0.46 0.52 0.65 0.4 0.36 0.42 0.47 0.46 0.4 0.38 0.52 0.635 0.53 0.46 0.25 0.4 0.4 0.59 0.59 0.4 0.4 0.4 0.58 0.53 0.42 0.31 0.648 0.46 0.47 0.4 0.34 0.54 0.54 0.5 1.483 0.59 0.54 0.26 1.483 0.49 0.5 0.47 0.4 0.46 0.71 0.33 0.23 0.4 0.56 0.25 1.483 0.23 0.54 0.7 0.45 0.47 0.55 0.32 0.5 0.23 0.648 0.46 0.7 0.47 0.51 0.11 0.22 0.47 0.5 0.762 0.5 0.47 1.43 0.48 0.56 1.483 1.67 0.25 1.05 1.345 0.56 0.56 0.4 0.4 0.54 1.345 0.5 0.5 0.42 0.56 0.27 0.45 0.09 0.5 0.485 0.68 0.4 0.17 0.4 1.42 0.58 0.43 0.37 0.47 0.54 0.37 0.14 1.05 0.33 0.3 0.34 0.71 0.19 0.43 0.2 0.48 0.4 0.3 0.377 1.44 0.4 0.55 0.42 0.41 1.483 0.65 0.5 1.345 0.53 1.38 1.05 1.4 0.465 0.22 0.5 0.43 0.65 0.43 0.39 0.33 1.248 0.45 1.248 0.58 0.43 0.54 0.5 0.41 0.5 0.56 0.42 0.37 0.53 0.1 0.2 0.53 0.33 0.5 0.52 0.71 0.52 0.485 0.43 0.481 0.56 0.37 0.3 0.42 0.56 0.46 0.38 0.46 0.53 0.23 0.6 1.66 0.4 0.7 0.43 0.54 0.5 0.58 0.41 0.54 0.45 0.58 0.54 0.686 0.901 0.3 1.46 0.5 0.4 0.52 0.5 0.55 0.37 0.4 0.52 0.43 0.59 0.54 0.4 0.1 0.901 0.901 0.58 0.4 0.65 0.42 0.54 0.3 0.45 0.56 0.686 0.25 0.59 0.68 0.09 0.377 0.45 0.637 0.5 0.58 0.56 1.345 1.345 1.345 0.4 0.5 0.56 0.36 0.42 0.4 0.3 0.56 0.22 0.1 0.648 0.5 0.25 0.48 0.41 0.41 0.637 1.248 0.42 0.4 0.46 0.36 0.481 0.56 0.4 0.59 1.03 0.65 0.68 0.58 0.55 0.45 0.55 0.46 0.636 0.37 0.53 0.301 0.46 0.68 0.11 0.4 0.23 0.45 0.19 1.46 0.4 0.58 0.47 0.58 0.27 0.476 0.4 0.22 0.636 0.5 0.4 0.46 0.4 0.55 0.47 0.635 0.54 0.686 0.4 0.901 0.36 0.23 0.58 0.4 0.4 0.1 0.54 0.36 0.46
Dot Production Prediction of Lab Growth Rates:
0.357199 0.490357 0.555371 0.452837 0.526131 0.417953 0.545594 0.490908 0.27137 0.437245 1.06993 0.402013 0.398189 0.363644 0.311652 0.641236 0.610916 0.345861 0.388857 0.606877 1.48588 0.475193 0.394866 0.300793 0.43852 1.4509 0.374557 0.657046 0.415911 0.341214 0.321564 0.348557 0.339001 0.388394 0.458178 0.363159 0.321465 1.32262 0.467922 0.451029 0.300234 0.538028 0.33919 0.459734 0.710617 0.544882 1.31815 0.439319 0.306122 0.541308 0.402327 0.445423 0.372033 1.38369 0.435093 0.342559 0.324093 0.584079 0.400803 0.400814 1.43037 0.399105 0.341744 0.527872 0.291851 0.310594 0.657251 0.381312 0.405849 1.29744 0.539902 0.456583 0.400906 0.548221 0.395 0.419873 0.402384 0.600345 0.543183 0.585861 0.403664 0.387363 0.396954 0.370107 0.409939 0.377018 0.709936 0.364259 0.323792 0.419596 0.457246 0.459717 0.369099 0.35016 0.379859 0.285154 0.372178 0.357587 0.482556 1.34582 1.37929 1.36892 0.708684 1.3007 0.331966 1.01895 0.420934 0.340034 0.859669 0.463482 0.327606 0.364498 0.544702 0.546892 0.328212 0.407976 0.540537 0.904363 0.302857 0.541345 0.368922 0.572936 1.29134 0.550524 0.399792 0.325212 1.03217 0.324001 0.442777 0.55637 0.403604 0.403612 0.619971 0.264558 0.298872 0.400819 1.07254 0.408596 0.351455 0.292301 0.291868 1.26975 1.07676 0.406065 0.402497 0.344724 0.140788 0.331513 0.290179 0.309102 0.41557 0.709588 0.340442 0.496573 0.427015 0.336044 0.545127 0.396828 0.443817 0.549311 0.53237 0.489821 0.313183 0.435992 0.336737 0.356467 0.311887 0.310088 1.40917 0.404841 0.395026 0.360292 0.539791 0.490646 0.401203 0.380002 0.396451 0.40208 0.45904 0.597652 0.534062 0.402928 0.398853 0.272677 0.312944 0.386388 0.496443 0.423647 0.386833 1.12544 0.526967 0.540342 1.45262 0.283285 0.731982 0.28322 1.31427 1.34818 0.402577 0.485835 0.426005 1.07496 0.902968 0.3154 0.402696 0.437134 0.534784 0.858802 0.45576 0.39925 0.540893 0.330845 0.898299 0.367207 0.323213 0.704069 0.626815 0.41816 0.331012 0.295028 0.403378 0.489919 0.383364 0.450542 0.491595 0.450362 0.399829 0.784946 0.7847 0.561384 0.533927 0.402129 0.489886 0.552602 0.360369 0.362903 1.47987 0.283711 0.403108 0.405565 0.34267 0.426417 0.385576 0.544938 0.74882 0.572735 0.334356 0.460381 0.402234 0.338822 0.363916 0.292454 0.37324 0.700405 0.391506 1.3291 0.398576 0.40188 1.3206 0.301814 0.374721 0.747557 0.464446 0.348273 0.539296 0.590962 0.365528 0.338554 0.399505 0.316403 0.390832 0.406097 0.788259 1.43 0.461624 0.398114 0.485432 0.35987 0.441049 0.387381 0.289094 0.296007 0.482537 0.559431 0.377201 0.630026 0.398771 0.325697 0.289776 0.360266 0.398651 0.309866 0.379538 0.34912 0.707631 0.529506 0.275575 1.44789 0.401771 0.400625 0.322639 0.302198 0.39887 0.396435 0.39329 0.452609 0.530969 0.336143 0.595825 0.706307 0.44672 0.385412 0.383539 0.297402 0.382261 0.327041 0.372033 1.31352 0.378095 0.371075 0.381525 1.36137 0.377258 0.864531 0.40005 0.398859 0.311192 0.714224 0.313591 0.542173 0.402597 0.454439 1.00575 1.30949 0.536483 0.436127 0.752065 1.48588 0.368675 0.556242 0.29301 0.364195 0.538488 0.705887 0.288924 0.753133 0.476064 0.414506 0.363791 0.453063 0.483538 0.457367 0.789915 0.745587 0.373225 1.11108 0.343276 0.539364 1.31366 1.36259 0.365213 1.0448 1.33271 0.453807 0.536385 0.401173 0.388551 0.369132 1.3601 0.435253 0.313378 0.299522 0.5399 0.339315 1.41344 0.325396 0.779619 0.488695 0.412265 0.400871 0.284629 0.402631 1.51835 0.362435 0.346964 0.580222 0.364519 0.542237 0.37877 0.140264 1.06732 0.349986 0.559128 0.30199 0.71071 0.332243 0.373252 0.39421 0.274065 0.39855 0.567129 0.492095 1.48821 0.402466 0.454225 0.347231 0.305284 1.29792 0.652411 0.868709 1.31497 0.420681 1.28403 1.38978 1.40267 0.492855 0.465373 0.315677 0.364274 0.650644 0.414334 0.300237 0.292007 0.858843 0.334011 0.855336 0.44003 0.396958 0.383394 0.454341 0.353084 0.450435 0.457501 0.398786 0.405353 0.486261 1.21824 0.367149 0.365991 0.4868 0.820798 0.36532 0.705998 0.387946 0.483145 0.399233 0.48792 0.545801 0.403815 0.510846 0.319131 0.547505 0.454321 0.308667 0.447992 0.532355 0.55162 0.570995 1.49022 0.404799 0.752932 0.449878 0.379726 0.548423 0.457803 0.490506 0.534232 1.49567 0.453871 0.458154 0.709316 0.903008 0.44951 1.06445 0.831377 0.295648 0.398588 0.532975 0.547711 0.394511 0.396461 0.371788 0.424541 0.549917 0.554421 0.382769 1.16156 0.9038 0.903056 0.371004 0.403735 0.651679 0.343068 0.362075 0.600761 0.33896 0.441081 0.712787 0.594085 0.548965 0.415389 0.45739 0.492803 0.363826 0.699522 0.864806 0.33019 0.441819 1.36372 1.28709 1.26658 0.398589 0.449925 0.535468 0.353271 0.615052 0.387575 0.383305 0.552591 0.462441 1.03183 0.697754 0.728801 0.531727 0.298689 0.375739 0.330962 0.701786 0.856356 0.59638 0.384495 0.357191 0.352803 0.488953 0.440238 0.388152 0.302936 1.28787 0.651847 0.415666 0.310918 0.447665 0.383219 0.456067 0.333883 0.714163 0.437695 0.332156 0.493864 0.424968 0.415684 0.382826 0.400802 0.546152 0.34869 0.302478 1.07931 0.399564 0.359293 0.386976 0.458289 0.361489 0.493577 0.391245 0.392645 0.704603 0.318497 0.40364 0.424278 0.403981 0.449067 0.338976 0.704868 0.340328 0.712043 0.403545 0.822585 0.414238 0.41808 0.350424 0.385332 0.403631 1.3839 0.534315 0.364136 0.454178
Testing:
Lab Growth Rates:
0.36 0.36 0.36
Dot Production Prediction of Lab Growth Rates:
0.339812 0.319596 0.316933
Best performance so far: 
Obj: 4.6537e-310Rho: 6.5069e-314Diff: 4.6537e-310
Test:
 Lab Growth Rates:
0.36 0.36 0.36Dot Product Prediction of Growth Rate:
0.3398115 0.3195962 0.3169331