seed =  5 traits =  1 
Training: part  166 
Training: part  166 
Round  1 
 Goal of obj  0.99 
Temperature range:  0.00390625 3.125e-14 
Cycle 1Round 1
Iter 500000 pBad 0.808291 T 0.00108872 Obj 1.09164 Rho 0 GRdif 51.3829 success 146342 failure 10553 obj_new 1.09164 SA_pAcc 0.750211 Delta 0.0726093 SA_r 0.478583 freedomratio 0.37492
Iter 1000000 pBad 0.765224 T 0.000303438 Obj 1.03289 Rho 0 GRdif 18.9654 success 288680 failure 30062 obj_new 1.03289 SA_pAcc 1 Delta 0.00609255 SA_r 0.53375 freedomratio 0.362848
Iter 1500000 pBad 0.693741 T 8.45716e-05 Obj 1.02609 Rho 0 GRdif 15.0946 success 429103 failure 53691 obj_new 1.02609 SA_pAcc 1 Delta 0.0165856 SA_r 0.567776 freedomratio 0.363073
Iter 2000000 pBad 0.514441 T 2.35711e-05 Obj 1.02045 Rho 0 GRdif 11.8638 success 567213 failure 83441 obj_new 1.02045 SA_pAcc 1.09342 Delta -0.0145131 SA_r 0.517726 freedomratio 0.353438
Iter 2500000 pBad 0.466259 T 6.56952e-06 Obj 1.01477 Rho 0 GRdif 8.59467 success 698746 failure 124697 obj_new 1.01477 SA_pAcc 1.07623 Delta 0.0281628 SA_r 0.197384 freedomratio 0.356231
Iter 3000000 pBad 0.308 T 1.831e-06 Obj 1.00959 Rho 0 GRdif 5.59208 success 817437 failure 191177 obj_new 1.00959 SA_pAcc 1 Delta 0.0152833 SA_r 0.392681 freedomratio 0.34269
Iter 3500000 pBad 0.203524 T 5.1032e-07 Obj 1.00869 Rho 0 GRdif 5.06829 success 913259 failure 303775 obj_new 1.00869 SA_pAcc 1 Delta 0.0134239 SA_r 0.911964 freedomratio 0.32092
Iter 4000000 pBad 0.102385 T 1.42232e-07 Obj 1.00813 Rho 0 GRdif 4.74488 success 978322 failure 483901 obj_new 1.00813 SA_pAcc 0.0817518 Delta 0.00959742 SA_r 0.901732 freedomratio 0.280786
Iter 4500000 pBad 0.0406015 T 3.96416e-08 Obj 1.00797 Rho 0 GRdif 4.65173 success 1015705 failure 733949 obj_new 1.00797 SA_pAcc 1 Delta -0.00404318 SA_r 0.43834 freedomratio 0.247466
Iter 5000000 pBad 0.0166881 T 1.10486e-08 Obj 1.00791 Rho 0 GRdif 4.61612 success 1036729 failure 1034635 obj_new 1.00791 SA_pAcc 0.00997035 Delta -0.00157301 SA_r 0.119571 freedomratio 0.221718
Iter 5500000 pBad 0.0101417 T 3.07936e-09 Obj 1.00789 Rho 0 GRdif 4.60402 success 1048501 failure 1368935 obj_new 1.00789 SA_pAcc 1 Delta 0.000921907 SA_r 0.80365 freedomratio 0.210413
Iter 6000000 pBad 0.00398665 T 8.58253e-10 Obj 1.00788 Rho 0 GRdif 4.60125 success 1054106 failure 1724887 obj_new 1.00788 SA_pAcc 1.95997e-74 Delta -0.000259294 SA_r 0.329579 freedomratio 0.205326
Iter 6500000 pBad 0.00289122 T 2.39205e-10 Obj 1.00788 Rho 0 GRdif 4.60007 success 1057622 failure 2088588 obj_new 1.00788 SA_pAcc 0 Delta 0.000137158 SA_r 0.116716 freedomratio 0.202488
Iter 7000000 pBad 0.00113481 T 6.6669e-11 Obj 1.00788 Rho 0 GRdif 4.59898 success 1059728 failure 2456537 obj_new 1.00788 SA_pAcc 3.83777e-39 Delta 3.74734e-05 SA_r 0.258186 freedomratio 0.201375
Iter 7500000 pBad 0.000304328 T 1.85814e-11 Obj 1.00788 Rho 0 GRdif 4.59861 success 1061059 failure 2827872 obj_new 1.00788 SA_pAcc 1 Delta 6.84851e-06 SA_r 0.319192 freedomratio 0.200548
Iter 8000000 pBad 7.386e-05 T 5.17885e-12 Obj 1.00788 Rho 0 GRdif 4.59838 success 1062148 failure 3200777 obj_new 1.00788 SA_pAcc 1 Delta -7.31962e-07 SA_r 0.669742 freedomratio 0.200548
Iter 8500000 pBad 0.000247621 T 1.4434e-12 Obj 1.00788 Rho 0 GRdif 4.59816 success 1064732 failure 3570194 obj_new 1.00788 SA_pAcc 1 Delta 4.35355e-06 SA_r 0.371226 freedomratio 0.194749
Iter 9000000 pBad 4.92072e-22 T 4.02293e-13 Obj 1.00788 Rho 0 GRdif 4.59804 success 1071667 failure 3912460 obj_new 1.00788 SA_pAcc 1 Delta 4.98065e-24 SA_r 0.593008 freedomratio 0.183641
Iter 9500000 pBad 3.57308e-34 T 1.12123e-13 Obj 1.00788 Rho 0 GRdif 4.59834 success 1072021 failure 4193288 obj_new 1.00788 SA_pAcc 0 Delta -3.40971e-35 SA_r 0.820096 freedomratio 0.182327
Iter 10000000 pBad 2.25071e-239 T 3.12501e-14 Obj 1.00788 Rho 0 GRdif 4.59804 success 1072021 failure 4477545 obj_new 1.00788 SA_pAcc 1 Delta -1.64043e-240 SA_r 0.756861 freedomratio 0.157951
Cannot move further
iter 9.08684e+06 obj1.00788 rho 0 GRdif 4.59804
Training:
Lab Growth Rates:
0.43 0.32 0.19 0.377 0.45 0.6 0.45 0.56 0.23 0.55 0.43 0.6 0.41 0.42 0.1 0.54 0.43 0.09 0.465 0.54 0.41 0.5 0.22 0.42 0.4 0.5 0.4 0.68 0.4 0.37 0.41 0.58 0.637 0.65 0.59 0.65 1.483 0.42 0.36 1.67 0.46 0.42 1.46 0.481 0.41 0.4 1.483 1.483 0.52 0.54 1.46 0.56 0.36 0.636 0.58 0.27 0.46 0.6 0.23 0.42 0.46 0.42 1.345 0.56 0.45 0.52 0.54 0.4 0.33 0.377 0.55 0.52 0.55 0.58 0.37 0.58 0.4 0.41 0.54 0.1 0.43 0.58 0.47 1.483 0.4 0.68 0.48 0.59 0.25 0.56 0.36 0.41 0.3 0.45 0.5 1.248 1.43 0.31 0.43 0.38 0.5 0.1 1.05 0.42 0.37 0.11 0.59 0.4 0.65 0.46 0.46 0.45 0.36 1.43 0.36 0.47 0.4 0.53 0.6 0.686 0.53 0.42 0.56 0.39 0.4 0.3 0.4 0.55 0.45 0.3 0.42 0.54 0.36 0.37 0.58 0.1 0.46 0.37 0.65 0.23 0.33 0.43 0.301 0.5 1.345 1.483 0.45 0.36 0.54 0.19 0.4 0.34 0.46 0.32 0.65 0.27 0.58 1.483 0.39 0.59 0.54 0.39 0.54 0.17 0.23 0.45 0.4 1.248 0.54 0.53 1.05 0.377 1.483 1.05 1.483 0.4 0.25 0.41 0.47 1.38 1.248 0.5 0.58 0.43 0.47 0.46 0.45 0.648 0.25 0.58 0.58 0.25 0.17 0.51 0.901 0.43 0.4 0.1 0.45 0.54 0.54 0.11 0.42 0.27 0.33 0.3 1.05 0.762 0.4 0.637 0.19 0.46 0.46 0.33 0.46 0.485 0.54 0.54 0.46 0.37 0.1 0.51 0.4 0.5 0.42 0.33 0.59 0.5 0.59 0.47 0.485 0.37 0.53 0.301 0.47 1.345 0.49 0.45 0.53 1.46 0.48 0.4 0.65 0.39 0.58 0.3 0.3 0.47 0.25 0.47 0.762 0.4 0.4 0.4 0.5 1.05 0.59 0.48 0.56 0.4 0.635 1.4 0.43 0.36 0.11 0.55 0.4 0.46 0.27 0.4 0.648 0.3 0.4 0.53 0.476 0.47 0.4 0.47 0.4 0.5 0.476 0.42 0.5 1.44 0.7 0.27 0.47 0.5 1.483 0.47 0.5 0.37 0.31 0.45 0.42 0.2 0.23 0.45 0.53 0.58 0.48 0.14 0.58 0.7 0.46 0.22 0.4 0.41 0.54 0.3 0.25 0.686 1.345 0.36 1.248 0.46 0.5 0.47 0.636 0.47 0.724 0.59 0.53 0.46 0.42 0.901 0.38 0.4 0.5 0.46 0.47 0.37 0.65 0.59 0.68 0.25 0.58 0.37 0.43 0.5 1.345 0.23 0.45 0.53 0.59 0.39 0.45 0.52 0.4 0.4 0.58 0.38 1.483 0.4 0.4 1.345 0.1 0.47 0.23 0.65 0.46 0.4 0.4 0.2 0.3 0.54 0.7 0.56 1.345 0.47 0.26 0.59 0.53 0.59 0.45 1.345 0.635 1.483 0.48 0.58 0.34 0.4 0.58 0.42 0.4 0.901 0.68 0.5 0.43 0.1 1.345 0.648 0.55 0.09 0.5 0.59 0.22 0.33 0.55 0.55 0.27 0.58 0.636 0.4 0.26 0.52 0.56 0.58 0.59 0.4 0.41 1.67 0.5 0.3 0.47 0.56 0.465 0.4 0.47 1.66 0.48 0.4 0.58 0.56 0.38 0.5 0.4 0.55 0.22 0.4 0.47 0.4 0.481 0.4 0.5 0.37 0.4 0.3 0.5 0.762 0.481 0.4 0.31 0.53 0.47 0.4 0.49 0.5 0.54 0.54 0.34 1.345 0.56 0.3 0.71 0.724 0.1 0.56 0.54 1.03 0.52 0.5 0.54 0.25 0.55 0.48 0.476 0.54 0.4 0.47 0.37 0.52 0.7 0.47 0.485 0.465 1.49 0.33 0.54 0.71 0.37 0.48 0.56 0.3 1.66 0.637 0.52 0.38 0.635 0.43 0.52 0.54 0.53 0.901 0.4 0.53 0.901 0.37 0.45 0.33 0.42 0.4 0.2 0.59 0.22 0.4 0.23 0.45 0.55 0.42 0.49 0.5 0.4 0.4 0.56 0.48 0.23 1.35 0.54 0.22 0.37 0.724 0.58 0.4 1.345 0.37 0.4 0.4 0.5 0.5 1.42 0.4 1.248 0.17 0.45 0.54 0.52 0.54 0.39 0.68 0.55 0.5 0.56 0.901 0.32 0.46 1.345 0.617 0.4 0.14 0.46 0.22 0.65 0.26 0.4 0.5 0.52 0.71 0.42 0.4 0.51 0.52 0.4 0.3 1.483 0.53 0.686 0.09 0.59 0.46 0.5 0.301 0.56 1.46 0.47 0.22 0.33 0.56 0.54 0.762 0.485 0.53 0.56 0.5 0.4 0.54
Dot Production Prediction of Lab Growth Rates:
0.345508 0.341482 0.320301 0.431298 1.47961 0.416363 0.338115 0.544581 0.434026 0.551065 0.355929 0.42985 0.359317 0.582746 0.821119 0.398016 0.36126 0.436009 0.441484 0.534651 0.434625 0.542776 0.464484 0.33261 0.397063 0.648468 0.401466 0.419427 0.401462 0.413814 0.37095 0.462976 0.709915 0.685207 0.552711 0.639119 1.06976 0.344386 0.319429 1.45101 0.529043 0.336933 1.58861 0.439716 0.436057 0.394926 1.06647 1.09307 0.330986 0.359446 1.02709 0.530936 0.360781 0.719627 0.344919 0.603857 0.372126 0.423166 0.547161 0.373018 0.400903 0.334496 1.13456 0.469735 0.36711 0.385953 0.453364 0.393767 0.470172 0.434427 0.547315 0.356612 0.548894 0.464195 0.425396 0.466612 0.401041 0.380948 0.539878 0.757768 0.419144 0.463133 0.466954 1.13829 0.399177 0.417994 0.319409 0.395526 0.546538 0.471404 0.329107 0.325343 0.298677 0.346468 0.392788 0.937964 1.35769 0.566333 0.369975 0.351843 0.724167 0.438856 1.05 0.349183 0.313212 0.365589 0.55571 0.402589 0.665882 0.441899 0.458768 1.50003 0.349142 1.33702 0.413776 0.476023 0.400058 0.288193 0.416358 0.72558 0.416421 0.316243 0.540405 0.333963 0.401329 0.327405 0.334764 0.442393 0.317588 0.404787 0.342154 0.452806 0.390389 0.424146 0.464164 0.887052 0.381382 0.436196 0.6474 0.545027 0.420048 0.454569 0.431961 0.462291 1.13464 1.10294 0.338504 0.350594 0.34649 0.307805 0.397986 0.324879 0.450766 0.304141 0.649989 0.334886 0.360803 1.12527 0.309126 0.386071 0.379459 0.326992 0.536867 0.416993 0.543286 0.380406 0.399131 0.933441 0.376975 0.535774 1.60965 0.43338 1.07716 1.04899 1.11125 0.397166 1.51333 0.378256 0.381854 1.33913 0.943099 0.325129 0.352755 0.410767 0.361231 0.471218 1.47631 0.714137 0.356799 0.365555 0.463247 0.299993 0.339595 0.382741 0.899473 0.428649 0.402154 1.42011 0.388611 0.457377 0.458246 0.366683 0.365678 0.315489 0.319853 0.400924 1.05 0.894372 0.399653 0.710985 0.321518 0.358002 0.44706 0.354795 0.308994 0.434688 0.376205 0.387161 0.462916 0.368007 0.845373 0.399679 0.404086 0.460183 0.566525 0.317808 0.317895 0.323702 0.54163 0.353296 0.437547 0.385986 0.348376 0.434264 0.335 1.13089 0.367838 0.411941 0.343878 1.02902 0.309097 0.401678 0.649994 0.350096 0.331524 0.420361 0.409407 0.370075 0.827709 0.353813 0.8969 0.400495 0.398039 0.401096 0.372771 1.02044 0.348638 0.353215 0.548445 0.403113 0.7154 1.48756 0.36091 0.32312 0.323417 0.550342 0.400011 0.303144 0.378975 0.400903 0.70925 0.434172 0.397813 0.544647 0.444151 0.354706 0.335072 0.334145 0.39168 0.632935 0.444359 0.346215 0.468323 1.51117 0.704348 0.346991 0.414508 0.537804 1.12701 0.405479 0.464457 0.417554 0.563972 0.317565 0.332278 0.365522 0.540459 1.55003 0.483445 0.463024 0.299832 0.139999 0.446688 0.699733 0.541622 0.46253 0.401251 0.339394 0.320328 0.404317 0.531839 0.721341 1.16017 0.339775 0.935794 0.508529 0.711871 0.416693 0.719817 0.476612 0.720112 0.309809 0.388663 0.331164 0.331659 0.901 0.330956 0.393972 0.34746 0.460006 0.341439 0.561291 0.650034 0.346596 0.421881 0.337531 0.461934 0.425114 0.408107 0.751188 1.13287 0.434853 1.52986 0.529324 0.542659 0.323256 0.318772 0.382836 0.399954 0.399832 0.309162 0.366511 1.10378 0.401406 0.40262 1.08669 0.753088 0.379359 0.433894 0.636949 0.466772 0.398749 0.396167 0.412706 0.301585 0.3321 0.701222 0.542608 1.03558 0.3974 0.459612 0.338974 0.546634 0.549876 1.55539 1.07317 0.715283 1.06431 0.328757 0.462074 0.340338 0.399478 0.34248 0.338972 0.400742 0.890319 0.426455 0.642538 0.382689 0.425194 1.05356 0.712527 0.458556 0.329947 0.32625 0.551707 0.466612 0.36113 0.551518 0.546211 0.371481 0.461441 0.724916 0.395093 0.562392 0.378438 0.539157 0.37483 0.540299 0.40395 0.431277 1.52511 0.46558 0.373832 0.342427 0.472262 0.440052 0.403063 0.41812 1.66 0.306642 0.399576 0.320001 0.458662 0.320575 0.547405 0.400015 0.456835 0.354189 0.396869 0.407246 0.400227 0.439144 0.392715 0.726555 0.410205 0.399456 0.307432 0.373238 0.902674 0.438605 0.391979 0.555323 0.537532 0.328656 0.401761 0.350725 0.354651 0.320095 0.349029 0.332462 1.11669 0.45728 0.345976 0.726934 0.722824 0.342219 0.538017 0.453038 1.36796 0.366629 0.52724 0.404728 0.354884 0.459298 0.326768 0.443113 0.54351 0.397565 0.380908 0.410113 0.383162 0.698814 0.342383 0.436696 0.44295 1.55003 0.331012 0.396222 0.720818 0.41292 0.32638 0.543303 0.43177 1.66 0.710146 0.380023 0.324403 0.717062 0.385882 0.350883 0.366686 0.384745 0.901102 0.402969 0.331822 0.90857 0.4156 0.364606 0.34967 0.35091 0.399794 0.404519 0.316065 0.378934 0.402891 0.542549 0.39855 0.460895 0.321949 0.354711 0.663138 0.398038 0.401634 0.546342 0.335816 0.539743 1.26424 0.540002 0.420097 0.409372 0.723985 0.461283 0.402029 1.17061 0.37845 0.396861 0.403184 0.708149 0.527165 1.54808 0.399911 0.935941 0.318343 1.47601 0.551944 0.34876 0.5335 0.323124 0.42361 0.457962 0.743276 0.460017 0.904258 0.315023 0.42564 1.1412 0.617008 0.396403 0.140087 0.333969 0.464346 0.633323 0.354611 0.400519 0.463962 0.336622 0.71837 0.581477 0.402451 0.376075 0.336281 0.401799 0.361819 1.09723 0.533611 0.726615 0.357559 0.348901 0.43885 0.330604 0.433607 0.548883 1.01857 0.352013 0.464696 0.504345 0.531733 0.457004 0.906117 0.440324 0.530681 0.540521 0.656987 0.400545 0.334732
Testing:
Lab Growth Rates:
0.5 0.5 0.5
Dot Production Prediction of Lab Growth Rates:
0.320405 0.311528 0.327028
Best performance so far: 
Obj: 4.6537e-310Rho: 2.26291e-314Diff: 4.6537e-310
Anneal again with the best G and E so far as input
Cycle 2Round 1
Iter 500000 pBad 0.817491 T 0.00108872 Obj 1.05525 Rho 0 GRdif 31.6549 success 109272 failure 11058 obj_new 1.0555 SA_pAcc 0.789027 Delta -0.0305787 SA_r 0.853151 freedomratio 0.263608
Iter 1000000 pBad 0.752034 T 0.000303438 Obj 1.03391 Rho 0 GRdif 19.5435 success 215520 failure 29147 obj_new 1.03391 SA_pAcc 1 Delta 0.00746403 SA_r 0.389105 freedomratio 0.259063
Iter 1500000 pBad 0.650126 T 8.45716e-05 Obj 1.02661 Rho 0 GRdif 15.3888 success 319483 failure 52638 obj_new 1.02661 SA_pAcc 1 Delta 0.0508918 SA_r 0.306308 freedomratio 0.258036
Iter 2000000 pBad 0.527107 T 2.35711e-05 Obj 1.02329 Rho 0 GRdif 13.4919 success 421150 failure 82630 obj_new 1.02329 SA_pAcc 1 Delta -0.0227228 SA_r 0.802591 freedomratio 0.256567
Iter 2500000 pBad 0.394837 T 6.56952e-06 Obj 1.01757 Rho 0 GRdif 10.2039 success 518711 failure 122662 obj_new 1.01757 SA_pAcc 0.704866 Delta 0.035652 SA_r 0.700595 freedomratio 0.24968
Iter 3000000 pBad 0.2688 T 1.831e-06 Obj 1.01343 Rho 0 GRdif 7.81841 success 604965 failure 185788 obj_new 1.01343 SA_pAcc 1 Delta -0.0225025 SA_r 0.589107 freedomratio 0.240657
Iter 3500000 pBad 0.238005 T 5.1032e-07 Obj 1.00948 Rho 0 GRdif 5.52787 success 682247 failure 274515 obj_new 1.00948 SA_pAcc 1 Delta 0.00566763 SA_r 0.688129 freedomratio 0.240262
Iter 4000000 pBad 0.101024 T 1.42232e-07 Obj 1.00859 Rho 0 GRdif 5.01965 success 741705 failure 405569 obj_new 1.0086 SA_pAcc 1.90432e-48 Delta -0.00613538 SA_r 0.911137 freedomratio 0.216236
Iter 4500000 pBad 0.0351108 T 3.96416e-08 Obj 1.00819 Rho 0 GRdif 4.78014 success 780928 failure 597632 obj_new 1.00819 SA_pAcc 0.0226896 Delta -0.00221878 SA_r 0.610989 freedomratio 0.1877
Iter 5000000 pBad 0.0216874 T 1.10486e-08 Obj 1.00801 Rho 0 GRdif 4.67551 success 805902 failure 848012 obj_new 1.00801 SA_pAcc 1.29466e-112 Delta -8.21411e-05 SA_r 0.541705 freedomratio 0.170299
Iter 5500000 pBad 0.0112756 T 3.07936e-09 Obj 1.00793 Rho 0 GRdif 4.63116 success 821381 failure 1142960 obj_new 1.00793 SA_pAcc 1.94127e-12 Delta -0.00108687 SA_r 0.657277 freedomratio 0.160328
Iter 6000000 pBad 0.00747236 T 8.58253e-10 Obj 1.0079 Rho 0 GRdif 4.61064 success 832937 failure 1466771 obj_new 1.0079 SA_pAcc 1.22175e-194 Delta 0.00030954 SA_r 0.926148 freedomratio 0.148731
Iter 6500000 pBad 0.00470965 T 2.39205e-10 Obj 1.00788 Rho 0 GRdif 4.59946 success 842681 failure 1821053 obj_new 1.00788 SA_pAcc 5.74301e-18 Delta -0.000451607 SA_r 0.112318 freedomratio 0.140696
Iter 7000000 pBad 0.00162654 T 6.6669e-11 Obj 1.00787 Rho 0 GRdif 4.5949 success 849162 failure 2197785 obj_new 1.00787 SA_pAcc 6.79091e-28 Delta 0.000137058 SA_r 0.542069 freedomratio 0.137172
Iter 7500000 pBad 0.000930451 T 1.85814e-11 Obj 1.00787 Rho 0 GRdif 4.59258 success 855513 failure 2583615 obj_new 1.00787 SA_pAcc 0 Delta -3.72902e-05 SA_r 0.421137 freedomratio 0.134404
Iter 8000000 pBad 0.00100919 T 5.17885e-12 Obj 1.00787 Rho 0 GRdif 4.59187 success 861417 failure 2978813 obj_new 1.00787 SA_pAcc 0 Delta 5.63887e-06 SA_r 0.781477 freedomratio 0.131952
Iter 8500000 pBad 4.15209e-13 T 1.4434e-12 Obj 1.00786 Rho 0 GRdif 4.58984 success 869056 failure 3378645 obj_new 1.00786 SA_pAcc 1 Delta -3.36238e-14 SA_r 0.794829 freedomratio 0.12706
Iter 9000000 pBad 1.62858e-32 T 4.02293e-13 Obj 1.00786 Rho 0 GRdif 4.58984 success 869077 failure 3729192 obj_new 1.00786 SA_pAcc 1 Delta 1.05753e-33 SA_r 0.752482 freedomratio 0.126675
Iter 9500000 pBad 2.95647e-124 T 1.12123e-13 Obj 1.00786 Rho 0 GRdif 4.58984 success 869077 failure 4079981 obj_new 1.00786 SA_pAcc 0 Delta 5.45078e-126 SA_r 0.455076 freedomratio 0.123265
Good enough
iter 8.52558e+06 obj1.00786 rho 0 GRdif 4.58984
Training:
Lab Growth Rates:
0.43 0.32 0.19 0.377 0.45 0.6 0.45 0.56 0.23 0.55 0.43 0.6 0.41 0.42 0.1 0.54 0.43 0.09 0.465 0.54 0.41 0.5 0.22 0.42 0.4 0.5 0.4 0.68 0.4 0.37 0.41 0.58 0.637 0.65 0.59 0.65 1.483 0.42 0.36 1.67 0.46 0.42 1.46 0.481 0.41 0.4 1.483 1.483 0.52 0.54 1.46 0.56 0.36 0.636 0.58 0.27 0.46 0.6 0.23 0.42 0.46 0.42 1.345 0.56 0.45 0.52 0.54 0.4 0.33 0.377 0.55 0.52 0.55 0.58 0.37 0.58 0.4 0.41 0.54 0.1 0.43 0.58 0.47 1.483 0.4 0.68 0.48 0.59 0.25 0.56 0.36 0.41 0.3 0.45 0.5 1.248 1.43 0.31 0.43 0.38 0.5 0.1 1.05 0.42 0.37 0.11 0.59 0.4 0.65 0.46 0.46 0.45 0.36 1.43 0.36 0.47 0.4 0.53 0.6 0.686 0.53 0.42 0.56 0.39 0.4 0.3 0.4 0.55 0.45 0.3 0.42 0.54 0.36 0.37 0.58 0.1 0.46 0.37 0.65 0.23 0.33 0.43 0.301 0.5 1.345 1.483 0.45 0.36 0.54 0.19 0.4 0.34 0.46 0.32 0.65 0.27 0.58 1.483 0.39 0.59 0.54 0.39 0.54 0.17 0.23 0.45 0.4 1.248 0.54 0.53 1.05 0.377 1.483 1.05 1.483 0.4 0.25 0.41 0.47 1.38 1.248 0.5 0.58 0.43 0.47 0.46 0.45 0.648 0.25 0.58 0.58 0.25 0.17 0.51 0.901 0.43 0.4 0.1 0.45 0.54 0.54 0.11 0.42 0.27 0.33 0.3 1.05 0.762 0.4 0.637 0.19 0.46 0.46 0.33 0.46 0.485 0.54 0.54 0.46 0.37 0.1 0.51 0.4 0.5 0.42 0.33 0.59 0.5 0.59 0.47 0.485 0.37 0.53 0.301 0.47 1.345 0.49 0.45 0.53 1.46 0.48 0.4 0.65 0.39 0.58 0.3 0.3 0.47 0.25 0.47 0.762 0.4 0.4 0.4 0.5 1.05 0.59 0.48 0.56 0.4 0.635 1.4 0.43 0.36 0.11 0.55 0.4 0.46 0.27 0.4 0.648 0.3 0.4 0.53 0.476 0.47 0.4 0.47 0.4 0.5 0.476 0.42 0.5 1.44 0.7 0.27 0.47 0.5 1.483 0.47 0.5 0.37 0.31 0.45 0.42 0.2 0.23 0.45 0.53 0.58 0.48 0.14 0.58 0.7 0.46 0.22 0.4 0.41 0.54 0.3 0.25 0.686 1.345 0.36 1.248 0.46 0.5 0.47 0.636 0.47 0.724 0.59 0.53 0.46 0.42 0.901 0.38 0.4 0.5 0.46 0.47 0.37 0.65 0.59 0.68 0.25 0.58 0.37 0.43 0.5 1.345 0.23 0.45 0.53 0.59 0.39 0.45 0.52 0.4 0.4 0.58 0.38 1.483 0.4 0.4 1.345 0.1 0.47 0.23 0.65 0.46 0.4 0.4 0.2 0.3 0.54 0.7 0.56 1.345 0.47 0.26 0.59 0.53 0.59 0.45 1.345 0.635 1.483 0.48 0.58 0.34 0.4 0.58 0.42 0.4 0.901 0.68 0.5 0.43 0.1 1.345 0.648 0.55 0.09 0.5 0.59 0.22 0.33 0.55 0.55 0.27 0.58 0.636 0.4 0.26 0.52 0.56 0.58 0.59 0.4 0.41 1.67 0.5 0.3 0.47 0.56 0.465 0.4 0.47 1.66 0.48 0.4 0.58 0.56 0.38 0.5 0.4 0.55 0.22 0.4 0.47 0.4 0.481 0.4 0.5 0.37 0.4 0.3 0.5 0.762 0.481 0.4 0.31 0.53 0.47 0.4 0.49 0.5 0.54 0.54 0.34 1.345 0.56 0.3 0.71 0.724 0.1 0.56 0.54 1.03 0.52 0.5 0.54 0.25 0.55 0.48 0.476 0.54 0.4 0.47 0.37 0.52 0.7 0.47 0.485 0.465 1.49 0.33 0.54 0.71 0.37 0.48 0.56 0.3 1.66 0.637 0.52 0.38 0.635 0.43 0.52 0.54 0.53 0.901 0.4 0.53 0.901 0.37 0.45 0.33 0.42 0.4 0.2 0.59 0.22 0.4 0.23 0.45 0.55 0.42 0.49 0.5 0.4 0.4 0.56 0.48 0.23 1.35 0.54 0.22 0.37 0.724 0.58 0.4 1.345 0.37 0.4 0.4 0.5 0.5 1.42 0.4 1.248 0.17 0.45 0.54 0.52 0.54 0.39 0.68 0.55 0.5 0.56 0.901 0.32 0.46 1.345 0.617 0.4 0.14 0.46 0.22 0.65 0.26 0.4 0.5 0.52 0.71 0.42 0.4 0.51 0.52 0.4 0.3 1.483 0.53 0.686 0.09 0.59 0.46 0.5 0.301 0.56 1.46 0.47 0.22 0.33 0.56 0.54 0.762 0.485 0.53 0.56 0.5 0.4 0.54
Dot Production Prediction of Lab Growth Rates:
0.367056 0.333622 0.281991 0.521263 1.37823 0.553882 0.340611 0.555253 0.414721 0.552517 0.351825 0.592753 0.368957 0.608246 1.19893 0.379818 0.378031 0.457442 0.529931 0.542268 0.529677 0.551891 0.462844 0.320233 0.388565 0.651708 0.400004 0.33997 0.398276 0.407267 0.408407 0.467343 0.684072 0.659357 0.550366 0.646711 1.3229 0.36045 0.336911 1.34746 0.552827 0.299543 1.41197 0.526734 0.529281 0.393958 1.3112 1.36053 0.359879 0.405 1.08633 0.525122 0.33855 0.695471 0.390697 0.586304 0.35785 0.5724 0.542884 0.412691 0.427344 0.327697 1.37186 0.462461 0.402172 0.371163 0.464573 0.383917 0.498586 0.520067 0.546104 0.36027 0.549715 0.472102 0.411175 0.466913 0.397149 0.368193 0.541362 1.03112 0.429161 0.469601 0.466218 1.38644 0.398594 0.338147 0.332792 0.380447 0.533458 0.470436 0.315991 0.334797 0.300025 0.374222 0.442237 0.88148 1.06598 0.601208 0.336002 0.379767 0.767579 0.464363 1.06087 0.327088 0.283458 0.360524 0.546414 0.402474 0.648801 0.471429 0.458998 1.41223 0.35852 1.05143 0.421122 0.471435 0.396945 0.296404 0.571683 0.696954 0.433785 0.329595 0.539731 0.343882 0.40002 0.330901 0.307776 0.443048 0.373936 0.532152 0.373043 0.456676 0.431109 0.413 0.469143 1.20894 0.390424 0.449549 0.683754 0.54738 0.451953 0.435517 0.525607 0.464207 1.34315 1.31516 0.377466 0.365504 0.385071 0.298962 0.390985 0.317143 0.450501 0.314065 0.68118 0.341164 0.390158 1.32968 0.323394 0.361268 0.385272 0.31421 0.536468 0.41953 0.54878 0.416672 0.398011 0.87538 0.363035 0.530966 1.38533 0.522836 1.32511 1.04826 1.31732 0.392181 1.44746 0.423709 0.363154 1.24941 0.886528 0.342763 0.341737 0.394192 0.35593 0.465042 1.40518 0.68577 0.350219 0.354891 0.460552 0.296467 0.295019 0.43366 0.901079 0.440896 0.399289 1.3634 0.343995 0.459778 0.468751 0.393158 0.366174 0.289991 0.300896 0.527342 1.06105 0.827184 0.398438 0.686919 0.30577 0.357611 0.431961 0.381519 0.30876 0.524168 0.35594 0.357564 0.461667 0.399889 0.940848 0.437987 0.400076 0.468166 0.589376 0.330097 0.328548 0.337442 0.545903 0.346992 0.53031 0.400608 0.370054 0.526721 0.296817 1.34571 0.414202 0.389156 0.329163 1.0576 0.30658 0.400698 0.663082 0.34219 0.350773 0.556339 0.520022 0.408574 0.958896 0.348826 0.832968 0.403305 0.393538 0.400119 0.358452 1.05012 0.312932 0.332863 0.537719 0.400008 0.688505 1.39101 0.359669 0.329918 0.343515 0.54654 0.401993 0.308627 0.376604 0.39964 0.679698 0.585121 0.392568 0.553253 0.532492 0.343652 0.314884 0.371888 0.383899 0.670255 0.53471 0.351266 0.477552 1.47417 0.720435 0.374501 0.3543 0.54521 1.33728 0.365811 0.468444 0.412862 0.624779 0.375614 0.335073 0.348761 0.54112 1.47715 0.472847 0.470689 0.285164 0.140432 0.449914 0.713124 0.571442 0.464331 0.401493 0.351033 0.273751 0.41121 0.506426 0.691757 1.34773 0.35857 0.879084 0.541932 0.766324 0.401106 0.691777 0.473281 0.694471 0.305895 0.400437 0.347458 0.351257 0.902511 0.291268 0.387994 0.36653 0.459785 0.377968 0.558156 0.622476 0.306787 0.343779 0.353543 0.46903 0.412549 0.405633 0.830318 1.35689 0.414513 1.43968 0.525258 0.546856 0.349244 0.336376 0.351185 0.398865 0.395997 0.284798 0.383485 1.34676 0.400915 0.400416 1.34512 1.0004 0.366715 0.413648 0.649986 0.463268 0.39435 0.39409 0.359914 0.298855 0.32252 0.714501 0.552418 1.3273 0.393654 0.469981 0.333077 0.542096 0.549218 1.47295 1.31075 0.690904 1.30997 0.297712 0.467428 0.314901 0.399617 0.384232 0.341765 0.397813 0.850609 0.342381 0.701822 0.380491 0.454547 1.31264 0.687655 0.46282 0.351528 0.328751 0.548109 0.473383 0.32718 0.551653 0.544543 0.37074 0.465676 0.698302 0.390767 0.580005 0.407713 0.545944 0.390193 0.544205 0.403454 0.524418 1.46571 0.468501 0.480914 0.388608 0.465996 0.529216 0.401136 0.37643 1.46699 0.299941 0.396398 0.311291 0.467827 0.300612 0.549674 0.400009 0.459182 0.349631 0.395816 0.402508 0.397663 0.527183 0.385842 0.766177 0.401079 0.396809 0.303943 0.406323 0.833546 0.525522 0.381412 0.603463 0.5372 0.337217 0.400284 0.40909 0.383852 0.345085 0.388297 0.286253 1.3327 0.46907 0.42284 0.696092 0.695278 0.380479 0.542379 0.453706 1.2476 0.401541 0.534966 0.399143 0.353219 0.458064 0.359619 0.529632 0.548497 0.394291 0.391441 0.407444 0.40752 0.713984 0.336368 0.523591 0.532146 1.47715 0.319857 0.382871 0.691843 0.404329 0.340114 0.538984 0.578295 1.47326 0.685989 0.35122 0.285286 0.690489 0.402246 0.364905 0.390821 0.424105 0.904116 0.400619 0.313211 0.902586 0.407872 0.337617 0.360827 0.363185 0.380336 0.367167 0.316784 0.396854 0.400798 0.541825 0.433414 0.455581 0.309713 0.39046 0.711207 0.391198 0.399078 0.547901 0.362645 0.542813 1.01132 0.534674 0.449831 0.437602 0.696318 0.469401 0.401503 1.38427 0.379016 0.394186 0.404795 0.792501 0.536683 1.48302 0.40133 0.877407 0.319318 1.40693 0.549533 0.384183 0.532122 0.31413 0.340917 0.460915 0.808259 0.470118 0.901071 0.334615 0.404418 1.36325 0.617052 0.388545 0.140012 0.35216 0.472603 0.643251 0.372521 0.397625 0.478127 0.36615 0.686041 0.574012 0.400266 0.390033 0.338622 0.399314 0.385897 1.33201 0.528704 0.695053 0.38983 0.322719 0.420382 0.358518 0.525151 0.540885 1.07086 0.392781 0.470431 0.537858 0.528804 0.457078 0.841715 0.531018 0.529568 0.544826 0.71906 0.400703 0.337805
Testing:
Lab Growth Rates:
0.5 0.5 0.5
Dot Production Prediction of Lab Growth Rates:
0.310642 0.3235 0.319101
Best performance so far: 
Obj: 4.6537e-310Rho: 6.5069e-314Diff: 4.6537e-310
Test:
 Lab Growth Rates:
0.5 0.5 0.5Dot Product Prediction of Growth Rate:
0.3106419 0.3235001 0.3191014