seed =  5 traits =  1 
Training: part  172 
Training: part  172 
Round  1 
 Goal of obj  0.99 
Temperature range:  0.0078125 1.5625e-11 
Cycle 1Round 1
Iter 500000 pBad 0.886534 T 0.00286974 Obj 1.09474 Rho 0 GRdif 53.0437 success 147728 failure 7347 obj_new 1.09474 SA_pAcc 1.13207 Delta -0.077358 SA_r 0.478264 freedomratio 0.375641
Iter 1000000 pBad 0.83041 T 0.00105413 Obj 1.05923 Rho 0 GRdif 33.7203 success 292686 failure 20093 obj_new 1.05923 SA_pAcc 1 Delta 0.0559376 SA_r 0.664449 freedomratio 0.370886
Iter 1500000 pBad 0.792938 T 0.000387209 Obj 1.04095 Rho 0 GRdif 23.521 success 435999 failure 38191 obj_new 1.04095 SA_pAcc 1.1053 Delta -0.0457879 SA_r 0.396693 freedomratio 0.363298
Iter 2000000 pBad 0.739093 T 0.000142232 Obj 1.02893 Rho 0 GRdif 16.7135 success 577041 failure 60698 obj_new 1.02893 SA_pAcc 1 Delta -0.0450767 SA_r 0.112568 freedomratio 0.369949
Iter 2500000 pBad 0.702804 T 5.22454e-05 Obj 1.02317 Rho 0 GRdif 13.4219 success 715668 failure 88749 obj_new 1.02317 SA_pAcc 1.40217 Delta 0.0645754 SA_r 0.826489 freedomratio 0.361282
Iter 3000000 pBad 0.612552 T 1.91911e-05 Obj 1.01821 Rho 0 GRdif 10.5731 success 852285 failure 121216 obj_new 1.01821 SA_pAcc 0.977922 Delta -0.0343927 SA_r 0.293624 freedomratio 0.3528
Iter 3500000 pBad 0.466654 T 7.04939e-06 Obj 1.01487 Rho 0 GRdif 8.65171 success 984723 failure 161201 obj_new 1.01487 SA_pAcc 0.967447 Delta -0.000302164 SA_r 0.586493 freedomratio 0.363524
Iter 4000000 pBad 0.341637 T 2.58942e-06 Obj 1.01189 Rho 0 GRdif 6.92865 success 1098797 failure 235827 obj_new 1.01189 SA_pAcc 1 Delta -0.0205996 SA_r 0.657462 freedomratio 0.34249
Iter 4500000 pBad 0.208658 T 9.51162e-07 Obj 1.01022 Rho 0 GRdif 5.9589 success 1192457 failure 352634 obj_new 1.01022 SA_pAcc 1 Delta 0.0104875 SA_r 0.998735 freedomratio 0.322687
Iter 5000000 pBad 0.131174 T 3.49386e-07 Obj 1.0096 Rho 0 GRdif 5.59667 success 1263721 failure 516839 obj_new 1.0096 SA_pAcc 1.80457 Delta -0.00562338 SA_r 0.942727 freedomratio 0.301751
Iter 5500000 pBad 0.0563592 T 1.28339e-07 Obj 1.00935 Rho 0 GRdif 5.45527 success 1314195 failure 731322 obj_new 1.00935 SA_pAcc 0.391945 Delta -0.00129794 SA_r 0.829261 freedomratio 0.271548
Iter 6000000 pBad 0.0388152 T 4.71421e-08 Obj 1.00924 Rho 0 GRdif 5.38766 success 1347190 failure 995266 obj_new 1.00924 SA_pAcc 1 Delta 0.00192183 SA_r 0.413917 freedomratio 0.238115
Iter 6500000 pBad 0.0252944 T 1.73165e-08 Obj 1.00918 Rho 0 GRdif 5.35776 success 1369001 failure 1296282 obj_new 1.00918 SA_pAcc 1.71002e-06 Delta -0.00207658 SA_r 0.219041 freedomratio 0.225125
Iter 7000000 pBad 0.0108864 T 6.3608e-09 Obj 1.00916 Rho 0 GRdif 5.36745 success 1383531 failure 1622796 obj_new 1.0092 SA_pAcc 0 Delta -0.000395142 SA_r 0.020387 freedomratio 0.213091
Iter 7500000 pBad 0.00729821 T 2.33649e-09 Obj 1.00914 Rho 0 GRdif 5.33393 success 1392591 failure 1970759 obj_new 1.00914 SA_pAcc 1.06371 Delta -1.70279e-06 SA_r 0.896426 freedomratio 0.202628
Iter 8000000 pBad 0.00706946 T 8.58252e-10 Obj 1.00914 Rho 0 GRdif 5.34522 success 1398381 failure 2332205 obj_new 1.00916 SA_pAcc 0 Delta -6.15484e-06 SA_r 0.248499 freedomratio 0.201098
Iter 8500000 pBad 0.00211218 T 3.15258e-10 Obj 1.00913 Rho 0 GRdif 5.32813 success 1402188 failure 2702124 obj_new 1.00913 SA_pAcc 4.19705e-174 Delta 0.000190977 SA_r 0.905671 freedomratio 0.196975
Iter 9000000 pBad 0.00123977 T 1.15802e-10 Obj 1.00913 Rho 0 GRdif 5.32721 success 1404239 failure 3078242 obj_new 1.00913 SA_pAcc 4.84569e-15 Delta 2.39208e-05 SA_r 0.873376 freedomratio 0.194491
Iter 9500000 pBad 0.000633422 T 4.25372e-11 Obj 1.00913 Rho 0 GRdif 5.32619 success 1406335 failure 3457471 obj_new 1.00913 SA_pAcc 1 Delta -9.00258e-05 SA_r 0.891239 freedomratio 0.191817
Iter 10000000 pBad 0.00100094 T 1.5625e-11 Obj 1.00913 Rho 0 GRdif 5.32575 success 1407489 failure 3841989 obj_new 1.00913 SA_pAcc 1 Delta -6.02132e-06 SA_r 0.13811 freedomratio 0.191129
Cannot move further
iter 9.99892e+06 obj1.00913 rho 0 GRdif 5.32575
Training:
Lab Growth Rates:
0.25 0.485 0.55 0.1 0.46 0.37 0.59 0.476 0.58 0.54 1.05 0.4 0.4 0.47 0.45 0.65 0.42 0.47 0.4 0.6 1.49 0.26 0.4 0.3 0.54 1.67 0.49 0.65 0.47 0.43 0.33 0.47 0.22 0.47 0.46 0.52 0.59 1.483 0.54 0.33 0.17 0.56 0.3 0.46 0.724 0.54 1.483 0.58 0.3 0.59 0.4 0.58 0.09 0.45 0.47 0.47 0.32 0.6 0.4 0.4 0.45 0.4 0.47 0.53 0.42 0.42 0.65 0.46 0.4 1.345 0.59 0.5 0.4 0.46 0.53 0.17 0.4 0.3 0.23 0.31 0.4 0.5 0.2 0.33 0.47 0.52 0.724 0.52 0.48 0.23 0.5 0.22 0.54 0.42 0.45 0.48 0.27 0.42 0.47 1.345 1.345 1.345 0.724 1.483 0.39 0.1 0.23 0.45 1.248 0.22 0.39 0.49 0.59 0.53 0.59 0.45 0.56 0.901 0.54 0.54 0.27 0.6 1.483 0.55 0.4 0.11 0.1 0.42 0.46 0.56 0.4 0.4 0.27 0.53 0.3 0.4 1.05 0.37 0.47 0.48 0.54 1.483 1.35 0.45 0.4 0.42 0.14 0.32 0.39 0.47 0.3 0.636 0.52 0.301 0.46 0.46 0.56 0.4 0.1 0.55 0.53 0.476 0.39 0.43 0.59 0.25 0.47 0.42 1.46 0.37 0.41 0.54 0.53 0.465 0.4 0.58 0.4 0.47 0.58 0.31 0.5 0.4 0.4 0.27 0.51 0.37 0.301 0.19 0.4 1.43 0.33 0.54 0.45 0.48 0.5 0.34 1.483 1.345 0.37 0.481 0.48 1.46 0.901 0.33 0.4 0.55 0.3 1.248 0.58 0.4 0.59 0.59 0.5 0.45 0.33 0.635 0.65 0.68 0.58 0.39 0.4 0.41 0.42 0.55 0.377 0.58 0.54 0.762 0.762 0.5 0.3 0.4 0.465 0.55 0.1 0.54 1.66 0.37 0.4 0.45 0.43 0.53 0.37 0.56 0.7 0.617 0.5 0.58 0.4 0.5 0.47 0.38 0.52 0.637 0.36 1.483 0.37 0.37 1.345 0.38 0.54 0.5 0.22 0.52 0.5 0.26 0.41 0.5 0.4 0.53 0.38 0.37 0.762 0.45 0.54 0.59 0.41 0.43 0.58 0.19 0.25 0.59 0.485 0.46 0.52 0.65 0.4 0.36 0.42 0.47 0.46 0.4 0.38 0.52 0.635 0.53 0.46 0.25 0.4 0.4 0.51 0.59 0.4 0.4 0.4 0.58 0.53 0.42 0.31 0.648 0.46 0.47 0.4 0.34 0.54 0.54 0.5 1.483 0.59 0.54 0.26 1.483 0.49 0.5 0.5 0.4 0.46 0.71 0.5 0.23 0.4 0.56 0.25 1.483 0.23 0.54 0.7 0.45 0.47 0.55 0.32 0.5 0.23 0.648 0.46 0.7 0.47 0.19 0.11 0.22 0.47 0.5 0.762 0.5 0.36 1.43 0.48 0.56 1.483 1.67 0.25 1.05 1.345 0.56 0.56 0.4 0.4 0.54 1.345 0.5 0.47 0.42 0.56 0.27 0.45 0.09 0.5 0.485 0.68 0.4 0.17 0.4 1.42 0.58 0.43 0.37 0.5 0.54 0.37 0.14 1.05 0.33 0.3 0.34 0.71 0.47 0.43 0.2 0.48 0.4 0.3 0.377 1.44 0.4 0.55 0.42 0.41 1.483 0.65 0.5 1.345 0.53 1.38 1.05 1.4 0.465 0.22 0.47 0.43 0.65 0.43 0.39 0.5 1.248 0.45 1.248 0.58 0.43 0.54 0.5 0.41 0.5 0.56 0.42 0.37 0.53 0.1 0.2 0.53 0.33 0.5 0.52 0.71 0.52 0.485 0.43 0.481 0.56 0.37 0.3 0.42 0.56 0.46 0.38 0.46 0.53 0.23 0.6 1.66 0.4 0.7 0.43 0.54 0.5 0.58 0.41 0.54 0.45 0.58 0.54 0.686 0.901 0.3 1.46 0.5 0.4 0.52 0.5 0.55 0.37 0.4 0.52 0.43 0.59 0.54 0.4 0.1 0.901 0.901 0.58 0.4 0.65 0.42 0.54 0.3 0.45 0.56 0.686 0.25 0.59 0.68 0.09 0.377 0.45 0.637 0.5 0.58 0.56 1.345 1.345 1.345 0.4 0.5 0.56 0.48 0.42 0.4 0.3 0.56 0.22 0.1 0.648 0.5 0.25 0.59 0.41 0.41 0.637 1.248 0.42 0.4 0.46 0.36 0.481 0.56 0.4 0.51 1.03 0.65 0.68 0.58 0.55 0.45 0.55 0.46 0.636 0.37 0.53 0.301 0.46 0.68 0.11 0.4 0.23 0.45 0.47 1.46 0.4 0.58 0.36 0.58 0.27 0.476 0.4 0.22 0.636 0.33 0.4 0.46 0.4 0.55 0.5 0.635 0.54 0.686 0.4 0.901 0.48 0.23 0.58 0.4 0.4 0.1 0.54 0.36 0.46
Dot Production Prediction of Lab Growth Rates:
0.358481 0.588894 0.549966 0.425083 0.468361 0.402889 0.547165 0.588545 0.320474 0.438691 1.05001 0.401959 0.39861 0.358879 0.341903 0.643657 0.528761 0.34943 0.399467 0.578516 1.54017 0.433781 0.399581 0.235763 0.445315 1.52333 0.369344 0.661055 0.412923 0.355674 0.325371 0.383008 0.358942 0.376346 0.460502 0.361181 0.327553 0.955208 0.461173 0.422603 0.331353 0.539765 0.342631 0.421179 0.724 0.535543 0.984089 0.455704 0.243538 0.547059 0.399775 0.460643 0.380745 1.45938 0.435618 0.359851 0.336431 0.557443 0.401974 0.401235 1.48651 0.401744 0.364975 0.526991 0.328967 0.335713 0.66252 0.384882 0.404859 0.950097 0.545036 0.471473 0.400649 0.479985 0.370927 0.41228 0.402223 0.56157 0.537107 0.509057 0.40375 0.375674 0.385349 0.370743 0.38111 0.370767 0.722189 0.371076 0.343492 0.432476 0.468479 0.466495 0.360148 0.351946 0.370582 0.327292 0.357863 0.350485 0.449567 0.989716 1.01078 0.989814 0.718583 0.961095 0.319401 1.03333 0.433351 0.356771 1.24708 0.466083 0.343158 0.369927 0.545514 0.483477 0.340678 0.385876 0.53955 0.901 0.336558 0.542502 0.367019 0.573697 0.941547 0.546153 0.398353 0.344485 1.03969 0.334391 0.45473 0.543366 0.400877 0.403209 0.536357 0.320948 0.238487 0.399313 1.05012 0.42472 0.35627 0.339875 0.307769 0.952225 1.30296 0.384762 0.399414 0.346272 0.139957 0.335712 0.319069 0.318496 0.3867 0.717836 0.342893 0.594482 0.410458 0.357433 0.532443 0.399459 0.420368 0.545914 0.535381 0.58652 0.323064 0.40303 0.330741 0.366458 0.377843 0.337412 1.62546 0.422546 0.383268 0.35852 0.538964 0.58747 0.401388 0.379801 0.400796 0.384431 0.464408 0.520023 0.537734 0.403454 0.402112 0.312846 0.392114 0.386153 0.589612 0.336672 0.399377 1.3877 0.480491 0.541923 1.51485 0.332315 0.598969 0.323396 0.9715 1.00668 0.421815 0.583881 0.323252 1.03735 0.897984 0.324551 0.401288 0.444552 0.535862 1.25912 0.46371 0.399602 0.543304 0.327403 0.676605 0.349877 0.338843 0.714905 0.638448 0.351479 0.347706 0.323262 0.400893 0.592614 0.367991 0.453322 0.58176 0.461926 0.382743 1.44048 1.4338 0.547959 0.54202 0.402897 0.585178 0.549997 0.3698 0.373214 1.66 0.334949 0.401372 0.394266 0.361081 0.400736 0.387067 0.535833 0.700274 0.456141 0.339729 0.461539 0.401355 0.346776 0.366819 0.324979 0.391292 0.715579 0.363578 0.971948 0.416207 0.418485 0.994934 0.348964 0.354459 0.578947 0.469915 0.369564 0.531607 0.51533 0.369643 0.345192 0.399155 0.342175 0.374468 0.430979 1.45464 1.50268 0.461244 0.386108 0.592821 0.37149 0.456371 0.349785 0.324181 0.321484 0.587212 0.487652 0.394178 0.643104 0.400148 0.347645 0.327277 0.356454 0.395422 0.342936 0.361349 0.359949 0.71667 0.5316 0.312382 1.50463 0.401452 0.399774 0.411021 0.322625 0.398343 0.399904 0.398364 0.468871 0.537144 0.35688 0.513373 0.715934 0.459985 0.365649 0.394861 0.33689 0.371608 0.351027 0.359743 0.98273 0.369217 0.375099 0.350021 0.989001 0.381153 0.67347 0.328854 0.399528 0.344268 0.720672 0.323606 0.537125 0.402287 0.472071 0.73235 0.931184 0.528568 0.443083 0.699808 1.54017 0.36274 0.551255 0.317645 0.350699 0.536659 0.717175 0.325871 0.708863 0.437898 0.329544 0.365768 0.411487 0.453276 0.462094 1.4812 0.580396 0.340114 1.38124 0.353859 0.532633 0.980026 1.38003 0.35584 1.01112 0.981821 0.47197 0.533988 0.401161 0.378814 0.373461 0.988493 0.39805 0.380435 0.326693 0.53571 0.346701 1.48759 0.355838 0.61419 0.585076 0.348511 0.400241 0.330706 0.40013 1.51852 0.366338 0.365176 0.494015 0.339214 0.542664 0.372124 0.140233 1.05171 0.364461 0.539444 0.334585 0.71412 0.363059 0.383399 0.389757 0.315678 0.400825 0.566249 0.58495 1.48613 0.402602 0.453571 0.343768 0.336835 0.933318 0.649947 0.661058 0.969325 0.394356 1.34185 1.63046 1.4 0.588527 0.466726 0.397967 0.365023 0.661038 0.39294 0.334166 0.361647 1.25374 0.351734 1.24798 0.457123 0.401657 0.379304 0.468976 0.366338 0.459857 0.47381 0.372324 0.431798 0.45467 1.23753 0.372898 0.363681 0.446217 0.651215 0.369954 0.711422 0.382432 0.588515 0.381677 0.587864 0.536812 0.431502 0.505134 0.340501 0.540833 0.462464 0.340671 0.459887 0.533015 0.543449 0.559952 1.64392 0.402205 0.699942 0.431773 0.379568 0.548807 0.471822 0.591578 0.534532 1.5371 0.460628 0.462775 0.718335 0.894704 0.431009 1.02046 0.648066 0.330403 0.379581 0.537456 0.54345 0.41417 0.399283 0.367467 0.414153 0.547216 0.546726 0.39684 1.15807 0.901004 0.888967 0.355416 0.399724 0.652873 0.348168 0.371294 0.580732 0.345695 0.455439 0.720996 0.5084 0.54881 0.351851 0.420715 0.584544 0.353446 0.713931 0.660159 0.358022 0.453931 0.968719 0.959774 0.948034 0.398501 0.461252 0.534933 0.350528 0.544393 0.399947 0.369634 0.543467 0.468367 0.752537 0.713247 0.586353 0.472986 0.321041 0.384386 0.35897 0.716227 1.23809 0.531878 0.399002 0.351552 0.362531 0.586426 0.45415 0.39865 0.379995 1.36819 0.649972 0.349503 0.323409 0.450531 0.385045 0.453161 0.355644 0.721247 0.425754 0.322073 0.58581 0.401349 0.348368 0.373783 0.401458 0.543161 0.345928 0.357502 1.0356 0.400026 0.367124 0.346716 0.461983 0.374643 0.589777 0.39973 0.384497 0.717562 0.362316 0.403185 0.410669 0.402191 0.450357 0.334516 0.715039 0.339156 0.723017 0.401997 1.27628 0.34488 0.431704 0.359392 0.397291 0.401922 1.43014 0.533563 0.372475 0.458466
Testing:
Lab Growth Rates:
0.36 0.36 0.36
Dot Production Prediction of Lab Growth Rates:
0.348895 0.400656 0.399974
Best performance so far: 
Obj: 4.63984e-310Rho: 2.26291e-314Diff: 4.63984e-310
Anneal again with the best G and E so far as input
Cycle 2Round 1
Iter 500000 pBad 0.849608 T 0.00286974 Obj 1.10983 Rho 0 GRdif 61.0633 success 108680 failure 6977 obj_new 1.10983 SA_pAcc 1 Delta -0.0542425 SA_r 0.523811 freedomratio 0.258036
Iter 1000000 pBad 0.823367 T 0.00105413 Obj 1.06612 Rho 0 GRdif 37.5214 success 214806 failure 18435 obj_new 1.06612 SA_pAcc 1 Delta 0.0231675 SA_r 0.721454 freedomratio 0.256567
Iter 1500000 pBad 0.763498 T 0.000387209 Obj 1.03483 Rho 0 GRdif 20.0608 success 318956 failure 36607 obj_new 1.03483 SA_pAcc 1 Delta -0.029967 SA_r 0.0710074 freedomratio 0.255672
Iter 2000000 pBad 0.681802 T 0.000142232 Obj 1.03037 Rho 0 GRdif 17.5778 success 420877 failure 59986 obj_new 1.03045 SA_pAcc 0.549249 Delta 0.0613391 SA_r 0.899046 freedomratio 0.252913
Iter 2500000 pBad 0.597846 T 5.22454e-05 Obj 1.0233 Rho 0 GRdif 13.4948 success 521023 failure 88060 obj_new 1.0233 SA_pAcc 1 Delta -0.0171907 SA_r 0.668398 freedomratio 0.24968
Iter 3000000 pBad 0.501448 T 1.91911e-05 Obj 1.01955 Rho 0 GRdif 11.3481 success 617628 failure 124974 obj_new 1.01955 SA_pAcc 0.518424 Delta 0.0286511 SA_r 0.0628792 freedomratio 0.251179
Iter 3500000 pBad 0.425071 T 7.04939e-06 Obj 1.01722 Rho 0 GRdif 10.0069 success 710799 failure 167607 obj_new 1.01722 SA_pAcc 0.653249 Delta 0.0108744 SA_r 0.513788 freedomratio 0.251718
Iter 4000000 pBad 0.30253 T 2.58942e-06 Obj 1.01373 Rho 0 GRdif 7.98966 success 796838 failure 226140 obj_new 1.01373 SA_pAcc 1 Delta -0.022867 SA_r 0.845589 freedomratio 0.238891
Iter 4500000 pBad 0.204761 T 9.51162e-07 Obj 1.01031 Rho 0 GRdif 6.00874 success 877127 failure 300112 obj_new 1.01031 SA_pAcc 0.899672 Delta -0.00232445 SA_r 0.0273782 freedomratio 0.237921
Iter 5000000 pBad 0.134124 T 3.49386e-07 Obj 1.0091 Rho 0 GRdif 5.31097 success 943759 failure 405163 obj_new 1.0091 SA_pAcc 1 Delta -0.000452504 SA_r 0.928144 freedomratio 0.223579
Iter 5500000 pBad 0.083279 T 1.28339e-07 Obj 1.00852 Rho 0 GRdif 4.97189 success 995424 failure 552777 obj_new 1.00852 SA_pAcc 1 Delta 0.00384083 SA_r 0.958245 freedomratio 0.205758
Iter 6000000 pBad 0.0443122 T 4.71421e-08 Obj 1.0083 Rho 0 GRdif 4.84438 success 1028809 failure 757297 obj_new 1.0083 SA_pAcc 1 Delta 0.00409796 SA_r 0.881189 freedomratio 0.185209
Iter 6500000 pBad 0.0304244 T 1.73165e-08 Obj 1.00822 Rho 0 GRdif 4.7944 success 1050023 failure 1007295 obj_new 1.00822 SA_pAcc 1 Delta -0.00177283 SA_r 0.465549 freedomratio 0.172709
Iter 7000000 pBad 0.0138949 T 6.3608e-09 Obj 1.00817 Rho 0 GRdif 4.76829 success 1064442 failure 1289487 obj_new 1.00817 SA_pAcc 9.78612e-22 Delta -4.58304e-05 SA_r 0.694905 freedomratio 0.163368
Iter 7500000 pBad 0.00591523 T 2.33649e-09 Obj 1.00816 Rho 0 GRdif 4.825 success 1072281 failure 1599264 obj_new 1.00827 SA_pAcc 0 Delta -0.000279287 SA_r 0.424362 freedomratio 0.157062
Iter 8000000 pBad 0.00293593 T 8.58252e-10 Obj 1.00815 Rho 0 GRdif 4.75773 success 1077512 failure 1920861 obj_new 1.00815 SA_pAcc 2.87953e-47 Delta -0.000181442 SA_r 0.83318 freedomratio 0.155273
Iter 8500000 pBad 0.00422527 T 3.15258e-10 Obj 1.00815 Rho 0 GRdif 4.75806 success 1081393 failure 2250226 obj_new 1.00815 SA_pAcc 0 Delta 0.000102672 SA_r 0.438258 freedomratio 0.152923
Iter 9000000 pBad 0.00271555 T 1.15802e-10 Obj 1.00815 Rho 0 GRdif 4.75429 success 1084074 failure 2587222 obj_new 1.00815 SA_pAcc 0 Delta 0.000153522 SA_r 0.143071 freedomratio 0.15205
Iter 9500000 pBad 0.000627769 T 4.25372e-11 Obj 1.00814 Rho 0 GRdif 4.76211 success 1086399 failure 2927592 obj_new 1.00816 SA_pAcc 0 Delta -3.03815e-05 SA_r 0.388144 freedomratio 0.150295
Good enough
iter 9.99984e+06 obj1.00814 rho 0 GRdif 4.75272
Training:
Lab Growth Rates:
0.25 0.485 0.55 0.1 0.46 0.37 0.59 0.476 0.58 0.54 1.05 0.4 0.4 0.47 0.45 0.65 0.42 0.47 0.4 0.6 1.49 0.26 0.4 0.3 0.54 1.67 0.49 0.65 0.47 0.43 0.33 0.47 0.22 0.47 0.46 0.52 0.59 1.483 0.54 0.33 0.17 0.56 0.3 0.46 0.724 0.54 1.483 0.58 0.3 0.59 0.4 0.58 0.09 0.45 0.47 0.47 0.32 0.6 0.4 0.4 0.45 0.4 0.47 0.53 0.42 0.42 0.65 0.46 0.4 1.345 0.59 0.5 0.4 0.46 0.53 0.17 0.4 0.3 0.23 0.31 0.4 0.5 0.2 0.33 0.47 0.52 0.724 0.52 0.48 0.23 0.5 0.22 0.54 0.42 0.45 0.48 0.27 0.42 0.47 1.345 1.345 1.345 0.724 1.483 0.39 0.1 0.23 0.45 1.248 0.22 0.39 0.49 0.59 0.53 0.59 0.45 0.56 0.901 0.54 0.54 0.27 0.6 1.483 0.55 0.4 0.11 0.1 0.42 0.46 0.56 0.4 0.4 0.27 0.53 0.3 0.4 1.05 0.37 0.47 0.48 0.54 1.483 1.35 0.45 0.4 0.42 0.14 0.32 0.39 0.47 0.3 0.636 0.52 0.301 0.46 0.46 0.56 0.4 0.1 0.55 0.53 0.476 0.39 0.43 0.59 0.25 0.47 0.42 1.46 0.37 0.41 0.54 0.53 0.465 0.4 0.58 0.4 0.47 0.58 0.31 0.5 0.4 0.4 0.27 0.51 0.37 0.301 0.19 0.4 1.43 0.33 0.54 0.45 0.48 0.5 0.34 1.483 1.345 0.37 0.481 0.48 1.46 0.901 0.33 0.4 0.55 0.3 1.248 0.58 0.4 0.59 0.59 0.5 0.45 0.33 0.635 0.65 0.68 0.58 0.39 0.4 0.41 0.42 0.55 0.377 0.58 0.54 0.762 0.762 0.5 0.3 0.4 0.465 0.55 0.1 0.54 1.66 0.37 0.4 0.45 0.43 0.53 0.37 0.56 0.7 0.617 0.5 0.58 0.4 0.5 0.47 0.38 0.52 0.637 0.36 1.483 0.37 0.37 1.345 0.38 0.54 0.5 0.22 0.52 0.5 0.26 0.41 0.5 0.4 0.53 0.38 0.37 0.762 0.45 0.54 0.59 0.41 0.43 0.58 0.19 0.25 0.59 0.485 0.46 0.52 0.65 0.4 0.36 0.42 0.47 0.46 0.4 0.38 0.52 0.635 0.53 0.46 0.25 0.4 0.4 0.51 0.59 0.4 0.4 0.4 0.58 0.53 0.42 0.31 0.648 0.46 0.47 0.4 0.34 0.54 0.54 0.5 1.483 0.59 0.54 0.26 1.483 0.49 0.5 0.5 0.4 0.46 0.71 0.5 0.23 0.4 0.56 0.25 1.483 0.23 0.54 0.7 0.45 0.47 0.55 0.32 0.5 0.23 0.648 0.46 0.7 0.47 0.19 0.11 0.22 0.47 0.5 0.762 0.5 0.36 1.43 0.48 0.56 1.483 1.67 0.25 1.05 1.345 0.56 0.56 0.4 0.4 0.54 1.345 0.5 0.47 0.42 0.56 0.27 0.45 0.09 0.5 0.485 0.68 0.4 0.17 0.4 1.42 0.58 0.43 0.37 0.5 0.54 0.37 0.14 1.05 0.33 0.3 0.34 0.71 0.47 0.43 0.2 0.48 0.4 0.3 0.377 1.44 0.4 0.55 0.42 0.41 1.483 0.65 0.5 1.345 0.53 1.38 1.05 1.4 0.465 0.22 0.47 0.43 0.65 0.43 0.39 0.5 1.248 0.45 1.248 0.58 0.43 0.54 0.5 0.41 0.5 0.56 0.42 0.37 0.53 0.1 0.2 0.53 0.33 0.5 0.52 0.71 0.52 0.485 0.43 0.481 0.56 0.37 0.3 0.42 0.56 0.46 0.38 0.46 0.53 0.23 0.6 1.66 0.4 0.7 0.43 0.54 0.5 0.58 0.41 0.54 0.45 0.58 0.54 0.686 0.901 0.3 1.46 0.5 0.4 0.52 0.5 0.55 0.37 0.4 0.52 0.43 0.59 0.54 0.4 0.1 0.901 0.901 0.58 0.4 0.65 0.42 0.54 0.3 0.45 0.56 0.686 0.25 0.59 0.68 0.09 0.377 0.45 0.637 0.5 0.58 0.56 1.345 1.345 1.345 0.4 0.5 0.56 0.48 0.42 0.4 0.3 0.56 0.22 0.1 0.648 0.5 0.25 0.59 0.41 0.41 0.637 1.248 0.42 0.4 0.46 0.36 0.481 0.56 0.4 0.51 1.03 0.65 0.68 0.58 0.55 0.45 0.55 0.46 0.636 0.37 0.53 0.301 0.46 0.68 0.11 0.4 0.23 0.45 0.47 1.46 0.4 0.58 0.36 0.58 0.27 0.476 0.4 0.22 0.636 0.33 0.4 0.46 0.4 0.55 0.5 0.635 0.54 0.686 0.4 0.901 0.48 0.23 0.58 0.4 0.4 0.1 0.54 0.36 0.46
Dot Production Prediction of Lab Growth Rates:
0.366784 0.538455 0.555406 0.479744 0.5492 0.429238 0.545787 0.538295 0.287394 0.432715 1.05043 0.401944 0.398383 0.370309 0.301519 0.642207 0.631234 0.354382 0.389382 0.614418 1.50903 0.48214 0.392174 0.290106 0.446778 1.4589 0.383114 0.654902 0.405449 0.350474 0.3215 0.396373 0.348926 0.403467 0.461035 0.367193 0.308398 1.3227 0.454278 0.45899 0.308586 0.532374 0.316176 0.466302 0.718877 0.543727 1.32394 0.461035 0.300443 0.541389 0.400153 0.444965 0.397549 1.41589 0.415325 0.360647 0.320154 0.597867 0.398812 0.403612 1.43955 0.400198 0.33005 0.53386 0.313895 0.331973 0.652055 0.386548 0.406835 1.27404 0.544292 0.472875 0.401596 0.551337 0.394705 0.430938 0.403777 0.615622 0.538247 0.612194 0.403715 0.379625 0.38632 0.363891 0.40348 0.380156 0.716274 0.351961 0.347838 0.41534 0.470747 0.456799 0.38197 0.342146 0.379613 0.289301 0.383196 0.375674 0.505951 1.34223 1.37001 1.36109 0.716458 1.30553 0.326032 1.14664 0.415286 0.320222 1.13676 0.46262 0.335351 0.379536 0.549756 0.57189 0.314826 0.419677 0.534972 0.9026 0.304749 0.535803 0.368236 0.58657 1.26248 0.542725 0.399847 0.334106 1.17567 0.315491 0.445337 0.552572 0.406619 0.40351 0.636905 0.270792 0.299442 0.399214 1.0599 0.402701 0.35533 0.314843 0.288634 1.27857 1.08104 0.408055 0.398355 0.358183 0.140309 0.345419 0.300033 0.305889 0.406771 0.713883 0.357799 0.539711 0.446111 0.354473 0.544436 0.396143 0.46481 0.540402 0.523484 0.534367 0.310936 0.442513 0.325498 0.361182 0.393228 0.317227 1.41488 0.4 0.391715 0.381284 0.546754 0.538981 0.402871 0.389382 0.394413 0.403018 0.472208 0.631095 0.526744 0.402395 0.39633 0.269701 0.413986 0.394251 0.537981 0.290519 0.386025 1.16146 0.543914 0.535945 1.44682 0.280557 0.704839 0.32211 1.30434 1.3453 0.396593 0.532276 0.308918 1.05977 0.901294 0.316123 0.401824 0.427783 0.552055 1.14661 0.469392 0.399255 0.543365 0.348725 0.866927 0.353539 0.320895 0.703109 0.627542 0.372633 0.346866 0.311858 0.404639 0.534385 0.369667 0.449193 0.529777 0.46459 0.407011 1.20393 1.19583 0.551919 0.549626 0.403207 0.53566 0.548009 0.340749 0.370669 1.51162 0.283174 0.402187 0.438286 0.358043 0.424803 0.408415 0.54445 0.783671 0.549663 0.328134 0.472364 0.401538 0.334393 0.361719 0.318532 0.371569 0.703343 0.358702 1.33785 0.398754 0.397035 1.31663 0.294341 0.368517 0.69859 0.461324 0.323187 0.54539 0.602283 0.349884 0.345543 0.397064 0.324608 0.384394 0.4062 1.20486 1.44691 0.454329 0.403136 0.529112 0.352703 0.461583 0.300497 0.303522 0.296693 0.530196 0.56679 0.361828 0.63095 0.397671 0.330674 0.320316 0.358353 0.41568 0.316453 0.378928 0.341065 0.708249 0.531421 0.286058 1.4463 0.401791 0.399462 0.426508 0.281335 0.401703 0.397428 0.393238 0.464581 0.524334 0.350229 0.612032 0.702277 0.452699 0.374097 0.381758 0.340452 0.407376 0.345885 0.379497 1.3187 0.368529 0.40855 0.372518 1.35403 0.398365 0.829676 0.330975 0.398764 0.339192 0.718026 0.331577 0.539691 0.401034 0.467848 0.941932 1.30727 0.537801 0.437995 0.781007 1.50903 0.379774 0.556212 0.295793 0.363104 0.53557 0.704477 0.307612 0.786635 0.494514 0.298369 0.370678 0.448077 0.506092 0.478399 1.20062 0.735533 0.33679 1.1418 0.352943 0.538659 1.32155 1.36376 0.365643 1.0476 1.3211 0.465063 0.532971 0.403691 0.39999 0.385685 1.34349 0.433762 0.377322 0.286112 0.530183 0.345127 1.39658 0.35204 0.727491 0.53509 0.368437 0.399297 0.307212 0.4008 1.51998 0.379815 0.344245 0.59773 0.3438 0.538298 0.394328 0.139403 1.05932 0.357654 0.564962 0.340559 0.711879 0.366539 0.390683 0.406881 0.277058 0.397649 0.581056 0.532095 1.46963 0.402612 0.447755 0.348926 0.315254 1.27151 0.64924 0.811087 1.31232 0.411746 1.28958 1.38895 1.40458 0.540702 0.46626 0.408739 0.374622 0.650756 0.412108 0.311511 0.375401 1.13445 0.335142 1.13542 0.461449 0.399554 0.406835 0.470867 0.378377 0.470825 0.469411 0.392782 0.406288 0.496177 1.39941 0.343899 0.358097 0.504458 0.787049 0.369591 0.711476 0.407274 0.52819 0.409349 0.533236 0.545372 0.40576 0.518334 0.333439 0.545103 0.462597 0.295455 0.452516 0.534072 0.54079 0.578618 1.50096 0.404925 0.783761 0.460004 0.380735 0.545562 0.472312 0.533612 0.52963 1.48991 0.465542 0.437547 0.714706 0.898435 0.43001 1.0731 0.794601 0.313351 0.39792 0.530731 0.5426 0.394648 0.392787 0.366782 0.440536 0.547555 0.551402 0.384578 1.30562 0.901294 0.901301 0.375365 0.404234 0.650494 0.350001 0.365768 0.613817 0.348027 0.463514 0.718556 0.584526 0.545226 0.369752 0.472376 0.530041 0.368271 0.69881 0.825144 0.334864 0.461921 1.35692 1.2776 1.27418 0.396543 0.47052 0.534777 0.353157 0.631737 0.392075 0.373644 0.550071 0.464986 0.933533 0.694122 0.683427 0.558508 0.318071 0.396605 0.355051 0.702971 1.12942 0.6059 0.389144 0.368942 0.358632 0.535828 0.461189 0.389 0.390889 1.28583 0.650094 0.372026 0.31932 0.450987 0.382351 0.45713 0.331913 0.720855 0.469911 0.321795 0.538207 0.442463 0.366708 0.394496 0.399497 0.540472 0.345152 0.342077 1.06342 0.398392 0.378611 0.343703 0.466973 0.407399 0.539093 0.389876 0.390477 0.71604 0.340129 0.402655 0.427969 0.40605 0.445226 0.320857 0.707061 0.327951 0.718035 0.404086 1.09019 0.337028 0.413439 0.368918 0.387209 0.403994 1.3723 0.536273 0.382687 0.46002
Testing:
Lab Growth Rates:
0.36 0.36 0.36
Dot Production Prediction of Lab Growth Rates:
0.352154 0.425889 0.413628
Best performance so far: 
Obj: 4.63984e-310Rho: 2.122e-314Diff: 4.63984e-310
Test:
 Lab Growth Rates:
0.36 0.36 0.36Dot Product Prediction of Growth Rate:
0.3521541 0.4258895 0.413628