seed =  5 traits =  1 
Training: part  119 
Training: part  119 
Round  1 
 Goal of obj  0.99 
Temperature range:  0.00390625 7.8125e-14 
Cycle 1Round 1
Iter 500000 pBad 0.85207 T 0.00113976 Obj 1.05481 Rho 0 GRdif 31.3748 success 146475 failure 10713 obj_new 1.05481 SA_pAcc 1 Delta 0.0165723 SA_r 0.335911 freedomratio 0.374522
Iter 1000000 pBad 0.801247 T 0.000332555 Obj 1.03388 Rho 0 GRdif 19.5919 success 291063 failure 25617 obj_new 1.03388 SA_pAcc 0.999016 Delta -0.000394336 SA_r 0.888453 freedomratio 0.366584
Iter 1500000 pBad 0.745181 T 9.70321e-05 Obj 1.02574 Rho 0 GRdif 14.9429 success 433302 failure 45727 obj_new 1.02574 SA_pAcc 1 Delta 0.0262589 SA_r 0.307339 freedomratio 0.361846
Iter 2000000 pBad 0.645411 T 2.83118e-05 Obj 1.01876 Rho 0 GRdif 10.9288 success 572163 failure 73448 obj_new 1.01876 SA_pAcc 0.720511 Delta -0.0364166 SA_r 0.351636 freedomratio 0.359194
Iter 2500000 pBad 0.47442 T 8.26073e-06 Obj 1.016 Rho 0 GRdif 9.33159 success 703921 failure 114828 obj_new 1.016 SA_pAcc 0.498205 Delta -0.0398852 SA_r 0.427297 freedomratio 0.362515
Iter 3000000 pBad 0.307335 T 2.41029e-06 Obj 1.01118 Rho 0 GRdif 6.53697 success 821540 failure 184078 obj_new 1.01118 SA_pAcc 1.05237 Delta -0.00771396 SA_r 0.892972 freedomratio 0.341067
Iter 3500000 pBad 0.238346 T 7.03269e-07 Obj 1.00868 Rho 0 GRdif 5.09318 success 922281 failure 287070 obj_new 1.0087 SA_pAcc 3.15345e-12 Delta 0.0166328 SA_r 0.413967 freedomratio 0.323077
Iter 4000000 pBad 0.107921 T 2.05198e-07 Obj 1.0082 Rho 0 GRdif 4.8034 success 990664 failure 459701 obj_new 1.0082 SA_pAcc 1 Delta -0.00274376 SA_r 0.603793 freedomratio 0.287531
Iter 4500000 pBad 0.0448623 T 5.98721e-08 Obj 1.00797 Rho 0 GRdif 4.66988 success 1032603 failure 698926 obj_new 1.00797 SA_pAcc 3.19997e-35 Delta 0.00264303 SA_r 0.0106686 freedomratio 0.253667
Iter 5000000 pBad 0.0278198 T 1.74693e-08 Obj 1.00782 Rho 0 GRdif 4.58262 success 1059072 failure 989510 obj_new 1.00782 SA_pAcc 1 Delta 0.00261554 SA_r 0.280946 freedomratio 0.221219
Iter 5500000 pBad 0.0160536 T 5.09715e-09 Obj 1.00778 Rho 0 GRdif 4.55603 success 1074103 failure 1320498 obj_new 1.00778 SA_pAcc 1.87487e-139 Delta 0.00156264 SA_r 0.322609 freedomratio 0.207481
Iter 6000000 pBad 0.00450316 T 1.48723e-09 Obj 1.00776 Rho 0 GRdif 4.54276 success 1083076 failure 1677260 obj_new 1.00776 SA_pAcc 8.22332e-12 Delta 0.000350574 SA_r 0.804917 freedomratio 0.19778
Iter 6500000 pBad 0.00536344 T 4.33941e-10 Obj 1.00775 Rho 0 GRdif 4.53793 success 1088814 failure 2049555 obj_new 1.00775 SA_pAcc 1.258e-06 Delta -6.00267e-05 SA_r 0.835365 freedomratio 0.19285
Iter 7000000 pBad 0.00180879 T 1.26614e-10 Obj 1.00774 Rho 0 GRdif 4.53598 success 1092498 failure 2431761 obj_new 1.00774 SA_pAcc 0 Delta -9.73975e-05 SA_r 0.655029 freedomratio 0.187082
Iter 7500000 pBad 0.0013817 T 3.69431e-11 Obj 1.00774 Rho 0 GRdif 4.54251 success 1095060 failure 2823459 obj_new 1.00776 SA_pAcc 0 Delta -2.52225e-05 SA_r 0.37587 freedomratio 0.184038
Iter 8000000 pBad 0.000776319 T 1.07792e-11 Obj 1.00774 Rho 0 GRdif 4.53736 success 1097024 failure 3221337 obj_new 1.00775 SA_pAcc 0 Delta 7.23764e-05 SA_r 0.91501 freedomratio 0.181034
Iter 8500000 pBad 0.000279125 T 3.14512e-12 Obj 1.00774 Rho 0 GRdif 4.5336 success 1098861 failure 3623553 obj_new 1.00774 SA_pAcc 1.45954e-23 Delta 2.76435e-05 SA_r 0.157364 freedomratio 0.179214
Iter 9000000 pBad 6.53553e-30 T 9.17673e-13 Obj 1.00774 Rho 0 GRdif 4.56387 success 1099242 failure 3949454 obj_new 1.00779 SA_pAcc 0 Delta 5.12821e-31 SA_r 0.704205 freedomratio 0.170583
Iter 9500000 pBad 1.76869e-126 T 2.67756e-13 Obj 1.00774 Rho 0 GRdif 4.53393 success 1099242 failure 4268638 obj_new 1.00774 SA_pAcc 0 Delta 1.57761e-127 SA_r 0.0630257 freedomratio 0.16776
Iter 10000000 pBad 4.47297e-310 T 7.81252e-14 Obj 1.00774 Rho 0 GRdif 4.53359 success 1099242 failure 4600291 obj_new 1.00774 SA_pAcc 1 Delta -8.0936e-312 SA_r 0.310836 freedomratio 0.0915745
Cannot move further
iter 8.56888e+06 obj1.00774 rho 0 GRdif 4.53359
Training:
Lab Growth Rates:
0.68 0.59 0.47 0.1 0.301 0.53 0.71 0.37 0.5 0.47 0.17 0.6 0.635 0.36 0.39 0.53 0.56 0.5 0.5 0.5 0.4 0.724 0.3 0.54 0.25 0.42 1.345 0.901 0.56 0.686 0.59 0.54 0.3 0.5 0.5 0.617 0.5 1.483 0.53 0.37 0.58 0.5 0.23 0.43 0.65 0.46 0.52 1.248 0.4 0.52 0.42 0.4 0.54 0.54 0.36 0.22 0.33 0.42 0.39 0.1 0.58 0.4 0.52 1.483 0.648 0.42 0.47 0.1 0.45 1.483 0.55 0.52 0.56 1.66 0.33 0.46 0.5 0.5 0.485 0.31 0.4 0.53 0.19 0.54 1.43 0.22 0.4 1.35 1.42 0.54 0.59 0.4 1.03 0.59 0.25 0.56 0.42 0.5 0.23 0.46 0.5 0.56 0.58 0.45 0.43 0.53 0.54 0.4 1.483 0.686 0.09 0.26 0.65 0.42 0.49 0.37 0.59 0.47 0.48 0.34 1.345 0.54 0.54 0.45 0.465 0.762 0.3 0.4 0.5 1.44 0.55 0.46 0.45 0.4 0.4 0.41 0.1 0.901 0.47 0.46 0.48 0.47 1.483 0.481 0.47 0.54 0.51 0.37 0.45 0.27 0.34 0.4 0.58 0.39 0.485 0.46 0.4 0.43 1.345 0.648 0.52 0.37 0.46 0.2 0.52 0.58 0.42 0.43 0.45 0.56 0.58 0.3 0.54 0.56 0.637 0.33 0.4 0.38 0.45 0.43 0.38 0.38 0.4 0.4 0.59 0.53 0.56 0.4 0.481 1.46 0.37 0.55 0.37 0.42 0.54 0.4 0.4 0.32 0.1 0.25 0.42 0.68 0.58 1.46 0.4 0.5 1.248 1.483 0.4 1.05 0.58 0.25 0.41 0.3 0.42 0.65 0.1 0.4 0.37 0.46 0.41 0.54 1.248 0.53 0.4 0.476 0.55 0.25 1.345 0.23 0.46 0.47 0.4 1.345 0.53 0.52 0.59 0.4 0.33 0.52 0.4 0.58 0.46 0.47 0.54 0.26 0.47 0.45 0.47 0.39 0.636 0.59 0.5 0.23 0.52 0.4 0.11 0.762 0.48 0.59 0.45 0.36 0.4 1.05 0.4 0.4 0.46 0.53 0.5 0.55 0.43 0.4 1.67 0.637 0.59 0.51 0.3 0.56 0.54 1.46 0.42 0.3 0.2 0.5 0.33 0.45 0.47 0.53 0.41 0.54 0.46 0.4 0.43 0.301 0.3 0.47 0.4 0.4 0.54 0.17 0.55 0.54 0.58 0.485 0.47 0.42 0.59 0.47 1.248 0.635 1.05 0.4 0.5 0.4 0.4 0.43 0.4 0.52 1.483 0.724 0.54 0.901 0.33 0.58 0.4 0.59 0.5 0.4 0.4 1.38 0.54 0.5 0.56 1.46 0.45 0.56 0.4 0.49 0.58 1.345 0.36 0.19 0.476 0.43 0.5 1.43 0.25 0.39 0.46 0.3 0.47 0.377 0.37 0.1 0.37 0.4 0.6 0.68 0.4 0.3 0.65 0.48 0.4 0.39 0.5 0.32 0.68 0.31 0.37 0.485 0.65 0.59 0.45 0.901 0.648 0.56 0.41 0.17 0.3 0.4 0.23 0.37 1.345 0.46 0.43 1.4 0.5 0.5 0.38 0.4 0.5 1.483 0.43 0.47 0.22 0.52 0.6 0.47 0.65 0.54 0.55 0.686 0.4 0.635 0.45 0.23 0.53 0.27 0.37 0.48 0.25 0.762 0.47 0.14 0.22 1.66 0.25 0.46 0.4 0.36 0.54 0.4 0.65 0.41 0.55 0.27 1.05 0.1 0.45 0.377 0.19 0.56 0.47 0.3 0.58 0.46 0.48 0.68 0.56 0.34 0.4 0.47 0.23 0.48 0.41 1.67 0.32 0.2 0.65 0.36 0.56 0.22 0.54 0.27 0.42 0.637 0.5 0.55 0.47 0.71 0.54 0.4 0.22 0.46 0.53 0.56 0.7 0.7 0.42 0.53 0.56 1.345 1.345 0.4 0.47 0.55 0.45 0.37 0.636 0.09 0.54 0.14 0.48 0.58 0.71 0.38 0.42 0.59 0.22 1.483 0.45 0.724 0.52 0.4 0.42 0.465 0.54 0.47 0.4 0.11 0.33 0.37 0.37 0.31 1.483 0.49 0.45 0.53 0.5 1.345 0.41 0.58 0.33 1.483 0.5 0.59 0.481 0.36 0.36 1.248 0.46 0.11 0.46 0.5 1.483 0.5 0.58 0.59 0.5 0.1 0.27 0.7 0.23 0.55 0.4 0.56 1.345 0.45 0.636 0.09 0.6 0.4 0.3 1.05 0.4 0.4 0.7 0.46 0.65 0.58 0.762 0.4 0.301 0.4 0.58 0.5 0.54 0.476 0.3 0.54 0.42 0.901 0.4 0.58 0.53 0.26 0.23 0.58 0.48 0.58 0.27 0.45 1.49 0.465 0.5 0.41 0.43 1.345 0.55 0.22 0.46 0.36 0.42 0.377 0.33 0.901 0.51 0.4
Dot Production Prediction of Lab Growth Rates:
0.347513 0.328797 0.336712 1.11509 0.504185 0.392092 0.708745 0.412221 0.402932 0.383531 0.416253 0.54335 0.708118 0.355668 0.315401 0.538262 0.544689 0.479339 0.347588 0.360496 0.399997 0.716286 0.522589 0.462454 0.341023 0.591715 1.28243 0.905483 0.535762 0.716543 0.544881 0.373413 0.302762 0.336342 0.475627 0.617003 0.316754 1.24901 0.476365 0.404324 0.481902 0.547188 0.541426 0.395126 0.652204 0.343757 0.364158 0.843281 0.40261 0.383061 0.316969 0.403812 0.366126 0.326176 0.404471 0.349964 0.492826 0.341202 0.308095 0.927258 0.472915 0.406262 0.380406 1.25695 0.699129 0.374894 0.35199 1.21991 0.32841 1.24538 0.552593 0.347662 0.546365 1.63808 0.325725 0.424449 0.698719 0.719417 0.512828 0.609201 0.407052 0.387664 0.302712 0.351672 1.44244 0.477223 0.401735 1.34434 1.6732 0.356087 0.328852 0.403012 1.38187 0.369703 0.53827 0.47725 0.29829 0.549686 0.540866 0.371603 0.715341 0.543705 0.473862 0.312874 0.368521 0.295364 0.463454 0.392454 1.28086 0.709414 0.3761 0.355451 0.649348 0.312778 0.376203 0.296237 0.316008 0.306523 0.311042 0.331299 1.25916 0.355963 0.372877 0.393936 0.51032 0.784474 0.470151 0.405656 0.316162 1.61533 0.550028 0.446115 0.334489 0.402225 0.396068 0.340471 0.417875 0.902728 0.343377 0.512458 0.338905 0.353692 1.23021 0.511763 0.342582 0.548515 0.42195 0.372481 0.337046 0.369579 0.320931 0.400994 0.366769 0.311488 0.510187 0.465063 0.40514 0.388125 1.30834 0.70106 0.348964 0.416841 0.350769 0.385833 0.370389 0.473626 0.582488 0.345428 1.58994 0.537776 0.464341 0.294767 0.375611 0.546378 0.707513 0.355939 0.404118 0.304852 1.59926 0.350066 0.298506 0.347904 0.406669 0.398306 0.31219 0.528501 0.550569 0.398742 0.510532 1.56447 0.405925 0.549278 0.388815 0.326898 0.538903 0.398063 0.403923 0.309715 0.345931 0.353013 0.327354 0.348208 0.47347 1.00608 0.399777 0.371714 0.851839 1.22678 0.404437 1.05033 0.453642 1.6361 0.371552 0.508307 0.31589 0.657924 0.976823 0.399293 0.40572 0.460016 0.508335 0.458452 0.84249 0.400073 0.394003 0.514131 0.461891 0.309649 1.26981 0.546628 0.469615 0.374396 0.395206 1.25525 0.325583 0.355671 0.550082 0.403596 0.334898 0.36941 0.399942 0.375752 0.457702 0.37011 0.549831 0.432213 0.365029 0.389104 0.356337 0.326753 0.711782 0.351555 0.793855 0.540728 0.344826 0.399006 0.330562 0.786211 0.347672 0.554588 1.58711 0.38063 0.400027 1.04999 0.404116 0.404353 0.401774 0.548537 0.544275 0.549587 0.458147 0.401521 1.65692 0.703474 0.329056 0.387904 0.345799 0.543681 0.557001 1.01247 0.330807 0.374487 0.375024 0.763394 0.431682 1.60863 0.345988 0.524308 0.511407 0.339913 0.300961 0.39519 0.418145 0.503731 0.505407 0.449957 0.402174 0.402841 0.450159 0.298014 0.470522 0.36198 0.345573 0.51104 0.356144 0.334917 0.554188 0.368464 0.839012 0.705849 1.61038 0.404333 0.752916 0.397527 0.401648 0.349803 0.322948 0.34892 1.27306 0.709946 0.540014 0.819924 0.321007 0.474544 0.402601 0.548969 0.466137 0.402047 0.400196 1.32644 0.399773 0.331857 0.539174 1.0037 0.377978 0.473799 0.398951 0.404132 0.383073 1.24049 0.403344 0.312511 0.514248 0.4333 0.47107 1.41494 0.895751 0.338155 0.458612 0.545214 0.468048 0.5029 0.427725 0.979383 0.418913 0.403642 0.529405 0.343153 0.402258 0.300742 0.648468 0.33661 0.402313 0.304244 0.743999 0.336909 0.345107 0.611607 0.407552 0.50985 0.626368 0.348315 0.331521 0.904037 0.702951 0.479832 0.326158 0.312984 0.555926 0.403595 0.425734 0.401849 1.24678 0.525197 0.38986 1.43885 0.328317 0.767174 0.31319 0.394196 0.344669 1.27084 0.351551 0.38929 0.478847 0.37927 0.524995 0.359536 0.643205 0.361098 0.548604 0.716443 0.388468 0.708657 0.346446 0.426915 0.353864 0.320319 0.397028 0.29492 0.50475 0.773159 0.46555 0.139833 0.390759 1.66 0.34612 0.323134 0.400948 0.327687 0.549797 0.399699 0.675011 0.394978 0.451608 0.585416 0.989508 1.52949 0.361672 0.502626 0.313983 0.459953 0.366384 0.426605 0.461567 0.47125 0.278834 0.346907 0.543919 0.332875 0.389862 0.342363 0.547447 0.313482 0.401632 1.41631 0.320205 0.349442 0.678818 0.34185 0.540806 0.416431 0.307121 0.366293 0.345255 0.703005 0.772839 0.547732 0.418872 0.713969 0.449245 0.401612 0.472838 0.31376 0.517368 0.539622 0.713756 0.698441 0.616832 0.306088 0.46268 1.26208 1.30835 0.401311 0.349658 0.47662 1.69079 0.423142 0.712676 0.347618 0.472429 0.141272 0.312595 0.461854 0.709356 0.346129 0.343515 0.549254 0.47365 1.26096 0.335397 0.713464 0.366447 0.400039 0.35232 0.51412 0.548884 0.405963 0.401631 0.379473 0.35332 0.559048 0.412673 0.60353 1.25175 0.36981 0.390008 0.528298 0.538469 1.27832 0.511632 0.294522 0.32096 1.2438 0.79274 0.321058 0.511453 0.345007 0.362638 0.842189 0.486716 0.359628 0.440812 0.536549 1.24009 0.341173 0.335555 0.553855 0.480399 0.43226 0.286407 0.701769 0.426627 0.468527 0.402874 0.463452 1.26195 1.64016 0.709964 0.452738 0.526536 0.402477 0.312656 1.05003 0.395789 0.395612 0.69998 0.443253 0.649995 0.477072 0.780181 0.39933 0.504128 0.397145 0.309708 0.37856 0.355396 0.518739 0.510651 0.300627 0.332305 0.901 0.401911 0.371756 0.535725 0.55345 0.545167 0.479079 0.350196 0.362394 0.354346 1.66134 1.66134 0.512549 0.46826 0.35042 0.390954 1.23624 0.460834 0.475753 0.385193 0.332717 0.316634 0.500494 0.484483 0.900846 0.40109 0.332299
Testing:
Lab Growth Rates:
0.5
Dot Production Prediction of Lab Growth Rates:
0.826754
Best performance so far: 
Obj: 4.67573e-310Rho: 2.26291e-314Diff: 4.67573e-310
Anneal again with the best G and E so far as input
Cycle 2Round 1
Iter 500000 pBad 0.822048 T 0.00113976 Obj 1.04768 Rho 0 GRdif 27.3866 success 114646 failure 11327 obj_new 1.04768 SA_pAcc 0.926634 Delta -0.0273606 SA_r 0.632962 freedomratio 0.278805
Iter 1000000 pBad 0.727727 T 0.000332555 Obj 1.03168 Rho 0 GRdif 18.339 success 225770 failure 29833 obj_new 1.03168 SA_pAcc 1.02741 Delta 0.00510003 SA_r 0.281572 freedomratio 0.272601
Iter 1500000 pBad 0.659785 T 9.70321e-05 Obj 1.02588 Rho 0 GRdif 15.0249 success 335154 failure 52987 obj_new 1.02588 SA_pAcc 1 Delta -0.0439288 SA_r 0.891608 freedomratio 0.269478
Iter 2000000 pBad 0.613038 T 2.83118e-05 Obj 1.02155 Rho 0 GRdif 12.5442 success 442262 failure 81375 obj_new 1.02156 SA_pAcc 0.716363 Delta -0.0544246 SA_r 0.834402 freedomratio 0.273488
Iter 2500000 pBad 0.46499 T 8.26073e-06 Obj 1.01718 Rho 0 GRdif 10.0174 success 545465 failure 119848 obj_new 1.01718 SA_pAcc 1 Delta 0.0458608 SA_r 0.788264 freedomratio 0.270221
Iter 3000000 pBad 0.281078 T 2.41029e-06 Obj 1.01346 Rho 0 GRdif 7.86349 success 638353 failure 177543 obj_new 1.01346 SA_pAcc 1.10189 Delta 0.026291 SA_r 0.526209 freedomratio 0.252361
Iter 3500000 pBad 0.246315 T 7.03269e-07 Obj 1.01041 Rho 0 GRdif 6.09112 success 717449 failure 267784 obj_new 1.01041 SA_pAcc 0.52875 Delta -0.00657453 SA_r 0.697234 freedomratio 0.250213
Iter 4000000 pBad 0.113848 T 2.05198e-07 Obj 1.00944 Rho 0 GRdif 5.58888 success 780440 failure 397690 obj_new 1.00955 SA_pAcc 5.43657e-235 Delta -0.000928821 SA_r 0.875261 freedomratio 0.22924
Iter 4500000 pBad 0.0737276 T 5.98721e-08 Obj 1.00886 Rho 0 GRdif 5.18993 success 826033 failure 580637 obj_new 1.00887 SA_pAcc 6.90596e-05 Delta 0.0072208 SA_r 0.453387 freedomratio 0.204878
Iter 5000000 pBad 0.0409687 T 1.74693e-08 Obj 1.00853 Rho 0 GRdif 4.99605 success 858728 failure 815162 obj_new 1.00853 SA_pAcc 1 Delta 0.000205911 SA_r 0.675911 freedomratio 0.182609
Iter 5500000 pBad 0.0121148 T 5.09715e-09 Obj 1.00841 Rho 0 GRdif 4.92333 success 878379 failure 1102343 obj_new 1.00841 SA_pAcc 1 Delta -0.00048978 SA_r 0.931518 freedomratio 0.166431
Iter 6000000 pBad 0.00825468 T 1.48723e-09 Obj 1.00837 Rho 0 GRdif 4.89919 success 890367 failure 1427026 obj_new 1.00837 SA_pAcc 1 Delta -0.00051776 SA_r 0.767433 freedomratio 0.157472
Iter 6500000 pBad 0.00723717 T 4.33941e-10 Obj 1.00835 Rho 0 GRdif 4.89012 success 897030 failure 1774042 obj_new 1.00835 SA_pAcc 0.0201237 Delta 0.000173689 SA_r 0.743936 freedomratio 0.154534
Iter 7000000 pBad 0.00232213 T 1.26614e-10 Obj 1.00834 Rho 0 GRdif 4.88456 success 901796 failure 2134894 obj_new 1.00834 SA_pAcc 0 Delta -6.61333e-05 SA_r 0.574134 freedomratio 0.150499
Iter 7500000 pBad 0.000521489 T 3.69431e-11 Obj 1.00834 Rho 0 GRdif 4.88176 success 904022 failure 2504467 obj_new 1.00834 SA_pAcc 9.46543e-28 Delta -2.5333e-05 SA_r 0.0102735 freedomratio 0.149314
Iter 8000000 pBad 0.00132726 T 1.07792e-11 Obj 1.00834 Rho 0 GRdif 4.88072 success 905659 failure 2877521 obj_new 1.00834 SA_pAcc 0 Delta -8.90251e-05 SA_r 0.910269 freedomratio 0.148111
Iter 8500000 pBad 0.000254771 T 3.14512e-12 Obj 1.00833 Rho 0 GRdif 4.8852 success 906894 failure 3253505 obj_new 1.00834 SA_pAcc 0 Delta -4.31164e-06 SA_r 0.599771 freedomratio 0.147702
Iter 9000000 pBad 3.97901e-05 T 9.17673e-13 Obj 1.00833 Rho 0 GRdif 4.87932 success 908890 failure 3627259 obj_new 1.00833 SA_pAcc 1 Delta 4.15454e-07 SA_r 0.00241645 freedomratio 0.147295
Iter 9500000 pBad 3.93772e-22 T 2.67756e-13 Obj 1.00833 Rho 0 GRdif 4.8789 success 911113 failure 3993754 obj_new 1.00833 SA_pAcc 1 Delta 3.63483e-23 SA_r 0.0436818 freedomratio 0.14138
Good enough
iter 9.49199e+06 obj1.00833 rho 0 GRdif 4.8789
Training:
Lab Growth Rates:
0.68 0.59 0.47 0.1 0.301 0.53 0.71 0.37 0.5 0.47 0.17 0.6 0.635 0.36 0.39 0.53 0.56 0.5 0.5 0.5 0.4 0.724 0.3 0.54 0.25 0.42 1.345 0.901 0.56 0.686 0.59 0.54 0.3 0.5 0.5 0.617 0.5 1.483 0.53 0.37 0.58 0.5 0.23 0.43 0.65 0.46 0.52 1.248 0.4 0.52 0.42 0.4 0.54 0.54 0.36 0.22 0.33 0.42 0.39 0.1 0.58 0.4 0.52 1.483 0.648 0.42 0.47 0.1 0.45 1.483 0.55 0.52 0.56 1.66 0.33 0.46 0.5 0.5 0.485 0.31 0.4 0.53 0.19 0.54 1.43 0.22 0.4 1.35 1.42 0.54 0.59 0.4 1.03 0.59 0.25 0.56 0.42 0.5 0.23 0.46 0.5 0.56 0.58 0.45 0.43 0.53 0.54 0.4 1.483 0.686 0.09 0.26 0.65 0.42 0.49 0.37 0.59 0.47 0.48 0.34 1.345 0.54 0.54 0.45 0.465 0.762 0.3 0.4 0.5 1.44 0.55 0.46 0.45 0.4 0.4 0.41 0.1 0.901 0.47 0.46 0.48 0.47 1.483 0.481 0.47 0.54 0.51 0.37 0.45 0.27 0.34 0.4 0.58 0.39 0.485 0.46 0.4 0.43 1.345 0.648 0.52 0.37 0.46 0.2 0.52 0.58 0.42 0.43 0.45 0.56 0.58 0.3 0.54 0.56 0.637 0.33 0.4 0.38 0.45 0.43 0.38 0.38 0.4 0.4 0.59 0.53 0.56 0.4 0.481 1.46 0.37 0.55 0.37 0.42 0.54 0.4 0.4 0.32 0.1 0.25 0.42 0.68 0.58 1.46 0.4 0.5 1.248 1.483 0.4 1.05 0.58 0.25 0.41 0.3 0.42 0.65 0.1 0.4 0.37 0.46 0.41 0.54 1.248 0.53 0.4 0.476 0.55 0.25 1.345 0.23 0.46 0.47 0.4 1.345 0.53 0.52 0.59 0.4 0.33 0.52 0.4 0.58 0.46 0.47 0.54 0.26 0.47 0.45 0.47 0.39 0.636 0.59 0.5 0.23 0.52 0.4 0.11 0.762 0.48 0.59 0.45 0.36 0.4 1.05 0.4 0.4 0.46 0.53 0.5 0.55 0.43 0.4 1.67 0.637 0.59 0.51 0.3 0.56 0.54 1.46 0.42 0.3 0.2 0.5 0.33 0.45 0.47 0.53 0.41 0.54 0.46 0.4 0.43 0.301 0.3 0.47 0.4 0.4 0.54 0.17 0.55 0.54 0.58 0.485 0.47 0.42 0.59 0.47 1.248 0.635 1.05 0.4 0.5 0.4 0.4 0.43 0.4 0.52 1.483 0.724 0.54 0.901 0.33 0.58 0.4 0.59 0.5 0.4 0.4 1.38 0.54 0.5 0.56 1.46 0.45 0.56 0.4 0.49 0.58 1.345 0.36 0.19 0.476 0.43 0.5 1.43 0.25 0.39 0.46 0.3 0.47 0.377 0.37 0.1 0.37 0.4 0.6 0.68 0.4 0.3 0.65 0.48 0.4 0.39 0.5 0.32 0.68 0.31 0.37 0.485 0.65 0.59 0.45 0.901 0.648 0.56 0.41 0.17 0.3 0.4 0.23 0.37 1.345 0.46 0.43 1.4 0.5 0.5 0.38 0.4 0.5 1.483 0.43 0.47 0.22 0.52 0.6 0.47 0.65 0.54 0.55 0.686 0.4 0.635 0.45 0.23 0.53 0.27 0.37 0.48 0.25 0.762 0.47 0.14 0.22 1.66 0.25 0.46 0.4 0.36 0.54 0.4 0.65 0.41 0.55 0.27 1.05 0.1 0.45 0.377 0.19 0.56 0.47 0.3 0.58 0.46 0.48 0.68 0.56 0.34 0.4 0.47 0.23 0.48 0.41 1.67 0.32 0.2 0.65 0.36 0.56 0.22 0.54 0.27 0.42 0.637 0.5 0.55 0.47 0.71 0.54 0.4 0.22 0.46 0.53 0.56 0.7 0.7 0.42 0.53 0.56 1.345 1.345 0.4 0.47 0.55 0.45 0.37 0.636 0.09 0.54 0.14 0.48 0.58 0.71 0.38 0.42 0.59 0.22 1.483 0.45 0.724 0.52 0.4 0.42 0.465 0.54 0.47 0.4 0.11 0.33 0.37 0.37 0.31 1.483 0.49 0.45 0.53 0.5 1.345 0.41 0.58 0.33 1.483 0.5 0.59 0.481 0.36 0.36 1.248 0.46 0.11 0.46 0.5 1.483 0.5 0.58 0.59 0.5 0.1 0.27 0.7 0.23 0.55 0.4 0.56 1.345 0.45 0.636 0.09 0.6 0.4 0.3 1.05 0.4 0.4 0.7 0.46 0.65 0.58 0.762 0.4 0.301 0.4 0.58 0.5 0.54 0.476 0.3 0.54 0.42 0.901 0.4 0.58 0.53 0.26 0.23 0.58 0.48 0.58 0.27 0.45 1.49 0.465 0.5 0.41 0.43 1.345 0.55 0.22 0.46 0.36 0.42 0.377 0.33 0.901 0.51 0.4
Dot Production Prediction of Lab Growth Rates:
0.344695 0.32901 0.323518 1.54555 0.578028 0.44046 0.686605 0.415276 0.443118 0.398694 0.428247 0.597853 0.689587 0.357773 0.313594 0.545504 0.545535 0.489376 0.365141 0.380608 0.398035 0.698079 0.58089 0.473328 0.364196 0.569868 1.34446 0.906311 0.53503 0.697263 0.54153 0.387676 0.300084 0.33504 0.488009 0.667774 0.307711 1.32972 0.467817 0.408174 0.490453 0.55043 0.544269 0.369534 0.647617 0.339503 0.383962 0.832688 0.402908 0.39027 0.310336 0.402065 0.386346 0.340065 0.42574 0.358841 0.524542 0.361235 0.300932 0.98874 0.467791 0.403409 0.369568 1.33104 0.683724 0.402978 0.361788 1.60685 0.3334 1.29908 0.545974 0.346889 0.549132 1.50665 0.321758 0.391961 0.753153 0.751988 0.57613 0.567202 0.409009 0.411111 0.289158 0.353156 1.18313 0.480215 0.398483 1.09922 1.49633 0.381498 0.343436 0.404963 1.26486 0.382754 0.533695 0.481467 0.294857 0.543377 0.538164 0.357747 0.797363 0.547411 0.475893 0.31222 0.369957 0.280574 0.470967 0.378276 1.35167 0.695704 0.390101 0.399269 0.65079 0.327367 0.399126 0.298192 0.317132 0.307987 0.317474 0.345962 1.34167 0.387111 0.380585 0.427051 0.570954 0.768052 0.536273 0.403374 0.335668 1.48885 0.544379 0.427415 0.358354 0.401223 0.396177 0.369842 0.45399 0.900871 0.378094 0.522027 0.332463 0.340038 1.30851 0.561401 0.340562 0.558588 0.422751 0.413512 0.378178 0.372561 0.327143 0.401423 0.357887 0.325757 0.561297 0.47399 0.407656 0.387221 1.35493 0.690756 0.354155 0.420603 0.346389 0.38885 0.401465 0.481684 0.593717 0.345059 1.41315 0.551079 0.473835 0.296033 0.399671 0.548935 0.689234 0.36079 0.401657 0.301803 1.42668 0.349797 0.29695 0.378383 0.406603 0.398884 0.314227 0.532483 0.549847 0.393325 0.56225 1.42711 0.408473 0.55989 0.421177 0.318938 0.545471 0.390911 0.403802 0.320725 0.333861 0.369027 0.357784 0.34519 0.477831 1.03104 0.397892 0.402368 0.840478 1.29316 0.40499 1.05021 0.458473 1.47131 0.410702 0.542856 0.30962 0.657627 1.39385 0.395126 0.411239 0.457898 0.574619 0.465022 0.833857 0.437177 0.383468 0.57157 0.471413 0.306974 1.31231 0.541698 0.462789 0.40108 0.394801 1.2952 0.333342 0.370908 0.539911 0.403515 0.329952 0.391724 0.398031 0.40791 0.452109 0.429841 0.533413 0.453993 0.364295 0.406569 0.384599 0.350152 0.699836 0.345317 0.863345 0.54004 0.342384 0.398472 0.331413 0.777435 0.364148 0.553707 1.42291 0.390535 0.398209 1.05021 0.404808 0.402854 0.419762 0.549466 0.55333 0.549947 0.434969 0.401279 1.49512 0.689275 0.326318 0.386745 0.363462 0.540695 0.548975 1.04195 0.348226 0.390797 0.387029 0.832653 0.467212 1.43054 0.387941 0.532561 0.571067 0.34057 0.292567 0.396383 0.440735 0.576856 0.550652 0.467648 0.400729 0.403363 0.464848 0.307692 0.474352 0.382986 0.355861 0.572654 0.367807 0.348658 0.545886 0.42908 0.830802 0.689249 1.40111 0.404061 0.813074 0.390246 0.399927 0.368714 0.298916 0.371607 1.35261 0.695489 0.535343 0.803675 0.313864 0.481766 0.400874 0.540053 0.474581 0.400505 0.3958 1.26193 0.406719 0.327689 0.539205 1.05632 0.385138 0.476101 0.393847 0.412097 0.382791 1.2958 0.423496 0.296139 0.574443 0.42311 0.481335 1.16585 0.988136 0.340109 0.460064 0.596989 0.475575 0.569193 0.456281 1.40547 0.423345 0.404972 0.567656 0.341699 0.399567 0.294649 0.650081 0.350554 0.398888 0.31416 0.792384 0.356195 0.341352 0.578429 0.412115 0.56399 0.622165 0.365804 0.363969 0.90573 0.690119 0.484627 0.33326 0.303983 0.596003 0.401586 0.425248 0.40339 1.3147 0.536988 0.411486 1.39986 0.360782 0.80618 0.300417 0.381965 0.316597 1.31744 0.348309 0.397641 0.477402 0.373668 0.579967 0.368826 0.641134 0.367988 0.555914 0.699021 0.37712 0.690512 0.368546 0.426779 0.381862 0.342243 0.403175 0.274382 0.49579 0.759675 0.468216 0.304526 0.387065 1.50882 0.366514 0.328381 0.401017 0.327185 0.54006 0.394946 0.664646 0.378921 0.456861 0.581591 1.05021 1.40853 0.367778 0.572964 0.282977 0.471913 0.394298 0.467886 0.470612 0.463848 0.271376 0.346116 0.538879 0.338168 0.379702 0.333201 0.545384 0.304133 0.397671 1.36277 0.320225 0.370297 0.674313 0.342642 0.549039 0.4467 0.314046 0.39026 0.369088 0.68172 0.838735 0.548515 0.410364 0.698611 0.460856 0.4037 0.480671 0.304584 0.520841 0.544296 0.761015 0.746657 0.590969 0.325277 0.474948 1.32369 1.36687 0.405531 0.342454 0.478343 1.49789 0.428694 0.701849 0.348053 0.480197 0.29887 0.313509 0.474545 0.690495 0.380448 0.358607 0.558243 0.479409 1.30845 0.334056 0.699953 0.369063 0.399617 0.359882 0.576257 0.533741 0.408229 0.400721 0.389329 0.351597 0.541606 0.421256 0.567233 1.32232 0.395664 0.413936 0.52979 0.528281 1.34695 0.571418 0.278092 0.323544 1.30356 0.803991 0.314772 0.569069 0.348235 0.357987 0.830519 0.524222 0.365267 0.418781 0.526862 1.2877 0.334311 0.349436 0.55448 0.495089 0.460554 0.288034 0.755923 0.426081 0.473753 0.402346 0.473974 1.34727 1.47038 0.697149 0.45742 0.589442 0.402566 0.320595 1.05509 0.391368 0.38692 0.746322 0.445087 0.648351 0.482571 0.765335 0.392942 0.579574 0.393766 0.311565 0.367616 0.366237 0.577508 0.559241 0.295323 0.339973 0.901157 0.39899 0.392019 0.536601 0.569975 0.544148 0.484535 0.335975 0.368118 0.357783 1.49833 1.49833 0.577574 0.476128 0.339297 0.415089 1.31163 0.474515 0.476319 0.381992 0.328718 0.298699 0.575383 0.505767 0.919452 0.411933 0.304613
Testing:
Lab Growth Rates:
0.5
Dot Production Prediction of Lab Growth Rates:
0.824374
Best performance so far: 
Obj: 4.67573e-310Rho: 6.5069e-314Diff: 4.67573e-310
Test:
 Lab Growth Rates:
0.5Dot Product Prediction of Growth Rate:
0.8243737