seed =  5 traits =  1 
Training: part  156 
Training: part  156 
Round  1 
 Goal of obj  0.99 
Temperature range:  0.0078125 1.5625e-14 
Cycle 1Round 1
Iter 500000 pBad 0.886506 T 0.00203162 Obj 1.15005 Rho 0 GRdif 81.9244 success 127874 failure 3803 obj_new 1.15005 SA_pAcc 0.967909 Delta -0.0266805 SA_r 0.0676124 freedomratio 0.359069
Iter 1000000 pBad 0.786433 T 0.000528317 Obj 1.04915 Rho 0 GRdif 28.1159 success 271169 failure 20216 obj_new 1.04915 SA_pAcc 1.06103 Delta 0.0751573 SA_r 0.705075 freedomratio 0.360615
Iter 1500000 pBad 0.71867 T 0.000137387 Obj 1.03229 Rho 0 GRdif 18.6249 success 410582 failure 46328 obj_new 1.03229 SA_pAcc 0.968887 Delta -0.0710072 SA_r 0.354531 freedomratio 0.371827
Iter 2000000 pBad 0.631201 T 3.57271e-05 Obj 1.02243 Rho 0 GRdif 12.9964 success 547382 failure 79054 obj_new 1.02243 SA_pAcc 1 Delta -0.0206025 SA_r 0.149845 freedomratio 0.362176
Iter 2500000 pBad 0.438315 T 9.29071e-06 Obj 1.01585 Rho 0 GRdif 9.21412 success 679510 failure 122042 obj_new 1.01585 SA_pAcc 0.773313 Delta 0.00151443 SA_r 0.935501 freedomratio 0.349225
Iter 3000000 pBad 0.359326 T 2.41602e-06 Obj 1.01157 Rho 0 GRdif 6.74327 success 799140 failure 185742 obj_new 1.01157 SA_pAcc 0.755439 Delta -0.0134698 SA_r 0.00840601 freedomratio 0.343897
Iter 3500000 pBad 0.194933 T 6.28278e-07 Obj 1.0094 Rho 0 GRdif 5.47998 success 895632 failure 298215 obj_new 1.0094 SA_pAcc 1 Delta 0.0107046 SA_r 0.992132 freedomratio 0.324654
Iter 4000000 pBad 0.0843793 T 1.63382e-07 Obj 1.00888 Rho 0 GRdif 5.18198 success 963973 failure 471382 obj_new 1.00888 SA_pAcc 4.02657e-05 Delta 0.00669794 SA_r 0.365431 freedomratio 0.28119
Iter 4500000 pBad 0.0414409 T 4.24869e-08 Obj 1.00871 Rho 0 GRdif 5.08097 success 1004586 failure 713726 obj_new 1.00871 SA_pAcc 1.47866e-18 Delta -0.000411746 SA_r 0.11773 freedomratio 0.247885
Iter 5000000 pBad 0.0170612 T 1.10486e-08 Obj 1.00864 Rho 0 GRdif 5.06529 success 1027799 failure 1009428 obj_new 1.00868 SA_pAcc 0 Delta -0.00155143 SA_r 0.218022 freedomratio 0.225645
Iter 5500000 pBad 0.00962042 T 2.87315e-09 Obj 1.00861 Rho 0 GRdif 5.03452 success 1040424 failure 1342289 obj_new 1.00863 SA_pAcc 0 Delta -0.000379465 SA_r 0.597759 freedomratio 0.20981
Iter 6000000 pBad 0.00529127 T 7.47152e-10 Obj 1.0086 Rho 0 GRdif 5.02037 success 1048113 failure 1697819 obj_new 1.0086 SA_pAcc 0 Delta -0.000224111 SA_r 0.18555 freedomratio 0.199659
Iter 6500000 pBad 0.00331508 T 1.94295e-10 Obj 1.00859 Rho 0 GRdif 5.01607 success 1052135 failure 2067859 obj_new 1.0086 SA_pAcc 0 Delta -3.69758e-05 SA_r 0.101661 freedomratio 0.195856
Iter 7000000 pBad 0.00175886 T 5.05257e-11 Obj 1.00859 Rho 0 GRdif 5.01343 success 1055113 failure 2444048 obj_new 1.00859 SA_pAcc 1.15903e-60 Delta 0.000142326 SA_r 0.551794 freedomratio 0.193463
Iter 7500000 pBad 0.000758387 T 1.3139e-11 Obj 1.00859 Rho 0 GRdif 5.01357 success 1057402 failure 2825750 obj_new 1.00859 SA_pAcc 0 Delta -1.06539e-05 SA_r 0.497096 freedomratio 0.190198
Iter 8000000 pBad 1.60155e-09 T 3.41677e-12 Obj 1.00859 Rho 0 GRdif 5.01572 success 1060673 failure 3209803 obj_new 1.0086 SA_pAcc 0 Delta 1.01758e-10 SA_r 0.645308 freedomratio 0.177307
Iter 8500000 pBad 6.21009e-28 T 8.88519e-13 Obj 1.00859 Rho 0 GRdif 5.01538 success 1063266 failure 3516571 obj_new 1.0086 SA_pAcc 0 Delta -1.80505e-29 SA_r 0.952124 freedomratio 0.174457
Iter 9000000 pBad 1.41733e-105 T 2.31057e-13 Obj 1.00859 Rho 0 GRdif 5.01192 success 1063266 failure 3822313 obj_new 1.00859 SA_pAcc 1 Delta -6.50878e-107 SA_r 0.0877397 freedomratio 0.175344
Iter 9500000 pBad 0 T 6.00855e-14 Obj 1.00859 Rho 0 GRdif 5.01246 success 1063266 failure 4135722 obj_new 1.00859 SA_pAcc 0 Delta -0 SA_r 0.398647 freedomratio 0.0971969
Iter 10000000 pBad 0 T 1.5625e-14 Obj 1.00859 Rho 0 GRdif 5.01272 success 1063266 failure 4484365 obj_new 1.00859 SA_pAcc 0 Delta -0 SA_r 0.249043 freedomratio 0.0430629
Cannot move further
iter 8.16514e+06 obj1.00859 rho 0 GRdif 5.01192
Training:
Lab Growth Rates:
0.43 0.32 0.19 0.377 0.45 0.6 0.45 0.56 0.23 0.55 0.43 0.6 0.41 0.42 0.1 0.54 0.43 0.11 0.465 0.54 0.41 0.5 0.22 0.42 0.4 0.5 0.4 0.68 0.4 0.37 0.41 0.58 0.637 0.65 0.59 0.65 1.483 0.42 0.47 1.67 0.46 0.42 1.46 0.481 0.41 0.4 1.483 1.483 0.52 0.54 1.46 0.56 0.36 0.636 0.58 0.27 0.46 0.6 0.23 0.42 0.46 0.42 1.345 0.56 0.45 0.52 0.54 0.4 0.33 0.377 0.55 0.52 0.55 0.58 0.37 0.58 0.4 0.41 0.54 0.1 0.43 0.58 0.5 1.483 0.4 0.68 0.48 0.59 0.25 0.56 0.36 0.41 0.3 0.45 0.5 1.248 1.43 0.31 0.43 0.38 0.5 0.1 1.05 0.42 0.37 0.36 0.59 0.4 0.65 0.46 0.46 0.45 0.36 1.43 0.36 0.5 0.4 0.53 0.6 0.686 0.53 0.42 0.56 0.39 0.4 0.3 0.4 0.55 0.45 0.3 0.42 0.54 0.36 0.37 0.58 0.1 0.46 0.09 0.65 0.23 0.33 0.43 0.301 0.5 1.345 1.483 0.45 0.36 0.54 0.19 0.4 0.47 0.46 0.32 0.65 0.27 0.58 1.483 0.39 0.59 0.54 0.39 0.54 0.17 0.23 0.45 0.4 1.248 0.54 0.53 1.05 0.377 1.483 1.05 1.483 0.4 0.25 0.41 0.5 1.38 1.248 0.37 0.58 0.43 0.47 0.46 0.45 0.648 0.25 0.58 0.58 0.25 0.17 0.51 0.901 0.43 0.4 0.1 0.45 0.54 0.54 0.36 0.42 0.27 0.5 0.3 1.05 0.762 0.4 0.637 0.19 0.46 0.46 0.33 0.46 0.485 0.54 0.54 0.46 0.37 0.1 0.51 0.4 0.5 0.42 0.33 0.59 0.33 0.59 0.47 0.485 0.09 0.53 0.301 0.47 1.345 0.49 0.45 0.53 1.46 0.48 0.4 0.65 0.39 0.58 0.3 0.3 0.47 0.25 0.47 0.762 0.4 0.4 0.4 0.33 1.05 0.59 0.48 0.56 0.4 0.635 1.4 0.43 0.47 0.36 0.55 0.4 0.46 0.27 0.4 0.648 0.3 0.4 0.53 0.476 0.47 0.4 0.47 0.4 0.5 0.476 0.42 0.5 1.44 0.7 0.27 0.5 0.5 1.483 0.47 0.5 0.37 0.31 0.45 0.42 0.2 0.23 0.45 0.53 0.58 0.48 0.14 0.58 0.7 0.46 0.22 0.4 0.41 0.54 0.3 0.25 0.686 1.345 0.47 1.248 0.46 0.5 0.47 0.636 0.5 0.724 0.59 0.53 0.46 0.42 0.901 0.38 0.4 0.37 0.46 0.47 0.37 0.65 0.59 0.68 0.25 0.58 0.37 0.43 0.5 1.345 0.23 0.45 0.53 0.59 0.39 0.45 0.52 0.4 0.4 0.58 0.38 1.483 0.4 0.4 1.345 0.1 0.47 0.23 0.65 0.46 0.4 0.4 0.2 0.3 0.54 0.7 0.56 1.345 0.47 0.26 0.59 0.53 0.59 0.45 1.345 0.635 1.483 0.48 0.58 0.47 0.4 0.58 0.42 0.4 0.901 0.68 0.5 0.43 0.1 1.345 0.648 0.55 0.11 0.33 0.59 0.22 0.5 0.55 0.55 0.27 0.58 0.636 0.4 0.26 0.52 0.56 0.58 0.59 0.4 0.41 1.67 0.5 0.3 0.47 0.56 0.465 0.4 0.5 1.66 0.48 0.4 0.58 0.56 0.38 0.5 0.4 0.55 0.22 0.4 0.47 0.4 0.481 0.4 0.5 0.37 0.4 0.3 0.5 0.762 0.481 0.4 0.31 0.53 0.47 0.4 0.49 0.37 0.54 0.54 0.47 1.345 0.56 0.3 0.71 0.724 0.1 0.56 0.54 1.03 0.52 0.5 0.54 0.25 0.55 0.48 0.476 0.54 0.4 0.47 0.37 0.52 0.7 0.47 0.485 0.465 1.49 0.5 0.54 0.71 0.37 0.48 0.56 0.3 1.66 0.637 0.52 0.38 0.635 0.43 0.52 0.54 0.53 0.901 0.4 0.53 0.901 0.37 0.45 0.33 0.42 0.4 0.2 0.59 0.22 0.4 0.23 0.45 0.55 0.42 0.49 0.5 0.4 0.4 0.56 0.48 0.23 1.35 0.54 0.22 0.09 0.724 0.58 0.4 1.345 0.37 0.4 0.4 0.5 0.5 1.42 0.4 1.248 0.17 0.45 0.54 0.52 0.54 0.39 0.68 0.55 0.5 0.56 0.901 0.32 0.46 1.345 0.617 0.4 0.14 0.46 0.22 0.65 0.26 0.4 0.5 0.52 0.71 0.42 0.4 0.51 0.52 0.4 0.3 1.483 0.53 0.686 0.11 0.59 0.46 0.5 0.301 0.56 1.46 0.47 0.22 0.33 0.56 0.54 0.762 0.485 0.53 0.56 0.5 0.4 0.54
Dot Production Prediction of Lab Growth Rates:
0.343813 0.351766 0.331758 0.473605 1.46848 0.384296 0.355794 0.549247 0.439388 0.551028 0.351368 0.397418 0.356158 0.583741 0.972213 0.402258 0.359751 0.335259 0.479617 0.542649 0.479207 0.540676 0.467092 0.34156 0.397803 0.55389 0.401586 0.483803 0.402132 0.424741 0.374131 0.46626 0.71131 0.678658 0.547562 0.64726 0.901082 0.355567 0.432949 1.47551 0.513785 0.339561 1.62675 0.480044 0.479081 0.39808 0.889922 0.917084 0.365554 0.371868 1.01097 0.53226 0.358913 0.715144 0.34495 0.578292 0.370057 0.385131 0.54227 0.371332 0.416636 0.344986 0.951189 0.46718 0.372956 0.383598 0.456084 0.395407 0.454391 0.475722 0.546474 0.384208 0.543979 0.464235 0.433706 0.465318 0.400888 0.381918 0.540757 0.896374 0.43131 0.463185 0.353969 0.936675 0.398702 0.48195 0.30816 0.401276 0.530377 0.46664 0.34287 0.327245 0.297296 0.34491 0.379817 0.869372 1.34545 0.54672 0.379629 0.357322 0.60763 0.443894 1.05016 0.363414 0.31676 0.327268 0.545384 0.403456 0.669502 0.440216 0.459497 1.46692 0.351063 1.32738 0.403008 0.330459 0.400902 0.29816 0.382084 0.724923 0.416701 0.308198 0.538057 0.331864 0.401007 0.344895 0.340345 0.431972 0.328382 0.365704 0.353349 0.441895 0.391639 0.433806 0.468143 1.12004 0.387363 0.338532 0.650001 0.541057 0.422549 0.46371 0.477245 0.465305 0.94302 0.912362 0.357379 0.360135 0.343154 0.3364 0.397957 0.445214 0.455948 0.315401 0.657871 0.351968 0.363159 0.925631 0.303047 0.392928 0.38512 0.334649 0.538705 0.418616 0.537677 0.385931 0.399643 0.871098 0.380819 0.538283 1.68442 0.475953 0.906466 1.05 0.91807 0.399277 1.47243 0.380624 0.326315 1.32049 0.876102 0.398467 0.356669 0.411465 0.367271 0.468203 1.44947 0.716108 0.367009 0.36202 0.463184 0.307623 0.354544 0.395871 0.901091 0.43198 0.402436 1.38862 0.385271 0.447749 0.46069 0.349122 0.382676 0.318999 0.325606 0.368789 1.05146 0.819579 0.401286 0.712796 0.343924 0.361555 0.444039 0.367424 0.309135 0.477807 0.388632 0.389878 0.464512 0.383004 0.717365 0.407963 0.400882 0.460907 0.568651 0.323289 0.317319 0.37533 0.540301 0.363486 0.478657 0.432094 0.349118 0.476767 0.35067 0.94066 0.384426 0.406043 0.348199 1.01714 0.300988 0.402106 0.656257 0.353525 0.331128 0.379406 0.368445 0.37991 0.678075 0.361746 0.823738 0.401945 0.400201 0.400257 0.324242 0.991755 0.344998 0.351561 0.543697 0.402908 0.714231 1.4886 0.369597 0.406381 0.330287 0.543503 0.401333 0.300224 0.384024 0.40153 0.710648 0.396774 0.398908 0.538991 0.480021 0.36114 0.354359 0.348576 0.39147 0.549879 0.483138 0.345107 0.468559 1.51723 0.640019 0.357584 0.364368 0.540698 0.930224 0.419839 0.464113 0.433206 0.551386 0.331096 0.335127 0.366732 0.5365 1.53017 0.50065 0.466591 0.320494 0.139906 0.456467 0.639701 0.524016 0.460862 0.402085 0.351911 0.315663 0.415781 0.515642 0.723587 0.955353 0.418159 0.872334 0.487226 0.60501 0.433176 0.721683 0.344247 0.721855 0.307641 0.390225 0.332026 0.343934 0.901 0.33552 0.39619 0.441335 0.460026 0.350274 0.547385 0.649849 0.342463 0.485613 0.352171 0.465088 0.436311 0.414652 0.621267 0.942726 0.440803 1.47795 0.530319 0.537573 0.317441 0.333872 0.379793 0.402446 0.400985 0.312993 0.363627 0.927569 0.400257 0.40216 0.91749 0.892577 0.385813 0.439967 0.637238 0.465375 0.399878 0.397686 0.413201 0.300983 0.329784 0.642977 0.546661 0.882677 0.386761 0.454825 0.351152 0.547179 0.548231 1.51275 0.90945 0.7156 0.901778 0.337243 0.464014 0.475425 0.400153 0.349566 0.347228 0.401279 0.845061 0.487086 0.517587 0.401743 0.439987 0.900294 0.713525 0.444017 0.368065 0.339167 0.546508 0.468203 0.319586 0.547583 0.544878 0.384407 0.462284 0.725078 0.397263 0.549036 0.382481 0.543715 0.387977 0.538482 0.40223 0.473156 1.48176 0.467612 0.342127 0.354176 0.470602 0.477121 0.401862 0.315503 1.66 0.313388 0.399616 0.32861 0.461602 0.323502 0.541744 0.398747 0.448032 0.363445 0.399713 0.424248 0.3998 0.478043 0.395302 0.621546 0.421962 0.399782 0.305074 0.365812 0.82723 0.47825 0.39295 0.546157 0.536723 0.352866 0.402108 0.362561 0.409969 0.339446 0.348699 0.470973 0.925978 0.463945 0.298692 0.726278 0.723432 0.393633 0.538184 0.446451 1.37536 0.372696 0.529545 0.402523 0.363402 0.447094 0.331446 0.479656 0.5448 0.397024 0.384779 0.427195 0.38727 0.643097 0.347604 0.478135 0.47834 1.53017 0.330208 0.402567 0.72245 0.424518 0.32649 0.537451 0.397672 1.63637 0.713217 0.402357 0.323399 0.716374 0.403556 0.359812 0.384584 0.383772 0.901255 0.402322 0.336344 0.905163 0.428244 0.369226 0.361511 0.348155 0.405777 0.412581 0.320002 0.378127 0.402619 0.540598 0.416728 0.451075 0.324578 0.357505 0.565056 0.398933 0.401212 0.544882 0.340476 0.535741 1.21677 0.541415 0.421669 0.374476 0.724007 0.467343 0.402067 0.964926 0.380202 0.399987 0.404323 0.609656 0.531866 1.51405 0.40167 0.870779 0.335125 1.45541 0.548257 0.372909 0.540002 0.326293 0.484276 0.44625 0.63006 0.463764 0.900976 0.324501 0.419993 0.946944 0.6168 0.396064 0.140058 0.354438 0.466925 0.631136 0.342 0.403232 0.463488 0.351183 0.721813 0.56565 0.402455 0.380993 0.355919 0.401574 0.380694 0.915318 0.526174 0.723655 0.371526 0.338461 0.436779 0.334551 0.475014 0.541577 1.00371 0.371892 0.465245 0.495161 0.530189 0.447338 0.823999 0.480404 0.526927 0.541592 0.539705 0.401713 0.348464
Testing:
Lab Growth Rates:
0.34 0.34 0.34
Dot Production Prediction of Lab Growth Rates:
0.317902 0.30978 0.335145
Best performance so far: 
Obj: 4.66674e-310Rho: 2.26291e-314Diff: 4.66674e-310
Anneal again with the best G and E so far as input
Cycle 2Round 1
Iter 500000 pBad 0.856125 T 0.00203162 Obj 1.0877 Rho 0 GRdif 49.2627 success 110524 failure 8525 obj_new 1.0877 SA_pAcc 1 Delta 0.0569552 SA_r 0.269176 freedomratio 0.267214
Iter 1000000 pBad 0.746342 T 0.000528317 Obj 1.04735 Rho 0 GRdif 27.1103 success 217642 failure 24795 obj_new 1.04735 SA_pAcc 1 Delta 0.0138065 SA_r 0.535233 freedomratio 0.258605
Iter 1500000 pBad 0.711122 T 0.000137387 Obj 1.03365 Rho 0 GRdif 19.4457 success 321774 failure 48819 obj_new 1.03374 SA_pAcc 0.511335 Delta 0.0215909 SA_r 0.8015 freedomratio 0.255895
Iter 2000000 pBad 0.604158 T 3.57271e-05 Obj 1.02264 Rho 0 GRdif 13.1181 success 423513 failure 78910 obj_new 1.02264 SA_pAcc 1.84095 Delta -0.012167 SA_r 0.936872 freedomratio 0.256343
Iter 2500000 pBad 0.407428 T 9.29071e-06 Obj 1.01782 Rho 0 GRdif 10.349 success 521302 failure 118693 obj_new 1.01782 SA_pAcc 1 Delta 0.033015 SA_r 0.22528 freedomratio 0.255226
Iter 3000000 pBad 0.324979 T 2.41602e-06 Obj 1.01519 Rho 0 GRdif 8.83348 success 611928 failure 171907 obj_new 1.01519 SA_pAcc 1 Delta 0.0234071 SA_r 0.0037142 freedomratio 0.255004
Iter 3500000 pBad 0.194714 T 6.28278e-07 Obj 1.01153 Rho 0 GRdif 6.71875 success 690366 failure 257103 obj_new 1.01153 SA_pAcc 2.85033 Delta -0.0164117 SA_r 0.136238 freedomratio 0.237535
Iter 4000000 pBad 0.119884 T 1.63382e-07 Obj 1.01026 Rho 0 GRdif 5.98483 success 757647 failure 371133 obj_new 1.01027 SA_pAcc 9.1111e-12 Delta -0.00635737 SA_r 0.671753 freedomratio 0.218575
Iter 4500000 pBad 0.0615707 T 4.24869e-08 Obj 1.00946 Rho 0 GRdif 5.51671 success 803821 failure 547526 obj_new 1.00946 SA_pAcc 1 Delta -0.00603931 SA_r 0.876666 freedomratio 0.191691
Iter 5000000 pBad 0.0347234 T 1.10486e-08 Obj 1.0092 Rho 0 GRdif 5.3658 success 829843 failure 790255 obj_new 1.0092 SA_pAcc 1 Delta -0.00048465 SA_r 0.413003 freedomratio 0.174146
Iter 5500000 pBad 0.00951054 T 2.87315e-09 Obj 1.00908 Rho 0 GRdif 5.29467 success 847040 failure 1080035 obj_new 1.00908 SA_pAcc 9.87369e-134 Delta -0.000776544 SA_r 0.532057 freedomratio 0.16068
Iter 6000000 pBad 0.00804086 T 7.47152e-10 Obj 1.00904 Rho 0 GRdif 5.27078 success 857190 failure 1402771 obj_new 1.00904 SA_pAcc 1 Delta -0.000260766 SA_r 0.0616268 freedomratio 0.15417
Iter 6500000 pBad 0.00328323 T 1.94295e-10 Obj 1.00902 Rho 0 GRdif 5.26096 success 864243 failure 1743288 obj_new 1.00902 SA_pAcc 0 Delta 0.000252104 SA_r 0.156243 freedomratio 0.149109
Iter 7000000 pBad 0.00144663 T 5.05257e-11 Obj 1.009 Rho 0 GRdif 5.25312 success 870465 failure 2097042 obj_new 1.009 SA_pAcc 1 Delta 6.14281e-05 SA_r 0.373073 freedomratio 0.144228
Iter 7500000 pBad 0.00155649 T 1.3139e-11 Obj 1.009 Rho 0 GRdif 5.26006 success 876497 failure 2460334 obj_new 1.00902 SA_pAcc 0 Delta 0.000149188 SA_r 0.450383 freedomratio 0.141889
Iter 8000000 pBad 0.000178963 T 3.41677e-12 Obj 1.009 Rho 0 GRdif 5.24834 success 881990 failure 2832854 obj_new 1.009 SA_pAcc 33.9652 Delta -5.15795e-07 SA_r 0.206093 freedomratio 0.140359
Iter 8500000 pBad 0.000579736 T 8.88519e-13 Obj 1.009 Rho 0 GRdif 5.24753 success 887980 failure 3209678 obj_new 1.009 SA_pAcc 1.87168e-21 Delta -1.10449e-05 SA_r 0.702651 freedomratio 0.137494
Iter 9000000 pBad 6.90443e-73 T 2.31057e-13 Obj 1.00899 Rho 0 GRdif 5.24718 success 892617 failure 3566629 obj_new 1.00899 SA_pAcc 0 Delta -4.40375e-75 SA_r 0.967255 freedomratio 0.132101
Iter 9500000 pBad 3.92736e-72 T 6.00855e-14 Obj 1.00899 Rho 0 GRdif 5.24709 success 892617 failure 3893513 obj_new 1.00899 SA_pAcc 1 Delta 3.20482e-73 SA_r 0.579739 freedomratio 0.130774
Good enough
iter 8.78753e+06 obj1.00899 rho 0 GRdif 5.24709
Training:
Lab Growth Rates:
0.43 0.32 0.19 0.377 0.45 0.6 0.45 0.56 0.23 0.55 0.43 0.6 0.41 0.42 0.1 0.54 0.43 0.11 0.465 0.54 0.41 0.5 0.22 0.42 0.4 0.5 0.4 0.68 0.4 0.37 0.41 0.58 0.637 0.65 0.59 0.65 1.483 0.42 0.47 1.67 0.46 0.42 1.46 0.481 0.41 0.4 1.483 1.483 0.52 0.54 1.46 0.56 0.36 0.636 0.58 0.27 0.46 0.6 0.23 0.42 0.46 0.42 1.345 0.56 0.45 0.52 0.54 0.4 0.33 0.377 0.55 0.52 0.55 0.58 0.37 0.58 0.4 0.41 0.54 0.1 0.43 0.58 0.5 1.483 0.4 0.68 0.48 0.59 0.25 0.56 0.36 0.41 0.3 0.45 0.5 1.248 1.43 0.31 0.43 0.38 0.5 0.1 1.05 0.42 0.37 0.36 0.59 0.4 0.65 0.46 0.46 0.45 0.36 1.43 0.36 0.5 0.4 0.53 0.6 0.686 0.53 0.42 0.56 0.39 0.4 0.3 0.4 0.55 0.45 0.3 0.42 0.54 0.36 0.37 0.58 0.1 0.46 0.09 0.65 0.23 0.33 0.43 0.301 0.5 1.345 1.483 0.45 0.36 0.54 0.19 0.4 0.47 0.46 0.32 0.65 0.27 0.58 1.483 0.39 0.59 0.54 0.39 0.54 0.17 0.23 0.45 0.4 1.248 0.54 0.53 1.05 0.377 1.483 1.05 1.483 0.4 0.25 0.41 0.5 1.38 1.248 0.37 0.58 0.43 0.47 0.46 0.45 0.648 0.25 0.58 0.58 0.25 0.17 0.51 0.901 0.43 0.4 0.1 0.45 0.54 0.54 0.36 0.42 0.27 0.5 0.3 1.05 0.762 0.4 0.637 0.19 0.46 0.46 0.33 0.46 0.485 0.54 0.54 0.46 0.37 0.1 0.51 0.4 0.5 0.42 0.33 0.59 0.33 0.59 0.47 0.485 0.09 0.53 0.301 0.47 1.345 0.49 0.45 0.53 1.46 0.48 0.4 0.65 0.39 0.58 0.3 0.3 0.47 0.25 0.47 0.762 0.4 0.4 0.4 0.33 1.05 0.59 0.48 0.56 0.4 0.635 1.4 0.43 0.47 0.36 0.55 0.4 0.46 0.27 0.4 0.648 0.3 0.4 0.53 0.476 0.47 0.4 0.47 0.4 0.5 0.476 0.42 0.5 1.44 0.7 0.27 0.5 0.5 1.483 0.47 0.5 0.37 0.31 0.45 0.42 0.2 0.23 0.45 0.53 0.58 0.48 0.14 0.58 0.7 0.46 0.22 0.4 0.41 0.54 0.3 0.25 0.686 1.345 0.47 1.248 0.46 0.5 0.47 0.636 0.5 0.724 0.59 0.53 0.46 0.42 0.901 0.38 0.4 0.37 0.46 0.47 0.37 0.65 0.59 0.68 0.25 0.58 0.37 0.43 0.5 1.345 0.23 0.45 0.53 0.59 0.39 0.45 0.52 0.4 0.4 0.58 0.38 1.483 0.4 0.4 1.345 0.1 0.47 0.23 0.65 0.46 0.4 0.4 0.2 0.3 0.54 0.7 0.56 1.345 0.47 0.26 0.59 0.53 0.59 0.45 1.345 0.635 1.483 0.48 0.58 0.47 0.4 0.58 0.42 0.4 0.901 0.68 0.5 0.43 0.1 1.345 0.648 0.55 0.11 0.33 0.59 0.22 0.5 0.55 0.55 0.27 0.58 0.636 0.4 0.26 0.52 0.56 0.58 0.59 0.4 0.41 1.67 0.5 0.3 0.47 0.56 0.465 0.4 0.5 1.66 0.48 0.4 0.58 0.56 0.38 0.5 0.4 0.55 0.22 0.4 0.47 0.4 0.481 0.4 0.5 0.37 0.4 0.3 0.5 0.762 0.481 0.4 0.31 0.53 0.47 0.4 0.49 0.37 0.54 0.54 0.47 1.345 0.56 0.3 0.71 0.724 0.1 0.56 0.54 1.03 0.52 0.5 0.54 0.25 0.55 0.48 0.476 0.54 0.4 0.47 0.37 0.52 0.7 0.47 0.485 0.465 1.49 0.5 0.54 0.71 0.37 0.48 0.56 0.3 1.66 0.637 0.52 0.38 0.635 0.43 0.52 0.54 0.53 0.901 0.4 0.53 0.901 0.37 0.45 0.33 0.42 0.4 0.2 0.59 0.22 0.4 0.23 0.45 0.55 0.42 0.49 0.5 0.4 0.4 0.56 0.48 0.23 1.35 0.54 0.22 0.09 0.724 0.58 0.4 1.345 0.37 0.4 0.4 0.5 0.5 1.42 0.4 1.248 0.17 0.45 0.54 0.52 0.54 0.39 0.68 0.55 0.5 0.56 0.901 0.32 0.46 1.345 0.617 0.4 0.14 0.46 0.22 0.65 0.26 0.4 0.5 0.52 0.71 0.42 0.4 0.51 0.52 0.4 0.3 1.483 0.53 0.686 0.11 0.59 0.46 0.5 0.301 0.56 1.46 0.47 0.22 0.33 0.56 0.54 0.762 0.485 0.53 0.56 0.5 0.4 0.54
Dot Production Prediction of Lab Growth Rates:
0.34582 0.351754 0.296039 0.601421 1.44252 0.629113 0.313601 0.558926 0.418029 0.565271 0.34316 0.66196 0.369699 0.591475 1.74732 0.387663 0.367592 0.333014 0.600869 0.545637 0.602356 0.556726 0.475216 0.326032 0.316524 0.583482 0.321746 0.329552 0.319232 0.396552 0.401496 0.487054 0.700055 0.681098 0.553113 0.64994 1.217 0.356118 0.400967 1.37915 0.530752 0.269643 1.46968 0.590947 0.604667 0.336679 1.18784 1.2471 0.355186 0.409124 1.0678 0.528543 0.343928 0.71226 0.376586 0.587392 0.361643 0.634393 0.544371 0.399463 0.417404 0.326969 1.28164 0.48421 0.389281 0.36405 0.463864 0.309036 0.489964 0.598186 0.549105 0.376792 0.554329 0.490644 0.410045 0.484131 0.318651 0.365064 0.53995 1.48614 0.422248 0.476664 0.378538 1.26618 0.353179 0.328648 0.312577 0.36841 0.539021 0.48613 0.320812 0.328029 0.173856 0.316115 0.43361 0.837841 1.21661 0.561663 0.323722 0.365757 0.692556 0.454013 1.05997 0.290394 0.268914 0.331806 0.551408 0.324473 0.676846 0.453909 0.460645 1.49284 0.368049 1.20231 0.419029 0.324085 0.319747 0.270646 0.651815 0.718405 0.434538 0.312867 0.543226 0.332344 0.355852 0.310718 0.298067 0.454772 0.339632 0.603603 0.355763 0.464492 0.424249 0.409282 0.472905 1.79703 0.383588 0.337367 0.649859 0.548738 0.453448 0.439954 0.608038 0.476701 1.23715 1.1991 0.364705 0.378787 0.382096 0.300703 0.314894 0.460255 0.449954 0.315669 0.659441 0.327988 0.399453 1.22244 0.306685 0.348628 0.383554 0.302839 0.551341 0.434039 0.548704 0.414429 0.353596 0.829888 0.343371 0.530022 1.44043 0.603584 1.21884 1.04979 1.20601 0.314271 1.50478 0.392921 0.344448 1.29314 0.842144 0.403264 0.34211 0.376756 0.356295 0.47501 1.46588 0.704079 0.350863 0.363576 0.465257 0.299378 0.313465 0.421389 0.900993 0.447016 0.320185 1.42759 0.35593 0.473702 0.470681 0.360214 0.345885 0.269998 0.31107 0.612526 1.0613 0.756346 0.318998 0.703619 0.307039 0.347666 0.430208 0.366865 0.306159 0.587138 0.357091 0.360769 0.464068 0.406942 0.842028 0.431755 0.343013 0.479356 0.572975 0.317176 0.330561 0.3226 0.546897 0.345555 0.595801 0.463679 0.368341 0.607653 0.28436 1.23909 0.411631 0.393863 0.316648 1.04088 0.282371 0.321457 0.659851 0.32974 0.350541 0.625954 0.596115 0.398856 0.848774 0.354325 0.762 0.358521 0.315674 0.354226 0.309397 1.05 0.304653 0.345514 0.542404 0.323027 0.704034 1.41213 0.361174 0.357073 0.319234 0.553356 0.356366 0.295422 0.394099 0.321511 0.698409 0.67054 0.313865 0.527913 0.60232 0.35046 0.303778 0.359695 0.305756 0.594578 0.602424 0.337874 0.492144 1.52034 0.740481 0.372442 0.357664 0.546689 1.23066 0.383836 0.488533 0.405628 0.585111 0.342592 0.330573 0.331663 0.542521 1.53191 0.455828 0.472337 0.269812 0.376406 0.449119 0.735465 0.544267 0.474036 0.3224 0.332449 0.269907 0.398158 0.501955 0.716604 1.25776 0.37251 0.83192 0.526799 0.665166 0.429098 0.716124 0.364158 0.717298 0.314096 0.393142 0.345163 0.339529 0.902055 0.273461 0.310615 0.451926 0.460113 0.345345 0.560164 0.642394 0.280688 0.334143 0.344044 0.468973 0.413347 0.415142 0.730345 1.2343 0.418507 1.51759 0.528964 0.548429 0.327461 0.293549 0.345612 0.320778 0.317361 0.285192 0.367573 1.2549 0.3439 0.321069 1.25609 1.45261 0.359036 0.416564 0.640226 0.465311 0.316542 0.336968 0.364536 0.173588 0.297516 0.734162 0.557158 1.21818 0.385039 0.459012 0.304454 0.550075 0.557372 1.54471 1.20952 0.707395 1.20071 0.29586 0.477393 0.464029 0.354904 0.375236 0.333563 0.318572 0.796536 0.332925 0.606296 0.380685 0.442031 1.2001 0.705081 0.475936 0.371231 0.315963 0.554598 0.484306 0.311374 0.562488 0.547796 0.37065 0.478359 0.721961 0.312878 0.55596 0.400919 0.550681 0.397807 0.546793 0.346523 0.60003 1.53598 0.493492 0.564068 0.374222 0.487293 0.59619 0.322256 0.323062 1.53237 0.278285 0.317473 0.304591 0.476455 0.277626 0.561383 0.353477 0.469032 0.342802 0.315155 0.411766 0.318894 0.593475 0.309258 0.690603 0.391907 0.340331 0.176147 0.396771 0.766069 0.588896 0.306067 0.563358 0.537259 0.328725 0.320642 0.393424 0.438201 0.334077 0.376618 0.453396 1.21813 0.478587 0.482505 0.716428 0.717935 0.325224 0.543544 0.467426 1.29079 0.387905 0.53351 0.398386 0.349568 0.47182 0.349558 0.5983 0.563557 0.347317 0.389286 0.402598 0.400065 0.729724 0.339255 0.587933 0.603821 1.53191 0.319435 0.387962 0.712205 0.395141 0.340137 0.541403 0.654382 1.50966 0.705592 0.374203 0.28712 0.707973 0.39946 0.365835 0.384462 0.423065 0.90867 0.321379 0.302831 0.905865 0.400775 0.354683 0.355451 0.346129 0.380458 0.365026 0.292019 0.405383 0.322206 0.544539 0.435939 0.467971 0.299961 0.385142 0.635779 0.317562 0.319229 0.544988 0.36055 0.541851 1.14968 0.534256 0.44043 0.387557 0.720692 0.485963 0.322954 1.29307 0.390778 0.316873 0.325965 0.698496 0.533132 1.52631 0.322858 0.831168 0.316459 1.48375 0.558912 0.376199 0.537273 0.299712 0.332352 0.471576 0.721962 0.47812 0.917276 0.32526 0.402094 1.261 0.621851 0.315702 0.383821 0.327846 0.483891 0.621893 0.364429 0.319995 0.484449 0.354336 0.708911 0.575266 0.32098 0.405051 0.341706 0.320268 0.367448 1.20499 0.527294 0.717109 0.393322 0.329307 0.427627 0.349694 0.610521 0.542916 1.04743 0.384577 0.475505 0.515693 0.532612 0.456238 0.775758 0.599619 0.526579 0.543212 0.633771 0.321821 0.32582
Testing:
Lab Growth Rates:
0.34 0.34 0.34
Dot Production Prediction of Lab Growth Rates:
0.278863 0.309921 0.314291
Best performance so far: 
Obj: 4.66674e-310Rho: 6.5069e-314Diff: 4.66674e-310
Test:
 Lab Growth Rates:
0.34 0.34 0.34Dot Product Prediction of Growth Rate:
0.2788635 0.309921 0.3142907