seed =  5 traits =  1 
Training: part  180 
Training: part  180 
Round  1 
 Goal of obj  0.99 
Temperature range:  0.00390625 3.125e-13 
Cycle 1Round 1
Iter 500000 pBad 0.838981 T 0.00122156 Obj 1.07047 Rho 0 GRdif 39.9027 success 145940 failure 11840 obj_new 1.07047 SA_pAcc 1 Delta 0.0179081 SA_r 0.352543 freedomratio 0.374441
Iter 1000000 pBad 0.793303 T 0.000382006 Obj 1.03787 Rho 0 GRdif 21.7841 success 288773 failure 30117 obj_new 1.03787 SA_pAcc 1 Delta 0.012306 SA_r 0.2315 freedomratio 0.369949
Iter 1500000 pBad 0.746 T 0.000119461 Obj 1.02858 Rho 0 GRdif 16.5363 success 430147 failure 51735 obj_new 1.02862 SA_pAcc 0.714924 Delta 0.0481561 SA_r 0.776121 freedomratio 0.365793
Iter 2000000 pBad 0.586257 T 3.73576e-05 Obj 1.02343 Rho 0 GRdif 13.5694 success 569619 failure 78609 obj_new 1.02343 SA_pAcc 1.02307 Delta 0.0141335 SA_r 0.411879 freedomratio 0.367168
Iter 2500000 pBad 0.543554 T 1.16824e-05 Obj 1.01836 Rho 0 GRdif 10.6624 success 705549 failure 111998 obj_new 1.01836 SA_pAcc 1.02383 Delta -0.0523766 SA_r 0.545895 freedomratio 0.368553
Iter 3000000 pBad 0.356464 T 3.65332e-06 Obj 1.01265 Rho 0 GRdif 7.37264 success 831809 failure 163092 obj_new 1.01266 SA_pAcc 0.0815832 Delta -0.00989954 SA_r 0.866607 freedomratio 0.345927
Iter 3500000 pBad 0.245176 T 1.14246e-06 Obj 1.00915 Rho 0 GRdif 5.33551 success 937981 failure 253985 obj_new 1.00915 SA_pAcc 1.11757 Delta -0.0191401 SA_r 0.0532214 freedomratio 0.339317
Iter 4000000 pBad 0.117177 T 3.5727e-07 Obj 1.00842 Rho 0 GRdif 4.91197 success 1017757 failure 400370 obj_new 1.00842 SA_pAcc 1 Delta -0.00354339 SA_r 0.640091 freedomratio 0.299744
Iter 4500000 pBad 0.0719007 T 1.11725e-07 Obj 1.00822 Rho 0 GRdif 4.796 success 1067056 failure 617925 obj_new 1.00822 SA_pAcc 1.57702 Delta -0.00371609 SA_r 0.262027 freedomratio 0.268561
Iter 5000000 pBad 0.0252854 T 3.49386e-08 Obj 1.00813 Rho 0 GRdif 4.7427 success 1097610 failure 889025 obj_new 1.00813 SA_pAcc 1 Delta -0.00224653 SA_r 0.0809514 freedomratio 0.23328
Iter 5500000 pBad 0.0233651 T 1.0926e-08 Obj 1.00807 Rho 0 GRdif 4.74596 success 1115826 failure 1201365 obj_new 1.00813 SA_pAcc 0 Delta -0.00164851 SA_r 0.515362 freedomratio 0.221299
Iter 6000000 pBad 0.0093963 T 3.41676e-09 Obj 1.00805 Rho 0 GRdif 4.69885 success 1127166 failure 1537997 obj_new 1.00805 SA_pAcc 1 Delta 0.00082986 SA_r 0.111922 freedomratio 0.212242
Iter 6500000 pBad 0.00459885 T 1.06849e-09 Obj 1.00804 Rho 0 GRdif 4.69496 success 1134609 failure 1891045 obj_new 1.00804 SA_pAcc 0 Delta -0.000329511 SA_r 0.0484905 freedomratio 0.202558
Iter 7000000 pBad 0.00329171 T 3.34137e-10 Obj 1.00804 Rho 0 GRdif 4.69439 success 1139163 failure 2256112 obj_new 1.00804 SA_pAcc 0 Delta -7.97381e-05 SA_r 0.589584 freedomratio 0.199795
Iter 7500000 pBad 0.00156779 T 1.04491e-10 Obj 1.00804 Rho 0 GRdif 4.6922 success 1141391 failure 2628095 obj_new 1.00804 SA_pAcc 0 Delta -1.22028e-05 SA_r 0.858597 freedomratio 0.198846
Iter 8000000 pBad 0.00143888 T 3.26763e-11 Obj 1.00804 Rho 0 GRdif 4.75452 success 1143077 failure 3003230 obj_new 1.00815 SA_pAcc 0 Delta 7.374e-05 SA_r 0.363867 freedomratio 0.19671
Iter 8500000 pBad 0.00123023 T 1.02185e-11 Obj 1.00804 Rho 0 GRdif 4.69052 success 1144571 failure 3380665 obj_new 1.00804 SA_pAcc 4.25459e-07 Delta 6.10901e-06 SA_r 0.141168 freedomratio 0.194749
Iter 9000000 pBad 0.000642913 T 3.19552e-12 Obj 1.00804 Rho 0 GRdif 4.76277 success 1146203 failure 3759330 obj_new 1.00816 SA_pAcc 0 Delta -4.1158e-05 SA_r 0.980045 freedomratio 0.194297
Iter 9500000 pBad 8.41289e-12 T 9.99301e-13 Obj 1.00804 Rho 0 GRdif 4.69057 success 1152914 failure 4109783 obj_new 1.00804 SA_pAcc 0 Delta 3.32242e-13 SA_r 0.477252 freedomratio 0.181424
Iter 10000000 pBad 6.6612e-66 T 3.12501e-13 Obj 1.00804 Rho 0 GRdif 4.69003 success 1153719 failure 4400476 obj_new 1.00804 SA_pAcc 1 Delta -4.86039e-67 SA_r 0.393732 freedomratio 0.181144
Cannot move further
iter 9.69955e+06 obj1.00804 rho 0 GRdif 4.69003
Training:
Lab Growth Rates:
0.4 0.42 0.45 0.59 0.377 0.27 0.42 1.43 0.38 0.4 0.53 0.38 0.56 0.56 0.46 0.41 0.23 0.45 0.55 1.345 0.4 0.47 0.4 1.483 0.37 0.52 0.52 0.1 0.25 0.68 0.58 0.46 0.09 0.56 1.05 0.46 0.41 0.5 0.31 0.5 0.19 0.43 0.637 0.762 0.54 0.5 0.4 0.52 0.1 0.26 0.4 0.42 0.53 0.56 0.45 0.55 0.4 0.41 1.248 0.53 0.27 0.55 0.52 0.23 0.3 1.67 0.48 0.47 0.3 0.724 0.48 0.56 0.7 0.32 0.48 0.54 0.59 0.26 0.5 0.636 0.3 0.5 0.686 0.46 0.47 0.45 0.53 0.59 0.36 1.248 0.58 0.45 0.39 0.52 0.37 0.22 0.5 0.53 0.901 0.4 0.49 0.37 0.36 0.5 0.648 0.5 0.6 0.45 0.6 0.4 0.1 0.46 0.37 0.4 0.1 0.36 0.36 1.345 0.65 0.56 0.55 0.59 0.54 0.43 0.68 0.33 0.42 0.54 0.42 0.27 0.37 0.45 0.5 1.248 0.3 1.483 0.4 0.1 0.47 1.248 0.36 0.54 1.483 1.44 0.56 0.58 0.7 0.54 0.52 0.65 0.4 0.5 0.55 0.3 0.39 0.4 0.5 1.483 0.25 0.465 0.59 1.05 0.42 0.48 0.37 1.345 0.52 0.56 0.3 0.481 0.4 0.53 0.55 0.46 0.54 0.46 0.17 0.47 0.5 0.686 0.11 1.483 0.4 0.46 0.39 0.5 0.54 0.5 0.43 0.54 0.22 0.58 0.33 0.481 0.53 0.485 0.47 0.5 0.25 0.65 1.49 0.54 0.47 0.5 0.47 0.2 0.56 0.54 0.6 0.43 0.54 0.43 0.33 0.22 0.4 0.45 0.39 0.23 0.19 1.05 0.37 0.49 0.46 0.31 0.2 0.37 0.46 0.09 0.4 0.47 0.648 0.901 0.465 0.54 0.5 0.5 0.4 0.42 0.33 0.4 0.37 0.23 0.3 0.56 0.53 1.46 0.38 0.22 1.345 0.1 0.45 0.54 0.52 0.43 0.4 0.635 1.46 0.47 0.14 0.5 0.4 0.3 1.42 0.4 0.4 0.17 0.4 0.39 0.45 0.46 1.38 0.45 0.485 0.59 0.58 0.5 0.47 1.483 0.5 0.46 0.4 0.42 0.51 0.54 0.54 1.345 0.53 0.724 0.54 0.65 0.43 0.7 0.47 0.58 0.4 0.47 0.25 0.37 0.59 0.485 0.301 0.59 0.58 0.5 0.11 0.4 0.4 0.25 0.45 0.45 0.49 0.762 0.762 0.54 0.34 0.4 0.4 0.46 0.46 1.67 0.4 0.901 1.483 1.345 0.34 0.45 0.65 0.46 0.724 0.17 0.39 0.637 0.901 0.43 0.47 0.54 0.22 0.4 0.53 0.55 0.41 0.37 0.55 1.05 1.05 0.58 0.22 0.68 0.68 0.32 0.33 0.59 0.34 0.377 0.27 0.4 0.47 0.36 0.4 0.59 0.46 0.4 0.65 0.4 0.7 0.377 0.476 0.58 0.59 0.56 0.58 0.52 0.617 0.42 0.37 0.71 0.5 0.58 0.4 0.47 0.36 0.53 0.301 0.58 0.59 0.1 0.481 0.2 0.45 0.42 0.43 0.47 0.4 1.66 0.33 0.58 0.4 0.301 0.4 0.23 1.345 0.42 0.27 0.58 0.53 0.3 0.465 0.36 0.56 0.55 0.42 0.762 0.52 0.476 0.476 1.35 0.4 0.54 0.4 0.46 0.47 0.38 0.5 0.4 0.4 0.14 0.37 0.51 0.4 0.23 0.56 0.59 0.59 0.54 0.5 0.4 1.345 0.48 0.4 0.4 0.68 0.54 0.65 0.25 0.5 0.65 0.48 0.5 0.48 0.3 1.483 0.5 0.43 0.51 0.47 0.4 0.26 0.54 0.32 0.4 1.46 0.53 0.54 0.25 0.59 0.55 0.3 0.11 0.58 0.4 0.41 0.4 0.37 0.4 1.4 0.5 0.4 1.46 0.6 0.56 0.43 0.54 0.65 0.4 0.54 0.901 0.635 0.46 0.56 0.46 0.648 0.52 0.3 0.55 0.58 0.5 0.33 0.53 0.637 0.48 0.53 0.22 0.686 0.636 0.43 0.4 1.483 0.09 0.47 0.58 0.58 1.248 0.58 0.23 0.47 0.42 0.46 0.37 0.5 0.41 0.56 0.25 1.345 0.59 0.45 0.47 0.4 1.03 0.45 0.485 0.4 0.56 0.48 0.45 0.33 1.345 0.901 0.5 0.41 0.42 0.4 0.47 0.54 0.33 0.4 0.54 0.636 0.3 0.71 0.46 0.47 0.52 0.41 0.4 0.4 0.1 0.27 1.66 1.345 1.483 0.3 0.23 1.483 0.55 0.22 0.56 0.37 1.43 0.71 0.23 0.4 0.42 0.38 0.36 0.635 0.58 0.31 0.45 0.19 1.483 0.1 0.5 1.345 0.41 0.58 0.5
Dot Production Prediction of Lab Growth Rates:
0.398413 0.337643 1.53511 0.367901 0.531461 0.58576 0.57908 1.39775 0.312268 0.400272 0.32765 0.356511 0.54618 0.532394 0.382449 0.327794 0.538302 0.372339 0.474798 1.18843 0.401481 0.353783 0.400916 1.12355 0.432981 0.395866 0.361744 0.453179 0.351723 0.478687 0.473805 0.295728 0.442558 0.54489 1.71583 0.458062 0.335269 0.336896 0.556364 0.402603 0.332125 0.434207 0.702616 0.780417 0.553095 0.358595 0.394121 0.359041 0.443775 0.454491 0.397882 0.558006 0.531061 0.53152 1.45019 0.556402 0.400273 0.340929 0.844813 0.52729 0.370829 0.469838 0.365332 0.538518 0.389943 1.51954 0.312542 0.360642 0.562019 0.72384 0.30034 0.548513 0.702749 0.323402 0.333785 0.385785 0.333753 0.355335 0.487961 0.71102 0.525553 0.373735 0.725512 0.364803 0.365454 0.357115 0.547738 0.547422 0.359672 0.844538 0.475474 0.373429 0.313282 0.392628 0.39759 0.484871 0.315314 0.514732 0.900999 0.404128 0.355394 0.39144 0.349205 0.546206 0.713244 0.83696 0.526836 1.45383 0.529884 0.403553 1.00363 0.520269 0.431245 0.387539 1.06957 0.412802 0.344099 1.16559 0.66355 0.486029 0.467859 0.341213 0.354357 0.373426 0.475905 0.326647 0.344941 0.335194 0.35858 0.328006 0.450456 0.38588 0.769669 0.850597 0.561688 1.11032 0.398321 1.1782 0.349531 0.841856 0.398316 0.544433 1.09975 1.53347 0.468522 0.387902 0.701125 0.365598 0.370256 0.649917 0.38571 0.477116 0.455327 0.519677 0.309802 0.401868 0.328773 1.14416 1.49361 0.530024 0.318196 1.05 0.35613 0.361321 0.424532 1.10128 0.376365 0.544442 0.454216 0.520535 0.400492 0.298921 0.554112 0.469258 0.472498 0.407305 0.318426 0.341916 0.746663 0.725441 0.38261 1.14861 0.399466 0.444908 0.297673 0.538301 0.365518 0.804225 0.373517 0.468886 0.48444 0.467829 0.35993 0.520338 0.524531 0.523831 0.462817 0.32699 0.313341 0.644246 1.53511 0.317058 0.413251 0.537069 0.43487 0.355964 0.46663 0.536545 0.563418 0.382639 0.475113 0.420801 0.471459 0.479641 0.400654 1.44576 0.314311 0.450492 0.319921 1.04997 0.552689 0.365239 0.437747 0.56949 0.387804 0.416149 0.539258 0.369447 0.399972 0.343089 0.711098 0.900924 0.529295 0.362202 0.473287 0.817982 0.399485 0.313711 0.498496 0.402141 0.439768 0.546366 0.496085 0.532862 0.514985 1.63637 0.306346 0.482653 1.18028 1.02476 0.389751 0.460762 0.337469 0.398065 0.315731 0.71591 1.00819 0.380219 0.139145 0.482886 0.399009 0.321474 1.56301 0.40199 0.398751 0.42307 0.40461 0.348488 0.344104 0.50461 1.34787 0.351311 0.5195 0.307825 0.352481 0.769466 0.404214 1.10284 0.816579 0.309199 0.386193 0.313367 0.388241 0.534966 0.541237 1.15784 0.409633 0.722149 0.408262 0.651927 0.363021 0.698107 0.368567 0.297415 0.401542 0.434822 0.510433 0.308496 0.545053 0.517041 0.53298 0.352491 0.360427 0.328902 0.32628 0.394777 0.403577 0.360341 0.345367 1.46926 0.383935 0.77192 0.777195 0.388665 0.332093 0.376947 0.40169 0.350798 0.330011 1.465 0.397572 0.903761 1.13036 1.15765 0.311721 1.46006 0.643088 0.417881 0.721732 0.335217 0.324843 0.70846 0.901417 0.355875 0.399142 0.363678 0.357674 0.401615 0.313587 0.55832 0.531524 0.437738 0.552066 0.991278 1.05076 0.467839 0.446008 0.477266 0.476163 0.312102 0.331174 0.553129 0.319053 0.530091 0.293832 0.388574 0.451669 0.34522 0.401168 0.37613 0.468119 0.399677 0.622454 0.401611 0.699944 0.527495 0.530142 0.351429 0.54759 0.533987 0.467041 0.389217 0.616885 0.577951 0.42876 0.720901 0.544908 0.47992 0.403236 0.382742 0.320067 0.520031 0.531404 0.338945 0.558905 0.928495 0.521212 0.403175 0.413954 0.330762 0.360327 0.352468 0.38631 1.66 0.368504 0.479095 0.388294 0.536903 0.399984 0.451093 1.10978 0.312801 0.35352 0.466483 0.392367 0.303604 0.524355 0.335686 0.474985 0.468621 0.345763 0.777838 0.35516 0.528903 0.528224 1.31846 0.397756 0.368711 0.39809 0.425951 0.355145 0.34826 0.730961 0.401494 0.387376 0.140047 0.436228 0.409971 0.395416 0.533627 0.544447 0.548932 0.543675 0.46218 0.722816 0.400468 1.12485 0.343839 0.403782 0.391872 0.478148 0.467746 0.66974 0.361456 0.814759 0.649912 0.295325 0.477755 0.315212 0.297624 1.0881 0.536244 0.411575 0.398367 0.353805 0.402642 0.557028 0.368623 0.340422 0.401001 1.00537 0.387244 0.541101 0.532306 0.322302 0.549335 0.30115 0.370574 0.479755 0.402267 0.530795 0.401325 0.42639 0.396464 1.46818 0.369503 0.40205 0.976757 0.551909 0.480612 0.403412 0.533891 0.660539 0.402064 0.301973 0.905261 0.714533 0.468021 0.469195 0.355276 0.705392 0.377846 0.525777 0.550003 0.478876 0.34689 0.33032 0.478126 0.70775 0.307607 0.36118 0.480408 0.726699 0.722085 0.454224 0.400327 1.12128 0.337462 0.349953 0.320977 0.47903 0.841865 0.348313 0.452964 0.388559 0.34837 0.459757 0.389567 0.332308 0.37373 0.543677 0.902369 1.14176 0.334707 0.33651 0.470227 0.40399 1.42809 0.315967 0.523765 0.403219 0.538052 0.3305 1.50246 0.437544 1.09044 0.823201 0.469875 0.516298 0.353643 0.40247 0.321582 0.341468 0.362083 0.39079 0.36519 0.720561 0.359216 0.728122 0.459999 0.381571 0.358843 0.372955 0.325226 0.405219 1.44447 0.372789 1.66 1.14465 1.11665 0.553616 0.549161 1.11382 0.467188 0.386256 0.539042 0.438339 1.40031 0.719992 0.539803 0.402524 0.357715 0.321766 0.333253 0.707283 0.367337 0.56256 0.343693 0.327446 1.15971 0.360857 0.316523 1.14749 0.382899 0.48203 0.839834
Testing:
Lab Growth Rates:
0.42 0.42 0.42
Dot Production Prediction of Lab Growth Rates:
0.376854 0.327712 0.330157
Best performance so far: 
Obj: 4.63984e-310Rho: 2.26291e-314Diff: 4.63984e-310
Anneal again with the best G and E so far as input
Cycle 2Round 1
Iter 500000 pBad 0.82578 T 0.00122156 Obj 1.05117 Rho 0 GRdif 29.2418 success 112091 failure 10975 obj_new 1.05117 SA_pAcc 1 Delta 0.0631112 SA_r 0.663105 freedomratio 0.268315
Iter 1000000 pBad 0.739786 T 0.000382006 Obj 1.03526 Rho 0 GRdif 20.3058 success 220948 failure 28234 obj_new 1.03526 SA_pAcc 1 Delta 0.0366493 SA_r 0.0677375 freedomratio 0.271171
Iter 1500000 pBad 0.670978 T 0.000119461 Obj 1.03027 Rho 0 GRdif 17.4764 success 328277 failure 50220 obj_new 1.03027 SA_pAcc 1 Delta -0.0379431 SA_r 0.0562193 freedomratio 0.265639
Iter 2000000 pBad 0.564277 T 3.73576e-05 Obj 1.024 Rho 0 GRdif 13.8975 success 433158 failure 78002 obj_new 1.024 SA_pAcc 1 Delta -0.048087 SA_r 0.156251 freedomratio 0.263726
Iter 2500000 pBad 0.464084 T 1.16824e-05 Obj 1.01907 Rho 0 GRdif 11.0725 success 536129 failure 110707 obj_new 1.01907 SA_pAcc 0.737883 Delta 0.0276951 SA_r 0.536767 freedomratio 0.263726
Iter 3000000 pBad 0.355894 T 3.65332e-06 Obj 1.01554 Rho 0 GRdif 9.03484 success 631875 failure 157179 obj_new 1.01554 SA_pAcc 1 Delta -0.0229448 SA_r 0.257691 freedomratio 0.260098
Iter 3500000 pBad 0.228682 T 1.14246e-06 Obj 1.01084 Rho 0 GRdif 6.31572 success 714047 failure 237702 obj_new 1.01084 SA_pAcc 1 Delta 0.00305147 SA_r 0.969814 freedomratio 0.245086
Iter 4000000 pBad 0.155069 T 3.5727e-07 Obj 1.00977 Rho 0 GRdif 5.70018 success 778950 failure 353879 obj_new 1.00977 SA_pAcc 1 Delta -0.0107042 SA_r 0.508484 freedomratio 0.233746
Iter 4500000 pBad 0.0954466 T 1.11725e-07 Obj 1.00882 Rho 0 GRdif 5.1466 success 836727 failure 496312 obj_new 1.00882 SA_pAcc 1 Delta -0.000148164 SA_r 0.475399 freedomratio 0.212396
Iter 5000000 pBad 0.0399473 T 3.49386e-08 Obj 1.00845 Rho 0 GRdif 4.93099 success 872685 failure 704315 obj_new 1.00845 SA_pAcc 1 Delta 0.00236753 SA_r 0.511962 freedomratio 0.191191
Iter 5500000 pBad 0.0201867 T 1.0926e-08 Obj 1.0083 Rho 0 GRdif 4.84297 success 894272 failure 966971 obj_new 1.0083 SA_pAcc 0.0647653 Delta 0.00179913 SA_r 0.817422 freedomratio 0.172505
Iter 6000000 pBad 0.0104768 T 3.41676e-09 Obj 1.00825 Rho 0 GRdif 4.81576 success 907266 failure 1265895 obj_new 1.00825 SA_pAcc 1 Delta 0.000532058 SA_r 0.28623 freedomratio 0.165537
Iter 6500000 pBad 0.00795547 T 1.06849e-09 Obj 1.00823 Rho 0 GRdif 4.80088 success 916085 failure 1587599 obj_new 1.00823 SA_pAcc 1.01316 Delta 0.000512098 SA_r 0.411368 freedomratio 0.15855
Iter 7000000 pBad 0.00465996 T 3.34137e-10 Obj 1.00822 Rho 0 GRdif 4.79443 success 921811 failure 1924801 obj_new 1.00822 SA_pAcc 6.28227e-173 Delta 0.000263455 SA_r 0.0479338 freedomratio 0.156059
Iter 7500000 pBad 0.00191945 T 1.04491e-10 Obj 1.00821 Rho 0 GRdif 4.81182 success 925351 failure 2271495 obj_new 1.00825 SA_pAcc 0 Delta 0.000137576 SA_r 0.809965 freedomratio 0.153604
Iter 8000000 pBad 0.00228406 T 3.26763e-11 Obj 1.00821 Rho 0 GRdif 4.78919 success 929642 failure 2623394 obj_new 1.00821 SA_pAcc 4.40423e-84 Delta -0.000127198 SA_r 0.841694 freedomratio 0.14949
Iter 8500000 pBad 0.000618163 T 1.02185e-11 Obj 1.0082 Rho 0 GRdif 4.78787 success 933417 failure 2990082 obj_new 1.0082 SA_pAcc 0 Delta -4.69715e-05 SA_r 0.377867 freedomratio 0.144299
Iter 9000000 pBad 0.00038122 T 3.19552e-12 Obj 1.0082 Rho 0 GRdif 4.78672 success 937013 failure 3365160 obj_new 1.0082 SA_pAcc 1 Delta -2.86709e-05 SA_r 0.378545 freedomratio 0.143487
Iter 9500000 pBad 5.51937e-14 T 9.99301e-13 Obj 1.0082 Rho 0 GRdif 4.78625 success 939893 failure 3725062 obj_new 1.0082 SA_pAcc 1 Delta -4.98447e-15 SA_r 0.213049 freedomratio 0.136852
Good enough
iter 9.51872e+06 obj1.0082 rho 0 GRdif 4.78625
Training:
Lab Growth Rates:
0.4 0.42 0.45 0.59 0.377 0.27 0.42 1.43 0.38 0.4 0.53 0.38 0.56 0.56 0.46 0.41 0.23 0.45 0.55 1.345 0.4 0.47 0.4 1.483 0.37 0.52 0.52 0.1 0.25 0.68 0.58 0.46 0.09 0.56 1.05 0.46 0.41 0.5 0.31 0.5 0.19 0.43 0.637 0.762 0.54 0.5 0.4 0.52 0.1 0.26 0.4 0.42 0.53 0.56 0.45 0.55 0.4 0.41 1.248 0.53 0.27 0.55 0.52 0.23 0.3 1.67 0.48 0.47 0.3 0.724 0.48 0.56 0.7 0.32 0.48 0.54 0.59 0.26 0.5 0.636 0.3 0.5 0.686 0.46 0.47 0.45 0.53 0.59 0.36 1.248 0.58 0.45 0.39 0.52 0.37 0.22 0.5 0.53 0.901 0.4 0.49 0.37 0.36 0.5 0.648 0.5 0.6 0.45 0.6 0.4 0.1 0.46 0.37 0.4 0.1 0.36 0.36 1.345 0.65 0.56 0.55 0.59 0.54 0.43 0.68 0.33 0.42 0.54 0.42 0.27 0.37 0.45 0.5 1.248 0.3 1.483 0.4 0.1 0.47 1.248 0.36 0.54 1.483 1.44 0.56 0.58 0.7 0.54 0.52 0.65 0.4 0.5 0.55 0.3 0.39 0.4 0.5 1.483 0.25 0.465 0.59 1.05 0.42 0.48 0.37 1.345 0.52 0.56 0.3 0.481 0.4 0.53 0.55 0.46 0.54 0.46 0.17 0.47 0.5 0.686 0.11 1.483 0.4 0.46 0.39 0.5 0.54 0.5 0.43 0.54 0.22 0.58 0.33 0.481 0.53 0.485 0.47 0.5 0.25 0.65 1.49 0.54 0.47 0.5 0.47 0.2 0.56 0.54 0.6 0.43 0.54 0.43 0.33 0.22 0.4 0.45 0.39 0.23 0.19 1.05 0.37 0.49 0.46 0.31 0.2 0.37 0.46 0.09 0.4 0.47 0.648 0.901 0.465 0.54 0.5 0.5 0.4 0.42 0.33 0.4 0.37 0.23 0.3 0.56 0.53 1.46 0.38 0.22 1.345 0.1 0.45 0.54 0.52 0.43 0.4 0.635 1.46 0.47 0.14 0.5 0.4 0.3 1.42 0.4 0.4 0.17 0.4 0.39 0.45 0.46 1.38 0.45 0.485 0.59 0.58 0.5 0.47 1.483 0.5 0.46 0.4 0.42 0.51 0.54 0.54 1.345 0.53 0.724 0.54 0.65 0.43 0.7 0.47 0.58 0.4 0.47 0.25 0.37 0.59 0.485 0.301 0.59 0.58 0.5 0.11 0.4 0.4 0.25 0.45 0.45 0.49 0.762 0.762 0.54 0.34 0.4 0.4 0.46 0.46 1.67 0.4 0.901 1.483 1.345 0.34 0.45 0.65 0.46 0.724 0.17 0.39 0.637 0.901 0.43 0.47 0.54 0.22 0.4 0.53 0.55 0.41 0.37 0.55 1.05 1.05 0.58 0.22 0.68 0.68 0.32 0.33 0.59 0.34 0.377 0.27 0.4 0.47 0.36 0.4 0.59 0.46 0.4 0.65 0.4 0.7 0.377 0.476 0.58 0.59 0.56 0.58 0.52 0.617 0.42 0.37 0.71 0.5 0.58 0.4 0.47 0.36 0.53 0.301 0.58 0.59 0.1 0.481 0.2 0.45 0.42 0.43 0.47 0.4 1.66 0.33 0.58 0.4 0.301 0.4 0.23 1.345 0.42 0.27 0.58 0.53 0.3 0.465 0.36 0.56 0.55 0.42 0.762 0.52 0.476 0.476 1.35 0.4 0.54 0.4 0.46 0.47 0.38 0.5 0.4 0.4 0.14 0.37 0.51 0.4 0.23 0.56 0.59 0.59 0.54 0.5 0.4 1.345 0.48 0.4 0.4 0.68 0.54 0.65 0.25 0.5 0.65 0.48 0.5 0.48 0.3 1.483 0.5 0.43 0.51 0.47 0.4 0.26 0.54 0.32 0.4 1.46 0.53 0.54 0.25 0.59 0.55 0.3 0.11 0.58 0.4 0.41 0.4 0.37 0.4 1.4 0.5 0.4 1.46 0.6 0.56 0.43 0.54 0.65 0.4 0.54 0.901 0.635 0.46 0.56 0.46 0.648 0.52 0.3 0.55 0.58 0.5 0.33 0.53 0.637 0.48 0.53 0.22 0.686 0.636 0.43 0.4 1.483 0.09 0.47 0.58 0.58 1.248 0.58 0.23 0.47 0.42 0.46 0.37 0.5 0.41 0.56 0.25 1.345 0.59 0.45 0.47 0.4 1.03 0.45 0.485 0.4 0.56 0.48 0.45 0.33 1.345 0.901 0.5 0.41 0.42 0.4 0.47 0.54 0.33 0.4 0.54 0.636 0.3 0.71 0.46 0.47 0.52 0.41 0.4 0.4 0.1 0.27 1.66 1.345 1.483 0.3 0.23 1.483 0.55 0.22 0.56 0.37 1.43 0.71 0.23 0.4 0.42 0.38 0.36 0.635 0.58 0.31 0.45 0.19 1.483 0.1 0.5 1.345 0.41 0.58 0.5
Dot Production Prediction of Lab Growth Rates:
0.396164 0.335663 1.49502 0.356332 0.530705 0.591787 0.593483 1.1591 0.301302 0.400267 0.315673 0.37533 0.555798 0.551795 0.379315 0.323251 0.554442 0.379498 0.482728 1.3826 0.402693 0.338996 0.400977 1.32482 0.423377 0.378113 0.385399 0.451533 0.352217 0.366133 0.472401 0.292747 0.446421 0.55565 1.40701 0.449132 0.339855 0.348773 0.544364 0.427992 0.304539 0.434673 0.659285 0.817091 0.553907 0.362955 0.391046 0.351314 0.443303 0.452348 0.39397 0.567007 0.538363 0.530527 1.40938 0.558394 0.399931 0.347129 0.876409 0.545945 0.386652 0.482516 0.361552 0.544813 0.375701 1.47912 0.294561 0.357718 0.603005 0.67193 0.262363 0.556284 0.703189 0.324383 0.345543 0.380267 0.34905 0.389983 0.48659 0.671205 0.542535 0.363356 0.667118 0.352228 0.386484 0.338055 0.551627 0.555492 0.378748 0.878476 0.468945 0.345745 0.306503 0.392698 0.391453 0.477507 0.321846 0.525763 0.901 0.403164 0.395619 0.415008 0.357931 0.563714 0.662253 0.803064 0.588701 1.43262 0.565356 0.402297 1.27826 0.52332 0.42183 0.386754 1.49749 0.412043 0.360004 1.34982 0.650227 0.477206 0.483055 0.320963 0.383927 0.331815 0.364049 0.322427 0.341063 0.334143 0.342674 0.327623 0.459719 0.398978 0.737141 0.884088 0.586331 1.29003 0.394728 1.53819 0.342878 0.875442 0.40362 0.555417 1.30626 1.47736 0.470498 0.386675 0.699064 0.392708 0.381362 0.623124 0.381049 0.484036 0.464509 0.548347 0.319248 0.40458 0.332384 1.35939 1.45767 0.538927 0.310939 1.06153 0.360239 0.356369 0.409507 1.323 0.390842 0.549164 0.470411 0.527731 0.400469 0.280002 0.550691 0.471022 0.476564 0.388783 0.308494 0.335686 0.704615 0.670094 0.386175 1.34216 0.400003 0.438203 0.30893 0.561313 0.402669 0.784905 0.36347 0.477411 0.475047 0.471738 0.347947 0.530199 0.535597 0.534142 0.447117 0.332147 0.308777 0.645154 1.49502 0.300645 0.38197 0.530081 0.41821 0.342402 0.470649 0.536046 0.605612 0.361939 0.482099 0.409141 0.49283 0.490868 0.399957 1.41581 0.302388 0.432671 0.300563 1.05 0.546264 0.395373 0.418863 0.571923 0.356531 0.419036 0.540973 0.383753 0.399579 0.356535 0.662029 0.901 0.533883 0.370193 0.472476 0.813663 0.398966 0.301814 0.513736 0.403772 0.430606 0.545475 0.519235 0.528708 0.519041 1.43364 0.292559 0.480069 1.39568 1.2549 0.399879 0.471765 0.348204 0.378012 0.289299 0.66508 1.03166 0.348317 0.272701 0.487767 0.398805 0.300166 1.48963 0.402311 0.395088 0.414625 0.406509 0.337372 0.375937 0.523693 1.28355 0.387374 0.528355 0.305456 0.397876 0.762159 0.40168 1.3257 0.820035 0.312947 0.384092 0.271031 0.378563 0.54073 0.535917 1.35499 0.408244 0.671598 0.384212 0.649962 0.358485 0.700275 0.364015 0.278161 0.401623 0.419271 0.487192 0.278667 0.545561 0.5261 0.538594 0.345446 0.355549 0.337226 0.33492 0.391925 0.40307 0.349977 0.307174 1.476 0.396632 0.806321 0.821828 0.382818 0.340588 0.370897 0.403848 0.330139 0.342346 1.38021 0.393021 0.902554 1.32247 1.34478 0.312051 1.42411 0.636368 0.403887 0.668472 0.302445 0.339261 0.66244 0.900949 0.346972 0.382847 0.349943 0.363937 0.401699 0.315143 0.559989 0.533644 0.430157 0.546904 1.03945 1.06345 0.470849 0.438432 0.366692 0.364938 0.319029 0.3118 0.549591 0.327856 0.529672 0.274018 0.384516 0.453512 0.33887 0.401523 0.379352 0.461205 0.40083 0.633935 0.403087 0.701746 0.533668 0.534564 0.365739 0.546628 0.544437 0.454442 0.354194 0.669627 0.578273 0.414245 0.667141 0.545858 0.479225 0.40315 0.427694 0.336872 0.522004 0.536322 0.364248 0.551033 0.965726 0.525069 0.355292 0.420373 0.288492 0.338137 0.33667 0.385331 1.51244 0.32195 0.481848 0.382583 0.538421 0.398201 0.432745 1.288 0.312653 0.355774 0.47134 0.419273 0.306628 0.530967 0.328585 0.475502 0.476531 0.341563 0.80744 0.351182 0.537478 0.531037 1.08676 0.39584 0.355464 0.398684 0.416577 0.349355 0.375009 0.743675 0.399522 0.388843 0.272923 0.427498 0.413336 0.39243 0.552071 0.549128 0.543224 0.555896 0.470717 0.696464 0.396727 1.34194 0.366349 0.404929 0.388411 0.367551 0.468705 0.657697 0.35501 0.786293 0.663024 0.27683 0.482253 0.30648 0.298645 1.26888 0.533388 0.396259 0.396937 0.372592 0.401893 0.555812 0.371531 0.366139 0.402349 1.02625 0.383002 0.536551 0.538993 0.330943 0.548769 0.3 0.366536 0.487731 0.402115 0.5346 0.399969 0.413026 0.395447 1.39992 0.390472 0.403385 1.03397 0.572053 0.476196 0.394161 0.543089 0.651513 0.40204 0.281581 0.902724 0.663939 0.46228 0.470666 0.341297 0.65446 0.356976 0.562752 0.549898 0.472656 0.362821 0.315471 0.460196 0.662701 0.315045 0.366234 0.48697 0.671284 0.674141 0.429374 0.399829 1.31895 0.348726 0.382532 0.329131 0.474062 0.873304 0.334194 0.432189 0.422042 0.339213 0.459025 0.40016 0.329508 0.36521 0.549045 0.960364 1.32455 0.298279 0.37178 0.451552 0.403104 1.28902 0.303593 0.536502 0.4002 0.548242 0.3468 1.49947 0.451396 1.31964 0.836734 0.468748 0.528425 0.349987 0.402458 0.299657 0.334406 0.347628 0.387775 0.358454 0.668597 0.347536 0.672967 0.459877 0.391084 0.353336 0.384893 0.301831 0.405466 1.37041 0.361662 1.47694 1.367 1.30327 0.580977 0.546609 1.29205 0.484758 0.385497 0.549092 0.427185 1.14636 0.662125 0.546767 0.40292 0.339854 0.279862 0.35218 0.663794 0.404318 0.55952 0.326899 0.293723 1.34545 0.323415 0.311125 1.33995 0.386166 0.480474 0.846738
Testing:
Lab Growth Rates:
0.42 0.42 0.42
Dot Production Prediction of Lab Growth Rates:
0.385358 0.342563 0.314973
Best performance so far: 
Obj: 4.63984e-310Rho: 6.5069e-314Diff: 4.63984e-310
Test:
 Lab Growth Rates:
0.42 0.42 0.42Dot Product Prediction of Growth Rate:
0.3853576 0.3425634 0.314973