seed =  5 traits =  1 
Training: part  80 
Training: part  80 
Round  1 
 Goal of obj  0.99 
Temperature range:  0.125 2e-12 
Cycle 1Round 1
Iter 500000 pBad 0.935302 T 0.0360676 Obj 1.19004 Rho 0 GRdif 101.785 success 147757 failure 1562 obj_new 1.19004 SA_pAcc 0.999738 Delta 0.015134 SA_r 0.0280088 freedomratio 0.370253
Iter 1000000 pBad 0.888496 T 0.0104069 Obj 1.04886 Rho 0 GRdif 27.9046 success 294093 failure 5682 obj_new 1.04886 SA_pAcc 1.0012 Delta 0.42223 SA_r 0.343336 freedomratio 0.364486
Iter 1500000 pBad 0.823143 T 0.00300282 Obj 1.03226 Rho 0 GRdif 18.5742 success 440011 failure 11761 obj_new 1.03226 SA_pAcc 1 Delta 0.622855 SA_r 0.921007 freedomratio 0.371665
Iter 2000000 pBad 0.797297 T 0.000866433 Obj 1.0208 Rho 0 GRdif 12.0443 success 584786 failure 20824 obj_new 1.0208 SA_pAcc 1.11593 Delta -0.121299 SA_r 0.87118 freedomratio 0.371665
Iter 2500000 pBad 0.714955 T 0.000250001 Obj 1.01589 Rho 0 GRdif 9.22474 success 726633 failure 35796 obj_new 1.01589 SA_pAcc 1.02084 Delta 0.253482 SA_r 0.0978686 freedomratio 0.362678
Iter 3000000 pBad 0.578042 T 7.21352e-05 Obj 1.01379 Rho 0 GRdif 8.01235 success 861762 failure 64959 obj_new 1.01379 SA_pAcc 1 Delta 0.00864501 SA_r 0.0862509 freedomratio 0.360888
Iter 3500000 pBad 0.345554 T 2.08139e-05 Obj 1.01122 Rho 0 GRdif 6.52848 success 980938 failure 126023 obj_new 1.01122 SA_pAcc 0.787064 Delta 0.112811 SA_r 0.296638 freedomratio 0.349254
Iter 4000000 pBad 0.234274 T 6.00564e-06 Obj 1.01009 Rho 0 GRdif 5.87458 success 1081190 failure 226071 obj_new 1.01009 SA_pAcc 0.675347 Delta -0.0935841 SA_r 0.283453 freedomratio 0.339721
Iter 4500000 pBad 0.115061 T 1.73287e-06 Obj 1.00918 Rho 0 GRdif 5.39604 success 1155205 failure 383334 obj_new 1.00927 SA_pAcc 1.47727e-21 Delta 0.0616178 SA_r 0.36408 freedomratio 0.293675
Iter 5000000 pBad 0.0597924 T 5.00001e-07 Obj 1.00879 Rho 0 GRdif 5.13923 success 1202063 failure 604535 obj_new 1.00882 SA_pAcc 6.85435e-27 Delta -0.0471794 SA_r 0.482286 freedomratio 0.267612
Iter 5500000 pBad 0.0325797 T 1.4427e-07 Obj 1.00859 Rho 0 GRdif 5.00759 success 1232452 failure 872824 obj_new 1.0086 SA_pAcc 5.59655e-07 Delta 0.0325553 SA_r 0.644338 freedomratio 0.238192
Iter 6000000 pBad 0.0181507 T 4.16278e-08 Obj 1.00841 Rho 0 GRdif 4.89758 success 1250804 failure 1181443 obj_new 1.00841 SA_pAcc 1 Delta 0.012832 SA_r 0.226232 freedomratio 0.221675
Iter 6500000 pBad 0.00686445 T 1.20113e-08 Obj 1.00833 Rho 0 GRdif 4.85153 success 1260993 failure 1521279 obj_new 1.00833 SA_pAcc 4.78377 Delta -0.000761878 SA_r 0.282005 freedomratio 0.205841
Iter 7000000 pBad 0.00295754 T 3.46573e-09 Obj 1.0083 Rho 0 GRdif 4.83465 success 1266725 failure 1880781 obj_new 1.0083 SA_pAcc 2.44506e-162 Delta 0.00142388 SA_r 0.882057 freedomratio 0.200137
Iter 7500000 pBad 0.00263198 T 1e-09 Obj 1.00828 Rho 0 GRdif 4.82671 success 1269896 failure 2250391 obj_new 1.00828 SA_pAcc 0.0566729 Delta -0.000136393 SA_r 0.948223 freedomratio 0.197169
Iter 8000000 pBad 0.00107786 T 2.88541e-10 Obj 1.00828 Rho 0 GRdif 4.82287 success 1271939 failure 2626449 obj_new 1.00828 SA_pAcc 5.18657e-54 Delta 0.000680311 SA_r 0.0363685 freedomratio 0.194159
Iter 8500000 pBad 0.00208251 T 8.32555e-11 Obj 1.00827 Rho 0 GRdif 4.90145 success 1273224 failure 3005912 obj_new 1.00841 SA_pAcc 0 Delta 0.00119127 SA_r 0.463021 freedomratio 0.193325
Iter 9000000 pBad 0.000499457 T 2.40225e-11 Obj 1.00826 Rho 0 GRdif 4.82237 success 1274479 failure 3387190 obj_new 1.00828 SA_pAcc 0 Delta 0.000102836 SA_r 0.0871038 freedomratio 0.191992
Iter 9500000 pBad 3.44067e-10 T 6.93147e-12 Obj 1.00826 Rho 0 GRdif 4.81459 success 1276105 failure 3768685 obj_new 1.00826 SA_pAcc 0 Delta -1.79126e-10 SA_r 0.4536 freedomratio 0.18708
Iter 10000000 pBad 1.11616e-20 T 2e-12 Obj 1.00826 Rho 0 GRdif 4.81277 success 1279590 failure 4130905 obj_new 1.00826 SA_pAcc 0 Delta 0 SA_r 0.0734834 freedomratio 0.186365
Cannot move further
iter 9.99894e+06 obj1.00826 rho 0 GRdif 4.81215
Training:
Lab Growth Rates:
0.4 0.42 0.45 0.47 0.377 0.43 0.42 1.43 0.38 0.4 0.53 0.38 0.56 0.56 0.46 0.45 0.23 0.27 0.55 1.345 0.4 0.48 0.4 1.483 0.37 0.34 0.45 0.1 0.25 0.68 0.58 0.52 0.11 0.56 0.1 0.46 0.41 0.47 0.31 0.47 0.51 0.43 0.637 0.762 0.54 0.09 0.4 0.46 0.1 0.31 0.4 0.2 0.53 0.56 0.45 0.55 0.4 0.27 1.248 0.53 0.42 0.55 0.46 0.23 0.3 1.67 0.54 0.19 0.3 0.724 0.48 0.56 0.3 0.47 0.42 0.54 0.36 0.26 0.5 0.636 0.3 0.5 0.686 0.46 0.52 0.45 0.53 0.59 0.36 1.248 0.58 0.45 0.39 0.32 0.09 0.22 0.37 0.53 0.901 0.4 0.45 0.37 0.58 0.5 0.648 0.5 0.5 0.45 0.5 0.4 1.67 0.46 0.37 0.53 1.66 0.33 0.5 1.345 0.65 0.56 0.55 0.59 0.52 0.42 0.68 0.5 0.42 0.54 0.42 0.38 0.09 0.27 0.5 1.248 0.3 1.483 0.4 1.66 0.47 1.248 0.33 0.54 1.483 1.44 0.56 0.36 0.3 0.46 0.52 0.65 0.53 0.5 0.55 0.6 0.39 0.4 0.33 1.483 0.25 0.465 0.59 1.46 0.46 0.25 0.23 1.345 0.49 0.56 0.6 0.481 0.4 0.53 0.55 0.46 0.54 0.45 0.17 0.51 0.4 0.686 0.47 1.483 0.4 0.42 0.39 0.5 0.52 0.5 0.43 0.54 0.22 0.58 0.46 0.481 0.53 0.485 0.5 0.47 0.25 0.65 1.49 0.54 0.59 0.5 0.41 0.2 0.56 0.54 0.5 0.43 0.54 0.43 0.33 0.22 0.4 0.45 0.36 0.7 0.43 1.05 0.52 0.45 0.46 0.4 0.34 0.48 0.4 0.54 0.4 0.52 0.648 0.901 0.465 0.42 0.5 0.5 0.4 0.42 0.33 0.4 0.37 0.23 0.6 0.56 0.53 0.1 0.48 0.22 1.345 1.4 0.17 0.54 0.49 0.48 0.43 0.635 1.05 0.5 0.14 0.5 0.4 0.3 1.42 0.4 0.4 0.17 0.4 0.39 0.54 0.52 0.1 0.45 0.485 0.59 0.54 0.4 0.47 1.483 0.5 0.5 0.42 0.4 0.47 0.54 0.54 1.345 0.53 0.724 0.54 0.65 0.46 0.3 0.47 0.58 0.4 0.33 0.37 0.37 0.59 0.485 0.301 0.48 0.58 0.41 0.36 0.4 0.4 0.59 0.32 0.45 0.45 0.762 0.762 0.54 0.2 0.42 0.4 0.37 0.47 0.37 0.4 0.901 1.483 1.345 0.4 0.45 0.65 0.4 0.724 0.33 0.31 0.637 0.901 0.52 0.5 0.52 0.4 0.4 0.58 0.55 0.41 0.37 0.55 1.05 1.38 0.58 0.22 0.68 0.68 0.47 0.4 0.59 0.47 0.377 0.4 0.4 0.47 0.42 0.4 0.4 0.46 0.25 0.65 0.4 0.7 0.377 0.476 0.4 0.59 0.56 0.58 0.59 0.7 0.1 0.23 0.71 0.5 0.58 0.37 0.41 0.4 0.53 0.301 0.54 0.59 0.25 0.481 0.4 0.33 0.43 0.41 0.43 0.37 0.39 0.58 0.33 0.301 0.4 0.47 1.345 0.58 0.36 0.58 1.46 0.3 0.465 0.43 0.56 0.55 0.42 0.762 0.47 0.476 0.476 0.65 0.37 0.54 0.4 0.46 0.47 0.45 0.38 0.4 0.22 0.14 0.617 0.59 0.46 0.23 0.56 0.59 0.59 0.54 0.48 0.4 1.345 0.47 0.1 0.4 0.68 0.54 0.3 0.25 0.5 0.5 0.46 0.5 0.4 0.3 1.483 0.5 0.51 0.59 0.11 0.19 0.46 0.54 0.42 0.4 0.7 0.27 0.54 0.52 0.48 0.55 0.3 0.36 0.58 0.58 0.41 0.4 0.5 0.4 0.5 0.43 0.65 0.46 0.4 0.56 0.37 0.54 0.4 0.4 0.37 0.901 0.635 0.46 0.56 0.5 0.648 0.47 0.43 0.55 0.58 0.19 0.26 0.53 0.637 0.4 0.5 0.22 0.686 0.636 0.5 0.45 1.483 0.11 0.32 0.58 0.58 1.248 0.58 0.34 0.47 0.42 0.46 0.47 0.47 0.3 0.56 0.45 1.345 0.59 0.54 0.26 0.4 0.25 1.43 0.485 0.65 0.56 0.36 0.45 0.4 1.345 0.901 0.5 0.41 0.42 0.54 0.47 0.52 0.23 0.1 0.47 0.636 0.6 0.71 0.46 0.42 0.48 0.37 0.4 0.4 0.1 0.53 0.58 1.345 1.483 0.53 0.23 1.483 0.55 0.22 0.56 1.03 1.35 0.71 0.23 0.4 0.49 0.38 0.27 0.635 0.54 0.39 0.27 0.36 1.483 0.4 0.41 1.345 0.3 0.58 0.5
Dot Production Prediction of Lab Growth Rates:
0.401322 0.340668 1.50385 0.408137 0.391553 0.442526 0.583563 1.43084 0.385654 0.405425 0.420456 0.351981 0.556655 0.530192 0.36306 0.421489 0.520576 0.404075 0.440554 0.993179 0.390508 0.386659 0.403568 0.903912 0.417132 0.351644 0.376225 0.39841 0.379073 0.642411 0.480143 0.425943 0.410294 0.543149 0.355039 0.455893 0.411337 0.384928 0.541015 0.475466 0.45204 0.446122 0.694311 0.964712 0.549964 0.369546 0.401534 0.337674 0.468058 0.537981 0.401056 0.425565 0.529528 0.541686 1.45627 0.559854 0.397109 0.38733 0.988327 0.523255 0.358276 0.441557 0.325889 0.522057 0.431543 1.48774 0.409036 0.367912 0.300003 0.717772 0.329706 0.557881 0.309406 0.518732 0.359635 0.41213 0.444436 0.442271 0.479238 0.688391 0.307596 0.375836 0.717813 0.4763 0.389641 0.393787 0.547349 0.542941 0.359353 0.992481 0.472974 0.415314 0.35171 0.361827 0.385871 0.455093 0.449535 0.527542 0.947441 0.405642 0.36128 0.402579 0.392201 0.540763 0.705496 0.485732 0.513325 1.47594 0.526738 0.401067 1.38051 0.525683 0.417217 0.40953 1.66 0.353297 0.350388 0.96888 0.650489 0.479771 0.446922 0.375205 0.38993 0.411528 0.636347 0.391462 0.371754 0.35483 0.416273 0.385493 0.471202 0.612489 0.500249 0.998074 0.278791 0.918293 0.400653 1.66 0.389243 0.988355 0.394945 0.538651 0.890677 1.52638 0.471754 0.38595 0.296211 0.350146 0.404958 0.630511 0.356415 0.4751 0.426976 0.31109 0.33388 0.403051 0.392743 0.929737 1.49208 0.399712 0.367701 1.34046 0.429009 0.538691 0.431007 0.900601 0.420571 0.543788 0.308306 0.381899 0.399729 0.316629 0.557499 0.460728 0.452196 0.37082 0.339731 0.423522 0.393054 0.720632 0.449441 0.951988 0.401187 0.365409 0.324962 0.527437 0.40213 0.500488 0.398109 0.448213 0.451525 0.478087 0.399974 0.385739 0.540046 0.390721 0.382657 0.412033 0.336441 0.649817 1.50385 0.346612 0.350532 0.522101 0.410274 0.386899 0.472635 0.540718 0.471724 0.403111 0.455436 0.422974 0.485326 0.458462 0.400596 1.49441 0.386542 0.699548 0.427125 1.02272 0.385112 0.358505 0.449821 0.428143 0.347345 0.340277 0.365919 0.409861 0.397618 0.440951 0.70733 0.901001 0.394999 0.375302 0.476597 0.504676 0.403075 0.335995 0.515064 0.400195 0.417141 0.534863 0.318064 0.538356 0.528231 0.432658 0.329105 0.461688 0.951975 1.39574 0.358979 0.446722 0.390489 0.330478 0.4117 0.704793 1.39495 0.346134 0.140128 0.479611 0.40364 0.357913 1.52134 0.40316 0.403384 0.46533 0.395369 0.383894 0.385656 0.399964 0.37399 0.427643 0.379069 0.356514 0.346586 0.402001 0.422979 0.900872 0.499282 0.354707 0.603459 0.400902 0.430501 0.544595 0.544354 0.979938 0.457189 0.715924 0.437057 0.64978 0.532731 0.300071 0.40959 0.337078 0.395026 0.36579 0.430412 0.333025 0.543734 0.37555 0.389751 0.361838 0.419465 0.370097 0.354655 0.404757 0.402276 0.383387 0.35541 1.49193 0.403077 0.948928 0.966237 0.403097 0.427884 0.602587 0.402514 0.561961 0.373644 0.438868 0.395584 0.901614 0.956747 0.963754 0.391133 1.48041 0.638562 0.397986 0.714894 0.395517 0.529517 0.697402 0.900231 0.376315 0.403275 0.401721 0.403037 0.397851 0.37607 0.556213 0.388353 0.419849 0.549457 0.949058 0.991529 0.476604 0.452041 0.638878 0.626752 0.381644 0.399726 0.554355 0.476455 0.394496 0.39451 0.405525 0.443858 0.382935 0.406626 0.401189 0.468398 0.572041 0.631617 0.401369 0.700055 0.395603 0.398153 0.402766 0.546913 0.523548 0.462711 0.39694 0.701293 0.348066 0.430428 0.712394 0.549106 0.477441 0.415602 0.401714 0.401598 0.533667 0.38759 0.415293 0.550114 0.668923 0.381852 0.398747 0.360325 0.397415 0.346353 0.395291 0.435091 0.355655 0.469458 0.454146 0.394853 0.397648 0.461964 0.960106 0.361348 0.386391 0.475275 0.906272 0.307203 0.392365 0.457853 0.472394 0.437753 0.369457 0.961446 0.387278 0.397166 0.396524 0.652319 0.461835 0.388691 0.403624 0.450934 0.391844 0.346246 0.334282 0.402763 0.372437 0.138669 0.617108 0.366945 0.502684 0.513171 0.549936 0.55132 0.548665 0.442934 0.363123 0.397995 0.92069 0.384064 0.68766 0.39484 0.636814 0.442102 0.267929 0.383349 0.363974 0.372962 0.39723 0.483635 0.404997 0.325381 0.929998 0.523048 0.433196 0.339001 0.361257 0.373841 0.414298 0.418305 0.380783 0.39691 0.695283 0.406059 0.543351 0.367846 0.338382 0.543977 0.321186 0.353007 0.474825 0.381796 0.387466 0.40546 0.34904 0.401587 0.514966 0.419119 0.667231 0.434246 0.398291 0.472499 0.393677 0.531075 0.397006 0.400616 0.417086 0.901211 0.702912 0.470768 0.474609 0.407874 0.703244 0.378443 0.381 0.549714 0.480392 0.37232 0.554221 0.506773 0.694836 0.403929 0.347426 0.455447 0.721501 0.712013 0.512797 0.414505 0.901684 0.405696 0.330984 0.347258 0.483048 0.986801 0.383362 0.344136 0.417159 0.365799 0.460157 0.50707 0.400864 0.399823 0.554549 0.344 0.968558 0.356938 0.373357 0.36366 0.394162 0.384562 1.42978 0.390843 0.665359 0.54364 0.418968 1.50635 0.393871 0.903567 0.899136 0.474218 0.380611 0.3704 0.379038 0.361362 0.384126 0.430554 0.461574 0.376572 0.711296 0.3109 0.718238 0.45899 0.355386 0.371346 0.434978 0.38057 0.404151 1.40973 0.366349 0.381567 0.926444 0.928925 0.380903 0.535551 0.938883 0.445854 0.425592 0.534535 1.03 1.35 0.710319 0.530156 0.402384 0.38182 0.346246 0.334069 0.702449 0.360337 0.342345 0.377129 0.371918 0.925745 0.403184 0.367792 0.96489 0.300195 0.474477 0.456138
Testing:
Lab Growth Rates:
1.46 1.05 1.46 1.05
Dot Production Prediction of Lab Growth Rates:
0.949017 1.0042 0.943564 1.00515
Best performance so far: 
Obj: 4.64859e-310Rho: 2.26291e-314Diff: 4.64859e-310
Anneal again with the best G and E so far as input
Cycle 2Round 1
Iter 500000 pBad 0.941151 T 0.0360676 Obj 1.16955 Rho 0 GRdif 91.6241 success 111631 failure 1173 obj_new 1.16955 SA_pAcc 1 Delta -0.347181 SA_r 0.477294 freedomratio 0.264946
Iter 1000000 pBad 0.899502 T 0.0104069 Obj 1.06302 Rho 0 GRdif 35.7538 success 222675 failure 4862 obj_new 1.06302 SA_pAcc 1.02047 Delta -0.737405 SA_r 0.255576 freedomratio 0.261394
Iter 1500000 pBad 0.836204 T 0.00300282 Obj 1.02487 Rho 0 GRdif 14.372 success 332830 failure 11125 obj_new 1.02487 SA_pAcc 0.99951 Delta -0.148616 SA_r 0.242193 freedomratio 0.262921
Iter 2000000 pBad 0.753489 T 0.000866433 Obj 1.02004 Rho 0 GRdif 11.6091 success 442361 failure 19591 obj_new 1.02004 SA_pAcc 1 Delta 0.375822 SA_r 0.420699 freedomratio 0.259885
Iter 2500000 pBad 0.674327 T 0.000250001 Obj 1.01654 Rho 0 GRdif 9.5979 success 550221 failure 31287 obj_new 1.01654 SA_pAcc 1 Delta -0.643488 SA_r 0.590353 freedomratio 0.26
Iter 3000000 pBad 0.563877 T 7.21352e-05 Obj 1.01347 Rho 0 GRdif 7.82734 success 654219 failure 50993 obj_new 1.01347 SA_pAcc 1 Delta 0.165747 SA_r 0.61719 freedomratio 0.257143
Iter 3500000 pBad 0.425575 T 2.08139e-05 Obj 1.01255 Rho 0 GRdif 7.29492 success 750751 failure 87008 obj_new 1.01255 SA_pAcc 0.91632 Delta 0.313614 SA_r 0.25346 freedomratio 0.262921
Iter 4000000 pBad 0.26715 T 6.00564e-06 Obj 1.01178 Rho 0 GRdif 6.85338 success 832140 failure 154051 obj_new 1.01178 SA_pAcc 1 Delta 0.167105 SA_r 0.861861 freedomratio 0.250535
Iter 4500000 pBad 0.161747 T 1.73287e-06 Obj 1.0109 Rho 0 GRdif 6.34358 success 898829 failure 255804 obj_new 1.0109 SA_pAcc 1 Delta 0.0815527 SA_r 0.985526 freedomratio 0.237515
Iter 5000000 pBad 0.091154 T 5.00001e-07 Obj 1.01026 Rho 0 GRdif 5.97436 success 943143 failure 416243 obj_new 1.01026 SA_pAcc 0.89075 Delta 0.00346197 SA_r 0.506492 freedomratio 0.213738
Iter 5500000 pBad 0.0380358 T 1.4427e-07 Obj 1.0098 Rho 0 GRdif 5.70372 success 970604 failure 629087 obj_new 1.0098 SA_pAcc 0.000612231 Delta -0.0265453 SA_r 0.131999 freedomratio 0.192815
Iter 6000000 pBad 0.019074 T 4.16278e-08 Obj 1.00954 Rho 0 GRdif 5.56671 success 986692 failure 886838 obj_new 1.00956 SA_pAcc 1.68953e-204 Delta -0.0108873 SA_r 0.4524 freedomratio 0.177704
Iter 6500000 pBad 0.00962425 T 1.20113e-08 Obj 1.00942 Rho 0 GRdif 5.48954 success 996118 failure 1177426 obj_new 1.00943 SA_pAcc 1.63652e-317 Delta 0.00682042 SA_r 0.189019 freedomratio 0.166714
Iter 7000000 pBad 0.00847101 T 3.46573e-09 Obj 1.00934 Rho 0 GRdif 5.44102 success 1001856 failure 1487262 obj_new 1.00934 SA_pAcc 1 Delta -0.0005776 SA_r 0.880838 freedomratio 0.16205
Iter 7500000 pBad 0.00320771 T 1e-09 Obj 1.00927 Rho 0 GRdif 5.40282 success 1005956 failure 1811271 obj_new 1.00928 SA_pAcc 0 Delta -0.00314278 SA_r 0.0921416 freedomratio 0.157174
Iter 8000000 pBad 0.00107213 T 2.88541e-10 Obj 1.00922 Rho 0 GRdif 5.3703 success 1008897 failure 2146175 obj_new 1.00922 SA_pAcc 0 Delta 0.000353833 SA_r 0.281827 freedomratio 0.15468
Iter 8500000 pBad 0.000885414 T 8.32555e-11 Obj 1.00919 Rho 0 GRdif 5.35378 success 1011151 failure 2489463 obj_new 1.00919 SA_pAcc 1 Delta -0.000791366 SA_r 0.486885 freedomratio 0.151358
Iter 9000000 pBad 0.00045054 T 2.40225e-11 Obj 1.00918 Rho 0 GRdif 5.34654 success 1012605 failure 2838036 obj_new 1.00918 SA_pAcc 1 Delta -8.11242e-05 SA_r 0.760874 freedomratio 0.15054
Iter 9500000 pBad 0.000640277 T 6.93147e-12 Obj 1.00917 Rho 0 GRdif 5.33939 success 1015127 failure 3193210 obj_new 1.00917 SA_pAcc 0 Delta -0.000174496 SA_r 0.212358 freedomratio 0.144695
Good enough
iter 9.99997e+06 obj1.00916 rho 0 GRdif 5.33315
Training:
Lab Growth Rates:
0.4 0.42 0.45 0.47 0.377 0.43 0.42 1.43 0.38 0.4 0.53 0.38 0.56 0.56 0.46 0.45 0.23 0.27 0.55 1.345 0.4 0.48 0.4 1.483 0.37 0.34 0.45 0.1 0.25 0.68 0.58 0.52 0.11 0.56 0.1 0.46 0.41 0.47 0.31 0.47 0.51 0.43 0.637 0.762 0.54 0.09 0.4 0.46 0.1 0.31 0.4 0.2 0.53 0.56 0.45 0.55 0.4 0.27 1.248 0.53 0.42 0.55 0.46 0.23 0.3 1.67 0.54 0.19 0.3 0.724 0.48 0.56 0.3 0.47 0.42 0.54 0.36 0.26 0.5 0.636 0.3 0.5 0.686 0.46 0.52 0.45 0.53 0.59 0.36 1.248 0.58 0.45 0.39 0.32 0.09 0.22 0.37 0.53 0.901 0.4 0.45 0.37 0.58 0.5 0.648 0.5 0.5 0.45 0.5 0.4 1.67 0.46 0.37 0.53 1.66 0.33 0.5 1.345 0.65 0.56 0.55 0.59 0.52 0.42 0.68 0.5 0.42 0.54 0.42 0.38 0.09 0.27 0.5 1.248 0.3 1.483 0.4 1.66 0.47 1.248 0.33 0.54 1.483 1.44 0.56 0.36 0.3 0.46 0.52 0.65 0.53 0.5 0.55 0.6 0.39 0.4 0.33 1.483 0.25 0.465 0.59 1.46 0.46 0.25 0.23 1.345 0.49 0.56 0.6 0.481 0.4 0.53 0.55 0.46 0.54 0.45 0.17 0.51 0.4 0.686 0.47 1.483 0.4 0.42 0.39 0.5 0.52 0.5 0.43 0.54 0.22 0.58 0.46 0.481 0.53 0.485 0.5 0.47 0.25 0.65 1.49 0.54 0.59 0.5 0.41 0.2 0.56 0.54 0.5 0.43 0.54 0.43 0.33 0.22 0.4 0.45 0.36 0.7 0.43 1.05 0.52 0.45 0.46 0.4 0.34 0.48 0.4 0.54 0.4 0.52 0.648 0.901 0.465 0.42 0.5 0.5 0.4 0.42 0.33 0.4 0.37 0.23 0.6 0.56 0.53 0.1 0.48 0.22 1.345 1.4 0.17 0.54 0.49 0.48 0.43 0.635 1.05 0.5 0.14 0.5 0.4 0.3 1.42 0.4 0.4 0.17 0.4 0.39 0.54 0.52 0.1 0.45 0.485 0.59 0.54 0.4 0.47 1.483 0.5 0.5 0.42 0.4 0.47 0.54 0.54 1.345 0.53 0.724 0.54 0.65 0.46 0.3 0.47 0.58 0.4 0.33 0.37 0.37 0.59 0.485 0.301 0.48 0.58 0.41 0.36 0.4 0.4 0.59 0.32 0.45 0.45 0.762 0.762 0.54 0.2 0.42 0.4 0.37 0.47 0.37 0.4 0.901 1.483 1.345 0.4 0.45 0.65 0.4 0.724 0.33 0.31 0.637 0.901 0.52 0.5 0.52 0.4 0.4 0.58 0.55 0.41 0.37 0.55 1.05 1.38 0.58 0.22 0.68 0.68 0.47 0.4 0.59 0.47 0.377 0.4 0.4 0.47 0.42 0.4 0.4 0.46 0.25 0.65 0.4 0.7 0.377 0.476 0.4 0.59 0.56 0.58 0.59 0.7 0.1 0.23 0.71 0.5 0.58 0.37 0.41 0.4 0.53 0.301 0.54 0.59 0.25 0.481 0.4 0.33 0.43 0.41 0.43 0.37 0.39 0.58 0.33 0.301 0.4 0.47 1.345 0.58 0.36 0.58 1.46 0.3 0.465 0.43 0.56 0.55 0.42 0.762 0.47 0.476 0.476 0.65 0.37 0.54 0.4 0.46 0.47 0.45 0.38 0.4 0.22 0.14 0.617 0.59 0.46 0.23 0.56 0.59 0.59 0.54 0.48 0.4 1.345 0.47 0.1 0.4 0.68 0.54 0.3 0.25 0.5 0.5 0.46 0.5 0.4 0.3 1.483 0.5 0.51 0.59 0.11 0.19 0.46 0.54 0.42 0.4 0.7 0.27 0.54 0.52 0.48 0.55 0.3 0.36 0.58 0.58 0.41 0.4 0.5 0.4 0.5 0.43 0.65 0.46 0.4 0.56 0.37 0.54 0.4 0.4 0.37 0.901 0.635 0.46 0.56 0.5 0.648 0.47 0.43 0.55 0.58 0.19 0.26 0.53 0.637 0.4 0.5 0.22 0.686 0.636 0.5 0.45 1.483 0.11 0.32 0.58 0.58 1.248 0.58 0.34 0.47 0.42 0.46 0.47 0.47 0.3 0.56 0.45 1.345 0.59 0.54 0.26 0.4 0.25 1.43 0.485 0.65 0.56 0.36 0.45 0.4 1.345 0.901 0.5 0.41 0.42 0.54 0.47 0.52 0.23 0.1 0.47 0.636 0.6 0.71 0.46 0.42 0.48 0.37 0.4 0.4 0.1 0.53 0.58 1.345 1.483 0.53 0.23 1.483 0.55 0.22 0.56 1.03 1.35 0.71 0.23 0.4 0.49 0.38 0.27 0.635 0.54 0.39 0.27 0.36 1.483 0.4 0.41 1.345 0.3 0.58 0.5
Dot Production Prediction of Lab Growth Rates:
0.403863 0.342046 1.4898 0.404655 0.622882 0.453433 0.527154 1.43353 0.370438 0.407462 0.426626 0.340354 0.538156 0.517644 0.400137 0.418199 0.509467 0.384517 0.465744 0.844705 0.385643 0.395947 0.403932 0.794123 0.427916 0.358012 0.379819 0.383329 0.376119 0.686884 0.47566 0.42281 0.418786 0.53423 0.900177 0.449812 0.424271 0.376928 0.461433 0.480557 0.458117 0.445636 0.688264 0.769167 0.552763 0.376452 0.40126 0.344677 0.467881 0.465744 0.40065 0.399129 0.530037 0.540308 1.49187 0.555578 0.39445 0.396302 0.863194 0.524041 0.367427 0.467167 0.335132 0.514461 0.439056 1.48809 0.421286 0.365824 0.30384 0.71002 0.335354 0.542891 0.309962 0.444882 0.371021 0.401598 0.457423 0.4383 0.49375 0.658659 0.321189 0.37213 0.712227 0.465403 0.388294 0.395618 0.548324 0.540811 0.360409 0.865867 0.474029 0.409655 0.371476 0.367729 0.401145 0.474445 0.45692 0.522405 1.02559 0.4043 0.368274 0.404332 0.405467 0.530157 0.696818 0.481832 0.505012 1.46812 0.514181 0.402046 1.49191 0.497266 0.428579 0.413066 1.66 0.356439 0.339927 0.804286 0.666653 0.49165 0.478315 0.377586 0.411727 0.420041 0.678077 0.413812 0.363092 0.347506 0.381296 0.376457 0.475013 0.561593 0.49993 0.877611 0.299997 0.797752 0.400171 1.65993 0.400641 0.862334 0.411069 0.548243 0.800954 1.50349 0.476587 0.407544 0.30084 0.363752 0.414645 0.643376 0.351885 0.489994 0.459519 0.31292 0.34181 0.403098 0.397391 0.820403 1.50517 0.618532 0.343766 1.4549 0.390963 0.475807 0.441451 0.809159 0.441181 0.538923 0.308669 0.588714 0.400372 0.315943 0.550265 0.470733 0.482568 0.355892 0.338394 0.434034 0.389095 0.712903 0.430124 0.824025 0.399889 0.359813 0.325166 0.524877 0.427992 0.487028 0.413625 0.460923 0.471839 0.478854 0.414387 0.597897 0.503704 0.606179 0.39252 0.420468 0.350082 0.649621 1.4898 0.364802 0.343306 0.528151 0.420733 0.358518 0.481118 0.537103 0.502384 0.367608 0.484852 0.389256 0.477571 0.460852 0.398005 1.48705 0.39112 0.705039 0.432641 0.971249 0.404364 0.367319 0.414077 0.388378 0.342308 0.343944 0.33561 0.401321 0.396548 0.421828 0.696528 0.906722 0.612047 0.350891 0.482371 0.504197 0.401994 0.33354 0.505646 0.400224 0.428825 0.531068 0.313485 0.535051 0.529307 1.11244 0.354318 0.478406 0.84209 1.43015 0.361462 0.470902 0.415463 0.333687 0.413383 0.69891 1.44376 0.349433 0.140009 0.488852 0.401094 0.361208 1.47211 0.403966 0.403939 0.475204 0.394253 0.408522 0.391905 0.420564 1.00591 0.437196 0.58452 0.352618 0.336868 0.402409 0.415798 0.773866 0.490255 0.355718 0.53496 0.402248 0.423681 0.535971 0.545084 0.837254 0.468903 0.706277 0.438212 0.651306 0.50743 0.300492 0.396941 0.352921 0.391369 0.374277 0.44418 0.315638 0.550162 0.579719 0.623383 0.358387 0.438229 0.390824 0.359215 0.405377 0.401652 0.363629 0.35942 1.48555 0.409503 0.753418 0.773077 0.401121 0.40356 0.554791 0.40303 0.520075 0.389926 0.446316 0.387719 0.914755 0.824336 0.815171 0.387092 1.48386 0.622755 0.399687 0.703044 0.410806 0.465497 0.692723 0.905184 0.38977 0.401847 0.36981 0.401722 0.396176 0.384013 0.550926 0.608986 0.431769 0.543698 0.927611 1.01946 0.483267 0.460981 0.681454 0.668139 0.38705 0.397596 0.552361 0.452422 0.630898 0.39286 0.404279 0.403877 0.389389 0.406145 0.400691 0.46132 0.507417 0.631447 0.399661 0.68971 0.632628 0.621477 0.40213 0.551692 0.521799 0.460708 0.369097 0.697499 0.878521 0.441502 0.706299 0.547435 0.485059 0.424104 0.411891 0.402593 0.533691 0.620383 0.406484 0.554262 0.602873 0.589543 0.398899 0.355221 0.416816 0.364177 0.407599 0.44443 0.379102 0.487102 0.457388 0.636025 0.397076 0.461075 0.794236 0.379889 0.387986 0.479647 0.874684 0.309678 0.605494 0.417399 0.486587 0.462126 0.382458 0.759647 0.39726 0.620423 0.620095 0.649584 0.468612 0.410554 0.402456 0.416058 0.408721 0.345166 0.318868 0.403063 0.389473 0.135648 0.616604 0.355486 0.47788 0.500044 0.54992 0.548347 0.540901 0.444726 0.362719 0.398347 0.819009 0.386378 0.613239 0.39372 0.680032 0.459199 0.262482 0.373426 0.350052 0.387083 0.400216 0.478953 0.402237 0.331507 0.771562 0.530865 0.443611 0.348598 0.373514 0.379414 0.442594 0.431387 0.371022 0.391764 0.702688 0.400211 0.545961 0.357431 0.343894 0.544788 0.326862 0.361684 0.487876 0.385854 0.606631 0.405092 0.357039 0.399018 0.545632 0.423797 0.652977 0.438881 0.395361 0.488065 0.403178 0.540883 0.388846 0.39975 0.426038 0.913607 0.696563 0.462595 0.4774 0.414784 0.69247 0.381658 0.395431 0.545863 0.477539 0.364977 0.516291 0.480676 0.690382 0.400559 0.350087 0.461754 0.712932 0.704393 0.500003 0.406239 0.812507 0.419208 0.339476 0.354621 0.478359 0.860766 0.404855 0.3441 0.404539 0.359083 0.460001 0.453544 0.407759 0.394104 0.538159 0.332259 0.808507 0.361196 0.385455 0.366855 0.390358 0.380012 1.4283 0.607361 0.657422 0.538485 0.442945 1.50045 0.387062 0.801038 0.745634 0.479773 0.596836 0.382975 0.385267 0.362403 0.369937 0.441181 0.458141 0.378069 0.702775 0.312609 0.709675 0.457642 0.337023 0.371987 0.44107 0.35584 0.402843 1.33564 0.383911 0.389557 0.820156 0.813234 0.391511 0.535742 0.78683 0.467686 0.428013 0.527511 1.03003 1.34998 0.703775 0.520861 0.401631 0.408146 0.332223 0.329512 0.697094 0.38054 0.336674 0.367638 0.382101 0.821562 0.404069 0.373644 0.827032 0.29812 0.489163 0.474516
Testing:
Lab Growth Rates:
1.46 1.05 1.46 1.05
Dot Production Prediction of Lab Growth Rates:
0.908659 0.955698 0.901773 0.956671
Best performance so far: 
Obj: 4.64859e-310Rho: 2.122e-314Diff: 4.64859e-310
Test:
 Lab Growth Rates:
1.46 1.05 1.46 1.05Dot Product Prediction of Growth Rate:
0.9086585 0.9556983 0.9017729 0.9566708