seed =  5 traits =  1 
Training: part  105 
Training: part  105 
Round  1 
 Goal of obj  0.99 
Temperature range:  0.125 1e-13 
Cycle 1Round 1
Iter 500000 pBad 0.918615 T 0.0310503 Obj 1.1043 Rho 0 GRdif 58.3342 success 146882 failure 1969 obj_new 1.1043 SA_pAcc 0.998162 Delta 0.0342451 SA_r 0.75866 freedomratio 0.370277
Iter 1000000 pBad 0.883302 T 0.00771294 Obj 1.04348 Rho 0 GRdif 25.0246 success 293875 failure 6432 obj_new 1.04348 SA_pAcc 1 Delta 0.220238 SA_r 0.10757 freedomratio 0.364764
Iter 1500000 pBad 0.824488 T 0.00191591 Obj 1.02389 Rho 0 GRdif 13.8832 success 439938 failure 13268 obj_new 1.02389 SA_pAcc 1.00413 Delta -0.353246 SA_r 0.872977 freedomratio 0.372152
Iter 2000000 pBad 0.765502 T 0.000475915 Obj 1.01643 Rho 0 GRdif 9.58361 success 584786 failure 23806 obj_new 1.01643 SA_pAcc 1.15897 Delta 0.256788 SA_r 0.0659714 freedomratio 0.373333
Iter 2500000 pBad 0.632588 T 0.000118218 Obj 1.01414 Rho 0 GRdif 8.25845 success 724980 failure 43586 obj_new 1.01414 SA_pAcc 1 Delta 0.618555 SA_r 0.189516 freedomratio 0.361179
Iter 3000000 pBad 0.426483 T 2.93656e-05 Obj 1.01207 Rho 0 GRdif 7.05266 success 851373 failure 91074 obj_new 1.01207 SA_pAcc 1 Delta 0.313464 SA_r 0.594101 freedomratio 0.357882
Iter 3500000 pBad 0.233524 T 7.29445e-06 Obj 1.01103 Rho 0 GRdif 6.44829 success 956055 failure 182594 obj_new 1.01103 SA_pAcc 1 Delta -0.0342955 SA_r 0.789391 freedomratio 0.336192
Iter 4000000 pBad 0.134873 T 1.81195e-06 Obj 1.00992 Rho 0 GRdif 5.81527 success 1039303 failure 319998 obj_new 1.00994 SA_pAcc 0.00024445 Delta -0.00964995 SA_r 0.117473 freedomratio 0.3136
Iter 4500000 pBad 0.0641141 T 4.50092e-07 Obj 1.00948 Rho 0 GRdif 5.55079 success 1091315 failure 528742 obj_new 1.00948 SA_pAcc 0.566869 Delta -0.0506605 SA_r 0.604005 freedomratio 0.269849
Iter 5000000 pBad 0.0267283 T 1.11804e-07 Obj 1.00925 Rho 0 GRdif 5.41358 success 1121170 failure 799208 obj_new 1.00925 SA_pAcc 0.0271351 Delta 0.00184074 SA_r 0.0204475 freedomratio 0.23825
Iter 5500000 pBad 0.0143763 T 2.77722e-08 Obj 1.00909 Rho 0 GRdif 5.32263 success 1137770 failure 1113561 obj_new 1.00909 SA_pAcc 1 Delta 0.0135652 SA_r 0.0603926 freedomratio 0.219649
Iter 6000000 pBad 0.00979471 T 6.89867e-09 Obj 1.00904 Rho 0 GRdif 5.28982 success 1148143 failure 1453874 obj_new 1.00904 SA_pAcc 1 Delta -0.00012336 SA_r 0.368573 freedomratio 0.209402
Iter 6500000 pBad 0.00609363 T 1.71364e-09 Obj 1.009 Rho 0 GRdif 5.27064 success 1154131 failure 1812560 obj_new 1.009 SA_pAcc 3.95039e-256 Delta -0.00261985 SA_r 0.31531 freedomratio 0.200546
Iter 7000000 pBad 0.00116729 T 4.25671e-10 Obj 1.00898 Rho 0 GRdif 5.26168 success 1157434 failure 2183070 obj_new 1.00899 SA_pAcc 0 Delta 0.000966575 SA_r 0.577487 freedomratio 0.196919
Iter 7500000 pBad 0.000646767 T 1.05737e-10 Obj 1.00898 Rho 0 GRdif 5.25525 success 1159248 failure 2561053 obj_new 1.00898 SA_pAcc 1 Delta 8.82377e-05 SA_r 0.681175 freedomratio 0.193931
Iter 8000000 pBad 0.000738949 T 2.62654e-11 Obj 1.00897 Rho 0 GRdif 5.25285 success 1160326 failure 2943876 obj_new 1.00897 SA_pAcc 2.44584e-51 Delta -8.45654e-05 SA_r 0.516694 freedomratio 0.192157
Iter 8500000 pBad 0.000188893 T 6.52436e-12 Obj 1.00897 Rho 0 GRdif 5.25157 success 1162496 failure 3323686 obj_new 1.00897 SA_pAcc 1 Delta 2.8189e-05 SA_r 0.645765 freedomratio 0.190847
Iter 9000000 pBad 0.000300218 T 1.62066e-12 Obj 1.00897 Rho 0 GRdif 5.25026 success 1166232 failure 3706696 obj_new 1.00897 SA_pAcc 0 Delta -0.000287822 SA_r 0.685082 freedomratio 0.18762
Iter 9500000 pBad 1.29695e-31 T 4.02575e-13 Obj 1.00897 Rho 0 GRdif 5.25002 success 1168433 failure 4031255 obj_new 1.00897 SA_pAcc 1 Delta 0 SA_r 0.553095 freedomratio 0.177215
Iter 10000000 pBad 2.38165e-129 T 1e-13 Obj 1.00897 Rho 0 GRdif 5.34808 success 1168433 failure 4336772 obj_new 1.00914 SA_pAcc 0 Delta 0 SA_r 0.360675 freedomratio 0.148748
Cannot move further
iter 9.17258e+06 obj1.00897 rho 0 GRdif 5.25002
Training:
Lab Growth Rates:
0.59 0.48 0.47 0.58 0.5 0.686 1.483 0.47 1.345 0.58 0.4 0.56 0.55 0.27 0.724 0.43 0.59 0.43 0.46 0.45 0.53 0.22 0.5 0.55 0.37 1.483 0.56 0.42 0.47 0.47 0.3 0.58 0.56 0.1 0.47 0.37 0.45 0.33 0.1 0.49 0.7 0.5 1.248 0.45 0.1 0.59 0.33 0.4 0.4 0.45 0.54 0.58 0.48 0.5 0.48 0.58 0.42 0.43 0.476 0.46 1.345 0.59 0.5 1.345 0.4 1.483 0.5 0.5 1.483 0.59 0.37 0.68 0.23 0.58 0.46 1.05 0.3 0.58 0.31 0.52 0.4 0.58 0.1 0.686 0.23 0.5 0.46 0.47 0.25 0.58 0.54 0.47 0.36 0.476 0.5 0.37 0.4 0.27 0.65 0.71 0.23 1.248 0.4 0.54 0.53 0.377 0.25 0.4 0.4 0.46 0.4 0.41 1.345 0.68 0.68 1.483 0.17 0.36 1.345 0.4 0.65 1.345 0.41 0.42 0.47 0.4 1.49 0.59 0.58 0.5 0.3 0.485 0.65 0.19 0.3 0.22 0.5 1.43 0.56 0.58 0.485 0.52 0.59 0.51 1.483 0.68 0.27 0.47 0.4 0.46 0.5 0.52 0.485 0.5 0.53 0.59 0.59 0.5 0.09 1.248 0.4 0.43 0.617 0.45 0.42 1.46 0.56 0.36 0.43 0.33 0.25 0.45 0.54 0.53 0.4 0.41 0.4 0.56 0.4 0.52 1.345 0.36 0.54 1.05 0.5 0.377 0.56 0.3 0.54 0.56 0.52 0.17 0.5 0.4 0.4 0.37 0.39 0.65 0.37 0.25 0.3 0.7 0.476 0.4 0.4 1.345 0.37 0.4 0.54 0.54 0.43 0.49 0.23 0.25 0.65 0.59 0.11 0.4 0.54 0.55 0.53 0.39 0.54 0.45 0.56 0.46 0.37 0.637 0.6 0.23 0.55 0.65 0.22 0.59 0.54 0.55 0.58 0.686 0.4 0.4 0.58 0.481 0.58 0.636 0.22 0.47 0.4 0.4 0.4 0.27 0.3 0.56 0.26 0.54 0.45 0.14 0.4 0.53 0.4 0.4 0.59 0.58 0.47 0.19 0.55 0.46 0.37 0.53 0.4 0.901 0.4 0.56 1.46 0.11 0.65 0.45 0.42 0.46 0.42 0.47 0.1 0.4 0.54 0.52 0.42 1.67 0.71 0.648 0.34 0.39 0.481 0.36 0.37 0.33 0.42 0.4 0.43 0.47 0.34 0.46 0.4 0.4 0.42 0.38 0.33 0.38 0.7 0.47 0.45 0.23 0.5 0.54 0.23 0.48 0.635 0.54 1.483 0.58 0.1 0.48 0.59 0.5 1.03 0.52 1.345 0.65 1.05 1.483 0.2 0.4 0.58 0.4 0.47 0.11 0.36 0.4 0.09 0.53 0.37 1.67 0.762 0.54 0.56 1.483 0.45 0.58 0.4 0.27 0.45 0.23 0.301 0.43 0.59 0.5 0.58 0.3 0.4 0.4 0.37 1.66 1.05 1.483 0.54 0.41 0.54 0.4 0.55 1.46 0.5 0.5 0.32 0.37 0.481 0.43 1.4 0.3 0.38 0.465 0.47 0.48 0.5 0.5 0.42 0.54 0.53 0.47 0.42 0.46 0.71 0.636 0.32 0.22 0.59 0.25 0.42 0.22 0.41 0.42 0.5 0.5 0.53 0.55 0.3 0.43 0.45 0.19 0.47 0.65 0.41 1.42 0.55 0.47 0.53 0.465 0.3 0.56 0.637 0.6 0.301 0.636 0.41 0.2 0.09 1.05 0.7 0.47 0.52 0.46 0.54 0.33 0.901 0.55 0.5 0.54 0.58 0.46 0.39 0.47 0.43 0.54 0.26 0.39 0.4 0.17 0.42 0.485 0.901 0.5 0.25 0.4 0.55 0.23 0.5 0.53 0.52 0.31 0.901 0.36 0.1 0.46 0.4 0.4 0.32 0.47 1.38 0.4 0.47 0.54 1.483 0.27 0.53 0.55 0.48 0.46 0.45 0.52 1.345 0.3 0.47 0.53 0.22 0.4 0.22 0.51 0.5 0.45 0.43 0.42 0.724 0.6 0.46 0.4 0.53 0.42 0.762 0.46 0.46 0.4 0.54 0.54 0.48 0.36 0.54 0.377 0.5 0.56 0.39 1.44 1.43 0.45 0.46 1.35 0.2 0.54 1.345 0.762 0.54 0.1 0.56 0.42 0.25 0.37 0.762 0.3 0.635 0.56 1.248 0.648 0.38 0.31 0.33 0.724 1.46 0.4 0.37 0.52 0.34 0.14 0.56 0.41 0.37 0.5 0.4 0.4 0.51 0.648 0.46 0.6 0.301 1.483 0.59 0.4 1.345 0.68 0.52 0.4 1.248 0.56 0.58 0.901 0.33 0.5 0.41 0.465 0.4 0.4 0.4 0.635 0.45 0.4 0.637 0.5 1.66 0.901 0.4 0.42 0.4 0.38 0.45 0.49 0.33 0.26 0.48 0.1 0.45 0.36 0.46 0.5
Dot Production Prediction of Lab Growth Rates:
0.362235 0.367671 0.411152 0.348663 0.491634 0.71417 0.755589 0.39383 0.791721 0.388352 0.404616 0.53381 0.475238 0.334455 0.711005 0.401903 0.551713 0.42242 0.424437 0.354862 0.532121 0.411735 0.503616 0.555186 0.440907 0.772922 0.543888 0.33745 0.393875 0.391968 0.295291 0.41462 0.472004 1.60533 0.457703 0.454521 0.421336 0.457629 1.79967 0.403314 0.699845 0.542259 0.956835 1.49612 1.34287 0.550189 0.47505 0.399815 0.405922 1.43365 0.53723 0.470096 0.375389 0.54922 0.38736 0.473777 0.388465 0.424619 0.692735 0.45603 0.733751 0.555129 0.386395 0.758851 0.402492 0.77679 0.490702 0.490411 0.721924 0.372949 0.443607 0.684608 0.540214 0.390282 0.408543 1.05 0.353582 0.48888 0.482618 0.403639 0.392782 0.401548 0.43366 0.712813 0.450395 0.393549 0.460112 0.383152 0.461136 0.489417 0.474033 0.388609 0.374094 0.695375 0.533522 0.440706 0.406043 0.365124 0.649826 0.705545 0.448436 0.962334 0.398626 0.396389 0.43311 0.699095 0.37871 0.40328 0.400663 0.380619 0.397026 0.690019 0.775384 0.665017 0.673548 0.741294 0.346618 0.396117 0.754974 0.404445 0.649527 0.744821 0.387233 0.348867 0.382377 0.395486 1.49612 0.550916 0.478522 0.498124 0.311701 0.667185 0.63127 0.373933 0.320971 0.434837 0.548814 1.41508 0.492937 0.402244 0.684904 0.421526 0.55448 0.412518 0.765655 0.684798 0.393826 0.401461 0.40301 0.335791 0.543526 0.393205 0.666456 0.402133 0.40422 0.355133 0.357712 0.500399 0.393967 0.977977 0.404044 0.378818 0.617454 0.385615 0.365375 1.3305 0.485182 0.420913 0.392945 0.359438 0.575909 0.377792 0.38182 0.392381 0.394583 0.405338 0.405469 0.542063 0.403832 0.387544 0.766455 0.379354 0.37891 1.05054 0.374446 0.704329 0.534029 0.258169 0.461072 0.471409 0.398034 0.36216 0.534663 0.395657 0.40138 0.437812 0.334539 0.625697 0.437797 0.358698 0.3 0.703893 0.699384 0.399529 0.406513 0.757431 0.410489 0.400633 0.454843 0.536564 0.42436 0.415434 0.526726 0.479441 0.652566 0.343208 0.382812 0.402976 0.550547 0.46842 0.553499 0.364787 0.420751 0.375188 0.538639 0.406116 0.40048 0.698362 0.317279 0.520147 0.545726 0.649867 0.477497 0.553034 0.543434 0.460711 0.484102 0.71452 0.405698 0.399254 0.474926 0.668533 0.388412 0.711217 0.470472 0.454021 0.401484 0.403633 0.343561 0.397978 0.317096 0.540214 0.368438 0.474699 0.394321 0.137078 0.405532 0.527074 0.407956 0.400941 0.370656 0.478456 0.398042 0.365904 0.558566 0.465335 0.325012 0.531942 0.401059 0.900375 0.401532 0.47341 0.956495 0.408194 0.638176 1.44873 0.375322 0.459931 0.38286 0.400708 1.45871 0.396466 0.4102 0.384311 0.5058 1.56802 0.710008 0.704517 0.351486 0.36714 0.680584 0.392666 0.494484 0.400163 0.349312 0.406854 0.41548 0.449208 0.351611 0.483393 0.403242 0.400038 0.400657 0.38347 0.385981 0.337385 0.699286 0.44792 1.44703 0.529959 0.390701 0.45185 0.534725 0.353647 0.704169 0.391647 0.738114 0.398256 0.439386 0.352954 0.35014 0.360363 1.03001 0.399475 0.749371 0.663509 1.38343 0.726816 0.364519 0.40441 0.470057 0.395178 0.404125 0.412123 0.397457 0.393838 0.445582 0.522003 0.438862 1.48708 0.924712 0.552682 0.533706 0.720815 0.342177 0.492715 0.395228 0.39013 1.47253 0.528265 0.700081 0.405854 0.352279 0.36674 0.363721 0.400071 0.397303 0.400076 0.456308 1.66 0.997172 0.730137 0.353912 0.380782 0.397337 0.403765 0.5471 0.979208 0.500009 0.414455 0.382467 0.447097 0.669033 0.40214 1.55135 0.302082 0.334932 0.687064 0.356742 0.392139 0.516856 0.476371 0.379616 0.404368 0.413907 0.451783 0.363239 0.445257 0.707551 0.679187 0.370306 0.394785 0.553102 1.47699 0.360819 0.476873 0.690809 0.354919 0.359643 0.362813 0.532135 0.460961 0.300432 0.397433 0.351287 0.381491 0.395633 0.64985 0.679278 1.4494 0.466619 0.392974 0.46809 0.688456 0.313435 0.542854 0.700735 0.305235 0.713719 0.709392 0.419607 0.394226 0.385061 1.04977 0.70188 0.393425 0.390655 0.420994 0.537894 0.374229 0.897982 0.551083 0.495591 0.387181 0.463174 0.370033 0.34349 0.410643 0.390421 0.396147 0.481298 0.384209 0.397884 0.444777 0.497333 0.688798 0.905623 0.498328 0.373295 0.351476 0.456249 0.447993 0.368048 0.371334 0.373193 0.473346 0.901133 0.39 0.377138 0.425236 0.398452 0.387053 0.348147 0.402396 0.997099 0.405052 0.385572 0.539979 0.728344 0.534062 0.450519 0.54692 0.343299 0.462731 0.392189 0.414713 0.804234 0.302253 0.390296 0.351449 0.472819 0.403564 0.467322 0.416383 0.47846 1.49921 0.39025 0.371348 0.713865 0.305147 0.348912 0.402598 0.323989 0.365142 0.905582 0.460353 0.469952 0.400636 0.402334 0.343118 0.335898 0.42473 0.36685 0.708867 0.520487 0.485603 0.343081 1.46431 1.43098 0.411541 0.397956 1.34998 0.399141 0.465038 0.774635 0.924728 0.387022 0.584298 0.542344 0.511073 0.377281 0.448459 0.917065 0.388688 0.698469 0.539799 0.957006 0.701357 0.384918 0.477483 0.402294 0.713501 0.98359 0.399931 0.453764 0.399663 0.379034 0.140354 0.547932 0.351757 0.435724 0.517655 0.398212 0.404717 0.431162 0.705082 0.470665 0.309217 0.700773 0.75071 0.354957 0.394045 0.746569 0.68 0.38379 0.402994 0.963442 0.538497 0.472241 0.901958 0.36074 0.357923 0.406713 0.6973 0.402221 0.394848 0.40345 0.7027 0.420207 0.401964 0.694445 0.48102 1.65905 0.901 0.405545 0.385258 0.403025 0.355637 1.45667 0.426283 0.440358 0.423397 0.341905 1.4524 0.419459 0.375842 0.400296 0.458743
Testing:
Lab Growth Rates:
0.3
Dot Production Prediction of Lab Growth Rates:
0.294805
Best performance so far: 
Obj: 4.68895e-310Rho: 2.26291e-314Diff: 4.68895e-310
Anneal again with the best G and E so far as input
Cycle 2Round 1
Iter 500000 pBad 0.945848 T 0.0310503 Obj 1.15664 Rho 0 GRdif 85.5651 success 114853 failure 1238 obj_new 1.15664 SA_pAcc 1 Delta 0.132511 SA_r 0.495237 freedomratio 0.275797
Iter 1000000 pBad 0.869434 T 0.00771294 Obj 1.04318 Rho 0 GRdif 24.8548 success 230338 failure 5303 obj_new 1.04318 SA_pAcc 1.00115 Delta 0.0303038 SA_r 0.284226 freedomratio 0.276316
Iter 1500000 pBad 0.82555 T 0.00191591 Obj 1.03761 Rho 0 GRdif 21.7077 success 344937 failure 12248 obj_new 1.03761 SA_pAcc 0.747051 Delta 0.34754 SA_r 0.363095 freedomratio 0.270718
Iter 2000000 pBad 0.722247 T 0.000475915 Obj 1.01893 Rho 0 GRdif 11.0259 success 457727 failure 23196 obj_new 1.01893 SA_pAcc 1 Delta 0.132514 SA_r 0.821117 freedomratio 0.275281
Iter 2500000 pBad 0.635851 T 0.000118218 Obj 1.01402 Rho 0 GRdif 8.18901 success 567461 failure 40439 obj_new 1.01402 SA_pAcc 1 Delta -0.0498218 SA_r 0.177105 freedomratio 0.273871
Iter 3000000 pBad 0.489494 T 2.93656e-05 Obj 1.01138 Rho 0 GRdif 6.65077 success 667639 failure 78659 obj_new 1.01138 SA_pAcc 1 Delta 0.265456 SA_r 0.115627 freedomratio 0.270469
Iter 3500000 pBad 0.244746 T 7.29445e-06 Obj 1.01042 Rho 0 GRdif 6.09594 success 751625 failure 149522 obj_new 1.01042 SA_pAcc 1 Delta -0.0996104 SA_r 0.300429 freedomratio 0.2625
Iter 4000000 pBad 0.120735 T 1.81195e-06 Obj 1.00987 Rho 0 GRdif 5.7776 success 817030 failure 263460 obj_new 1.00987 SA_pAcc 0.1635 Delta -0.114736 SA_r 0.923755 freedomratio 0.239511
Iter 4500000 pBad 0.0631734 T 4.50092e-07 Obj 1.00937 Rho 0 GRdif 5.48418 success 863140 failure 428631 obj_new 1.00937 SA_pAcc 0.457503 Delta -0.00622239 SA_r 0.479271 freedomratio 0.216654
Iter 5000000 pBad 0.0366322 T 1.11804e-07 Obj 1.0091 Rho 0 GRdif 5.32931 success 888433 failure 657517 obj_new 1.0091 SA_pAcc 1 Delta -0.00613337 SA_r 0.343864 freedomratio 0.19885
Iter 5500000 pBad 0.0130533 T 2.77722e-08 Obj 1.00901 Rho 0 GRdif 5.27224 success 902381 failure 928424 obj_new 1.00901 SA_pAcc 0.370821 Delta -0.0105836 SA_r 0.806919 freedomratio 0.182609
Iter 6000000 pBad 0.0060344 T 6.89867e-09 Obj 1.00898 Rho 0 GRdif 5.25655 success 910195 failure 1224214 obj_new 1.00898 SA_pAcc 0.000227682 Delta 0.00505181 SA_r 0.687616 freedomratio 0.175627
Iter 6500000 pBad 0.00267931 T 1.71364e-09 Obj 1.00896 Rho 0 GRdif 5.24731 success 914980 failure 1536271 obj_new 1.00896 SA_pAcc 0 Delta -0.00226985 SA_r 0.934667 freedomratio 0.17203
Iter 7000000 pBad 0.00156081 T 4.25671e-10 Obj 1.00895 Rho 0 GRdif 5.23802 success 917821 failure 1857900 obj_new 1.00895 SA_pAcc 1 Delta -0.00116676 SA_r 0.582454 freedomratio 0.169111
Iter 7500000 pBad 0.00176608 T 1.05737e-10 Obj 1.00894 Rho 0 GRdif 5.23497 success 919311 failure 2185711 obj_new 1.00894 SA_pAcc 1 Delta 0.00165811 SA_r 0.580024 freedomratio 0.16776
Iter 8000000 pBad 0.00179002 T 2.62654e-11 Obj 1.00894 Rho 0 GRdif 5.23317 success 920497 failure 2517025 obj_new 1.00894 SA_pAcc 0 Delta 0.000124951 SA_r 0.553989 freedomratio 0.165401
Iter 8500000 pBad 0.000611628 T 6.52436e-12 Obj 1.00894 Rho 0 GRdif 5.23062 success 923213 failure 2855467 obj_new 1.00894 SA_pAcc 0 Delta -0.000360118 SA_r 0.980528 freedomratio 0.161052
Iter 9000000 pBad 0.000377032 T 1.62066e-12 Obj 1.00893 Rho 0 GRdif 5.23177 success 926958 failure 3195392 obj_new 1.00894 SA_pAcc 0 Delta 0.000243332 SA_r 0.948622 freedomratio 0.159696
Iter 9500000 pBad 4.23153e-33 T 4.02575e-13 Obj 1.00893 Rho 0 GRdif 5.22911 success 930877 failure 3536007 obj_new 1.00893 SA_pAcc 0 Delta 0 SA_r 0.122517 freedomratio 0.14826
Good enough
iter 9.57004e+06 obj1.00893 rho 0 GRdif 5.2281
Training:
Lab Growth Rates:
0.59 0.48 0.47 0.58 0.5 0.686 1.483 0.47 1.345 0.58 0.4 0.56 0.55 0.27 0.724 0.43 0.59 0.43 0.46 0.45 0.53 0.22 0.5 0.55 0.37 1.483 0.56 0.42 0.47 0.47 0.3 0.58 0.56 0.1 0.47 0.37 0.45 0.33 0.1 0.49 0.7 0.5 1.248 0.45 0.1 0.59 0.33 0.4 0.4 0.45 0.54 0.58 0.48 0.5 0.48 0.58 0.42 0.43 0.476 0.46 1.345 0.59 0.5 1.345 0.4 1.483 0.5 0.5 1.483 0.59 0.37 0.68 0.23 0.58 0.46 1.05 0.3 0.58 0.31 0.52 0.4 0.58 0.1 0.686 0.23 0.5 0.46 0.47 0.25 0.58 0.54 0.47 0.36 0.476 0.5 0.37 0.4 0.27 0.65 0.71 0.23 1.248 0.4 0.54 0.53 0.377 0.25 0.4 0.4 0.46 0.4 0.41 1.345 0.68 0.68 1.483 0.17 0.36 1.345 0.4 0.65 1.345 0.41 0.42 0.47 0.4 1.49 0.59 0.58 0.5 0.3 0.485 0.65 0.19 0.3 0.22 0.5 1.43 0.56 0.58 0.485 0.52 0.59 0.51 1.483 0.68 0.27 0.47 0.4 0.46 0.5 0.52 0.485 0.5 0.53 0.59 0.59 0.5 0.09 1.248 0.4 0.43 0.617 0.45 0.42 1.46 0.56 0.36 0.43 0.33 0.25 0.45 0.54 0.53 0.4 0.41 0.4 0.56 0.4 0.52 1.345 0.36 0.54 1.05 0.5 0.377 0.56 0.3 0.54 0.56 0.52 0.17 0.5 0.4 0.4 0.37 0.39 0.65 0.37 0.25 0.3 0.7 0.476 0.4 0.4 1.345 0.37 0.4 0.54 0.54 0.43 0.49 0.23 0.25 0.65 0.59 0.11 0.4 0.54 0.55 0.53 0.39 0.54 0.45 0.56 0.46 0.37 0.637 0.6 0.23 0.55 0.65 0.22 0.59 0.54 0.55 0.58 0.686 0.4 0.4 0.58 0.481 0.58 0.636 0.22 0.47 0.4 0.4 0.4 0.27 0.3 0.56 0.26 0.54 0.45 0.14 0.4 0.53 0.4 0.4 0.59 0.58 0.47 0.19 0.55 0.46 0.37 0.53 0.4 0.901 0.4 0.56 1.46 0.11 0.65 0.45 0.42 0.46 0.42 0.47 0.1 0.4 0.54 0.52 0.42 1.67 0.71 0.648 0.34 0.39 0.481 0.36 0.37 0.33 0.42 0.4 0.43 0.47 0.34 0.46 0.4 0.4 0.42 0.38 0.33 0.38 0.7 0.47 0.45 0.23 0.5 0.54 0.23 0.48 0.635 0.54 1.483 0.58 0.1 0.48 0.59 0.5 1.03 0.52 1.345 0.65 1.05 1.483 0.2 0.4 0.58 0.4 0.47 0.11 0.36 0.4 0.09 0.53 0.37 1.67 0.762 0.54 0.56 1.483 0.45 0.58 0.4 0.27 0.45 0.23 0.301 0.43 0.59 0.5 0.58 0.3 0.4 0.4 0.37 1.66 1.05 1.483 0.54 0.41 0.54 0.4 0.55 1.46 0.5 0.5 0.32 0.37 0.481 0.43 1.4 0.3 0.38 0.465 0.47 0.48 0.5 0.5 0.42 0.54 0.53 0.47 0.42 0.46 0.71 0.636 0.32 0.22 0.59 0.25 0.42 0.22 0.41 0.42 0.5 0.5 0.53 0.55 0.3 0.43 0.45 0.19 0.47 0.65 0.41 1.42 0.55 0.47 0.53 0.465 0.3 0.56 0.637 0.6 0.301 0.636 0.41 0.2 0.09 1.05 0.7 0.47 0.52 0.46 0.54 0.33 0.901 0.55 0.5 0.54 0.58 0.46 0.39 0.47 0.43 0.54 0.26 0.39 0.4 0.17 0.42 0.485 0.901 0.5 0.25 0.4 0.55 0.23 0.5 0.53 0.52 0.31 0.901 0.36 0.1 0.46 0.4 0.4 0.32 0.47 1.38 0.4 0.47 0.54 1.483 0.27 0.53 0.55 0.48 0.46 0.45 0.52 1.345 0.3 0.47 0.53 0.22 0.4 0.22 0.51 0.5 0.45 0.43 0.42 0.724 0.6 0.46 0.4 0.53 0.42 0.762 0.46 0.46 0.4 0.54 0.54 0.48 0.36 0.54 0.377 0.5 0.56 0.39 1.44 1.43 0.45 0.46 1.35 0.2 0.54 1.345 0.762 0.54 0.1 0.56 0.42 0.25 0.37 0.762 0.3 0.635 0.56 1.248 0.648 0.38 0.31 0.33 0.724 1.46 0.4 0.37 0.52 0.34 0.14 0.56 0.41 0.37 0.5 0.4 0.4 0.51 0.648 0.46 0.6 0.301 1.483 0.59 0.4 1.345 0.68 0.52 0.4 1.248 0.56 0.58 0.901 0.33 0.5 0.41 0.465 0.4 0.4 0.4 0.635 0.45 0.4 0.637 0.5 1.66 0.901 0.4 0.42 0.4 0.38 0.45 0.49 0.33 0.26 0.48 0.1 0.45 0.36 0.46 0.5
Dot Production Prediction of Lab Growth Rates:
0.371826 0.377156 0.425771 0.355807 0.467548 0.707482 0.708855 0.395817 0.741128 0.396765 0.402326 0.527284 0.442125 0.345019 0.705294 0.397482 0.548849 0.436918 0.439876 0.389595 0.529513 0.406948 0.510902 0.551645 0.43102 0.689293 0.543635 0.371773 0.405805 0.404962 0.299703 0.41346 0.470713 0.204223 0.442089 0.444332 0.417852 0.458727 0.227149 0.405453 0.704703 0.514413 1.15909 1.51259 1.40359 0.547115 0.480505 0.398492 0.401754 1.45543 0.535335 0.469079 0.381005 0.535203 0.375496 0.469189 0.39361 0.44358 0.49952 0.453062 0.694261 0.551787 0.399129 0.690598 0.399763 0.709682 0.479612 0.481435 0.691734 0.414892 0.439191 0.681039 0.536092 0.393787 0.413693 1.04859 0.388001 0.479086 0.500792 0.412379 0.393303 0.401424 0.448926 0.708044 0.446048 0.401286 0.458777 0.386618 0.472413 0.474261 0.442961 0.389966 0.370724 0.503137 0.529132 0.437717 0.401957 0.378345 0.651249 0.702838 0.44562 1.16697 0.399456 0.408101 0.431634 0.498332 0.394339 0.400652 0.399935 0.382613 0.399143 0.496407 0.693325 0.675434 0.677749 0.68244 0.373964 0.382388 0.716024 0.401776 0.656379 0.67158 0.40171 0.353674 0.387841 0.396003 1.51259 0.551137 0.47127 0.489481 0.307895 0.491156 0.633499 0.374044 0.318443 0.441169 0.54277 1.42048 0.483075 0.401566 0.492528 0.409579 0.543313 0.409319 0.706928 0.680864 0.418169 0.39647 0.399732 0.342776 0.536549 0.393114 0.490467 0.399158 0.414806 0.354126 0.371885 0.508634 0.402963 1.1782 0.401361 0.404812 0.615997 0.387638 0.382716 1.21976 0.475928 0.422906 0.404777 0.364144 0.551082 0.369542 0.38738 0.395675 0.392814 0.400094 0.401697 0.543526 0.402409 0.405681 0.718202 0.372598 0.42162 1.04873 0.377789 0.496864 0.535341 0.265057 0.447514 0.469924 0.403525 0.381732 0.526807 0.394168 0.397486 0.431714 0.346921 0.626139 0.434772 0.34621 0.303914 0.693669 0.503264 0.398656 0.402761 0.672228 0.416928 0.399473 0.447043 0.538012 0.417149 0.401237 0.527079 0.487789 0.648907 0.374736 0.379926 0.402514 0.544662 0.437732 0.551516 0.373708 0.418901 0.372479 0.535281 0.422054 0.41466 0.692578 0.316233 0.52087 0.546388 0.650399 0.468048 0.54616 0.543741 0.434671 0.472881 0.706598 0.401869 0.397728 0.471996 0.493775 0.376564 0.704264 0.465382 0.441176 0.402363 0.401427 0.369638 0.395389 0.323081 0.539289 0.397523 0.443552 0.411084 0.139842 0.402264 0.534465 0.403978 0.397786 0.374844 0.472693 0.420141 0.370552 0.550115 0.466989 0.355063 0.531998 0.399955 1.1031 0.400191 0.471621 0.995113 0.406458 0.638993 1.43258 0.401078 0.459469 0.384909 0.414834 0.196482 0.396077 0.414801 0.410028 0.513887 1.42777 0.708826 0.695564 0.354034 0.367807 0.493941 0.395704 0.501336 0.400538 0.354743 0.403718 0.431457 0.455886 0.356804 0.490817 0.403056 0.398056 0.414005 0.393295 0.393038 0.371446 0.703218 0.451153 1.44906 0.538625 0.414396 0.445872 0.537046 0.368742 0.694198 0.396308 0.688892 0.388219 0.453368 0.354595 0.35033 0.366169 1.02856 0.410605 0.710253 0.654009 1.24743 0.658295 0.395399 0.401837 0.470229 0.393501 0.422184 0.412593 0.386514 0.393314 0.442747 0.522898 0.429275 1.48102 1.23907 0.536327 0.525918 0.687298 0.3643 0.48047 0.397188 0.400077 1.47488 0.527229 0.496486 0.428681 0.36462 0.375346 0.372649 0.426504 0.401266 0.399403 0.448091 1.65756 1.01047 0.693292 0.37649 0.383233 0.388475 0.400961 0.548637 1.00916 0.499508 0.429124 0.391665 0.43018 0.491617 0.427392 1.39785 0.303058 0.350651 0.496817 0.372215 0.390429 0.499229 0.470194 0.403849 0.406263 0.422069 0.463541 0.392806 0.439747 0.704105 0.68877 0.371112 0.394204 0.55041 1.47698 0.381797 0.465165 0.497475 0.380599 0.374546 0.376278 0.53048 0.433583 0.299084 0.400735 0.369182 0.38011 0.398421 0.649594 0.485854 1.48978 0.43795 0.406946 0.491061 0.49914 0.308218 0.549234 0.694695 0.305751 0.500279 0.705568 0.405363 0.419004 0.38024 1.04857 0.698511 0.391528 0.391561 0.424554 0.534014 0.371237 0.896582 0.544703 0.481736 0.430529 0.458994 0.374202 0.365808 0.422513 0.396752 0.407154 0.501013 0.388162 0.397751 0.432446 0.498867 0.497185 0.901944 0.492852 0.405799 0.371678 0.426031 0.446897 0.364173 0.386453 0.380169 0.495686 0.898431 0.395181 0.390028 0.438198 0.395696 0.416795 0.359489 0.420021 1.00491 0.401202 0.409239 0.542045 0.696628 0.534108 0.458497 0.549432 0.354126 0.464039 0.404425 0.416938 0.715514 0.299532 0.383634 0.388211 0.466397 0.400578 0.466364 0.421439 0.474956 1.50195 0.389482 0.392156 0.703315 0.310442 0.353554 0.397917 0.335124 0.384132 1.2234 0.482429 0.486135 0.399363 0.403704 0.358391 0.348313 0.432079 0.369306 0.496167 0.522899 0.478056 0.358727 1.52492 1.43503 0.40324 0.399496 1.34792 0.413948 0.437698 0.726565 1.24722 0.430859 0.55652 0.539509 0.518033 0.404523 0.450422 1.2275 0.407625 0.692358 0.535988 1.16011 0.693886 0.402292 0.500401 0.408188 0.704477 1.00613 0.400963 0.446703 0.411889 0.384997 0.13956 0.546253 0.355187 0.419846 0.520948 0.397774 0.401405 0.427088 0.695979 0.461036 0.304505 0.498129 0.67933 0.407114 0.39509 0.70672 0.679367 0.403924 0.401152 1.16464 0.542893 0.468345 0.899824 0.374542 0.366912 0.417249 0.501773 0.400344 0.393155 0.399434 0.693465 0.435446 0.401135 0.691931 0.473252 1.65715 0.899833 0.40262 0.387049 0.399964 0.364108 1.44781 0.412785 0.43757 0.463389 0.352427 0.199536 0.426108 0.392766 0.399278 0.454019
Testing:
Lab Growth Rates:
0.3
Dot Production Prediction of Lab Growth Rates:
0.290555
Best performance so far: 
Obj: 4.68895e-310Rho: 6.5069e-314Diff: 4.68895e-310
Test:
 Lab Growth Rates:
0.3Dot Product Prediction of Growth Rate:
0.2905546