seed =  5 traits =  1 
Training: part  10 
Training: part  10 
Round  1 
 Goal of obj  0.99 
Temperature range:  0.125 2.5e-13 
Cycle 1Round 1
Iter 500000 pBad 0.927635 T 0.0325059 Obj 1.14167 Rho 0 GRdif 77.6383 success 147662 failure 1983 obj_new 1.14167 SA_pAcc 1.00672 Delta 0.327881 SA_r 0.0290587 freedomratio 0.369483
Iter 1000000 pBad 0.8737 T 0.00845306 Obj 1.07211 Rho 0 GRdif 40.8004 success 294491 failure 6177 obj_new 1.07211 SA_pAcc 0.989087 Delta -0.223933 SA_r 0.0832979 freedomratio 0.369716
Iter 1500000 pBad 0.843987 T 0.00219819 Obj 1.04021 Rho 0 GRdif 23.1022 success 440604 failure 13635 obj_new 1.04021 SA_pAcc 0.873712 Delta -0.532906 SA_r 0.797882 freedomratio 0.376849
Iter 2000000 pBad 0.769825 T 0.000571633 Obj 1.01977 Rho 0 GRdif 11.4698 success 585110 failure 23127 obj_new 1.01977 SA_pAcc 0.999812 Delta 0.0114816 SA_r 0.780321 freedomratio 0.369483
Iter 2500000 pBad 0.652536 T 0.000148651 Obj 1.01398 Rho 0 GRdif 8.13471 success 725426 failure 41117 obj_new 1.01398 SA_pAcc 1.10428 Delta -0.309498 SA_r 0.93484 freedomratio 0.362624
Iter 3000000 pBad 0.5062 T 3.86563e-05 Obj 1.01088 Rho 0 GRdif 6.34167 success 854589 failure 82424 obj_new 1.01088 SA_pAcc 1 Delta -0.332135 SA_r 0.803662 freedomratio 0.357317
Iter 3500000 pBad 0.30783 T 1.00524e-05 Obj 1.01053 Rho 0 GRdif 6.13751 success 966974 failure 158805 obj_new 1.01053 SA_pAcc 0.985298 Delta -0.22196 SA_r 0.437183 freedomratio 0.347774
Iter 4000000 pBad 0.15028 T 2.61411e-06 Obj 1.00998 Rho 0 GRdif 5.8169 success 1051666 failure 291964 obj_new 1.00998 SA_pAcc 1 Delta -0.0010779 SA_r 0.932906 freedomratio 0.313034
Iter 4500000 pBad 0.0705122 T 6.7979e-07 Obj 1.00943 Rho 0 GRdif 5.50057 success 1110130 failure 484279 obj_new 1.00943 SA_pAcc 0.309874 Delta 0.0318303 SA_r 0.64776 freedomratio 0.280786
Iter 5000000 pBad 0.0382703 T 1.76777e-07 Obj 1.0091 Rho 0 GRdif 5.31082 success 1146802 failure 735661 obj_new 1.0091 SA_pAcc 0.00923724 Delta -0.0380972 SA_r 0.774497 freedomratio 0.245394
Iter 5500000 pBad 0.018823 T 4.59703e-08 Obj 1.00889 Rho 0 GRdif 5.18529 success 1168613 failure 1036039 obj_new 1.00889 SA_pAcc 0.018681 Delta -0.00273221 SA_r 0.45095 freedomratio 0.220384
Iter 6000000 pBad 0.0120989 T 1.19544e-08 Obj 1.00879 Rho 0 GRdif 5.17671 success 1180672 failure 1372180 obj_new 1.00887 SA_pAcc 0 Delta 0.00522825 SA_r 0.764443 freedomratio 0.209585
Iter 6500000 pBad 0.00539311 T 3.10871e-09 Obj 1.00874 Rho 0 GRdif 5.09987 success 1188493 failure 1728779 obj_new 1.00874 SA_pAcc 1 Delta 0.002907 SA_r 0.921015 freedomratio 0.198779
Iter 7000000 pBad 0.00213155 T 8.08411e-10 Obj 1.00871 Rho 0 GRdif 5.08575 success 1193457 failure 2101595 obj_new 1.00872 SA_pAcc 0 Delta 0.00104985 SA_r 0.376224 freedomratio 0.190445
Iter 7500000 pBad 0.000369905 T 2.10225e-10 Obj 1.0087 Rho 0 GRdif 5.07993 success 1196481 failure 2485443 obj_new 1.00871 SA_pAcc 0 Delta -0.000358173 SA_r 0.707289 freedomratio 0.18734
Iter 8000000 pBad 0.000760112 T 5.46683e-11 Obj 1.00869 Rho 0 GRdif 5.08808 success 1197853 failure 2875153 obj_new 1.00872 SA_pAcc 0 Delta 0.000193789 SA_r 0.555782 freedomratio 0.186624
Iter 8500000 pBad 0.000124235 T 1.42163e-11 Obj 1.00869 Rho 0 GRdif 5.07112 success 1199050 failure 3266771 obj_new 1.00869 SA_pAcc 1 Delta -1.63328e-05 SA_r 0.262936 freedomratio 0.185209
Iter 9000000 pBad 5.98839e-05 T 3.6969e-12 Obj 1.00869 Rho 0 GRdif 5.07029 success 1201498 failure 3656387 obj_new 1.00869 SA_pAcc 0 Delta -5.35236e-05 SA_r 0.545416 freedomratio 0.181762
Iter 9500000 pBad 3.7888e-45 T 9.61368e-13 Obj 1.00869 Rho 0 GRdif 5.13556 success 1203393 failure 3988933 obj_new 1.0088 SA_pAcc 0 Delta 0 SA_r 0.276313 freedomratio 0.175344
Iter 10000000 pBad 2.45333e-174 T 2.50001e-13 Obj 1.00869 Rho 0 GRdif 5.1254 success 1203393 failure 4297529 obj_new 1.00878 SA_pAcc 0 Delta 0 SA_r 0.17484 freedomratio 0.164746
Cannot move further
iter 9.29222e+06 obj1.00869 rho 0 GRdif 5.06872
Training:
Lab Growth Rates:
0.4 0.42 0.45 0.59 0.377 0.43 0.42 1.05 0.38 0.4 0.53 0.38 0.59 0.56 0.46 0.45 0.23 0.27 0.56 1.345 0.4 0.47 0.4 1.42 0.37 0.32 0.49 0.1 0.25 0.901 0.5 0.47 0.11 0.56 0.1 0.58 0.41 0.47 0.31 0.47 0.51 0.43 0.724 0.45 0.54 0.37 0.4 0.46 0.1 0.26 0.4 0.42 0.53 0.53 1.345 0.56 0.4 0.45 0.762 0.53 0.43 0.55 0.46 0.54 0.3 0.14 0.48 0.19 0.3 0.68 0.48 0.59 0.3 0.34 0.48 0.54 0.48 0.26 0.5 0.636 0.3 0.33 0.635 0.46 0.52 0.45 0.53 0.59 0.36 0.762 0.58 0.45 0.39 0.32 0.09 0.22 0.37 0.54 1.248 0.4 0.45 0.37 0.36 0.5 0.637 0.5 0.5 0.45 0.5 0.4 1.66 0.46 0.37 0.53 1.66 0.33 0.47 1.345 0.65 0.56 0.55 0.59 0.52 0.42 0.68 0.5 0.42 0.54 0.42 0.27 0.09 0.27 0.5 0.901 0.3 1.483 0.4 0.1 0.47 1.248 0.33 0.54 1.49 1.67 0.58 0.58 0.3 0.52 0.52 0.65 0.4 0.5 0.56 0.6 0.39 0.4 0.33 1.44 0.56 0.465 0.59 1.46 0.42 0.48 0.23 1.483 0.49 0.56 0.6 0.481 0.4 0.53 0.56 0.46 0.54 0.46 0.17 0.19 0.5 0.635 0.36 1.483 0.4 0.46 0.39 0.5 0.52 0.5 0.43 0.55 0.46 0.46 0.5 0.481 0.53 0.485 0.5 0.47 0.25 1.35 0.25 0.54 0.5 0.23 0.41 0.2 0.58 0.55 0.6 0.43 0.54 0.43 0.33 0.46 0.4 1.345 0.39 0.617 0.51 1.46 0.37 0.45 0.46 0.31 0.2 0.09 0.46 0.11 0.4 0.52 0.637 0.901 0.465 0.54 0.22 0.5 0.4 0.42 0.33 0.4 0.37 0.23 0.3 0.53 0.54 1.05 0.38 0.65 1.345 1.67 0.45 0.55 0.49 0.42 0.4 0.648 1.03 0.5 0.56 0.5 0.4 0.3 0.1 0.4 0.4 0.17 0.4 0.39 0.54 0.46 0.1 0.54 0.485 0.59 0.54 0.4 0.47 1.483 0.5 0.47 0.4 0.42 0.59 0.54 0.55 1.345 0.53 0.68 0.54 0.65 0.42 1.46 0.47 0.58 0.4 0.41 0.25 0.37 0.59 0.485 0.301 0.48 0.58 0.33 0.36 0.4 0.4 0.25 0.45 0.45 0.45 0.45 0.762 0.54 0.47 0.4 0.4 0.46 0.47 0.37 0.4 1.248 1.483 1.345 0.47 1.345 1.43 0.46 0.68 0.17 0.39 0.724 1.248 0.43 0.5 0.52 0.22 0.4 0.58 0.56 0.41 0.37 0.55 1.05 1.46 0.46 0.22 0.901 0.68 0.34 0.5 0.59 0.47 0.377 0.27 0.4 0.5 0.33 0.4 0.59 0.65 0.4 0.65 0.4 0.7 0.377 0.476 0.58 0.5 0.56 0.58 0.46 0.7 0.42 0.23 0.71 0.23 0.58 0.4 0.47 0.47 0.54 0.301 0.54 0.5 1.05 0.481 0.2 0.27 0.42 0.43 0.41 0.53 0.37 0.5 0.58 0.4 0.301 0.4 0.7 1.345 0.42 0.43 0.46 0.58 0.3 0.465 0.36 0.56 0.56 0.42 0.45 0.52 0.476 0.476 0.25 0.4 0.54 0.4 0.46 0.47 0.38 0.4 0.4 0.53 0.56 0.37 0.59 0.4 0.54 0.56 0.5 0.59 0.55 0.4 0.4 1.345 0.36 0.4 0.4 0.901 0.54 0.65 0.25 0.5 0.65 0.48 0.22 0.48 0.3 1.483 0.23 0.43 0.59 0.52 0.4 0.26 0.54 0.34 0.4 1.38 0.53 0.55 0.25 0.48 0.55 0.3 0.36 0.58 0.4 0.41 0.4 0.23 0.4 0.37 0.47 0.4 0.3 0.5 0.56 0.43 0.54 1.43 0.4 0.52 0.901 0.648 0.65 0.58 0.46 0.637 0.52 0.3 0.55 0.5 0.37 0.5 0.53 0.724 0.36 0.58 0.22 0.635 0.636 0.43 0.4 1.483 0.11 0.47 0.58 0.5 1.248 0.58 0.7 0.47 0.42 0.58 0.37 0.47 0.41 0.59 1.05 1.345 0.59 0.54 0.5 0.4 0.1 0.45 0.485 0.4 0.53 0.36 0.45 0.33 1.483 0.762 0.22 0.41 0.42 0.4 0.47 0.52 0.5 0.4 0.54 0.636 0.3 0.71 0.58 0.19 0.32 0.45 0.4 0.4 0.14 0.27 1.4 1.483 1.483 0.6 0.54 1.483 0.55 0.22 0.56 0.37 0.1 0.71 0.23 0.4 0.42 0.38 0.47 0.648 0.54 0.31 0.45 0.51 1.483 0.1 0.47 1.345 0.41 0.58 0.5
Dot Production Prediction of Lab Growth Rates:
0.400989 0.364931 1.59342 0.392553 0.71329 0.400545 0.534102 1.01659 0.336831 0.397019 0.363972 0.400715 0.550223 0.541456 0.414466 0.401095 0.531217 0.541892 0.481708 0.815968 0.400295 0.381386 0.400786 1.55687 0.42705 0.349901 0.418495 0.462496 0.375622 0.902525 0.480306 0.373622 0.363453 0.529048 0.77002 0.480246 0.37249 0.442938 0.511249 0.36739 0.408751 0.450137 0.710364 1.60058 0.539677 0.444074 0.401808 0.36206 0.456111 0.457539 0.40473 0.526805 0.52894 0.533434 0.789854 0.532755 0.40459 0.425122 0.914437 0.538093 0.429918 0.465666 0.338935 0.461186 0.418004 0.140328 0.317262 0.369434 0.313632 0.676691 0.335724 0.546415 0.300321 0.34725 0.363738 0.402267 0.380982 0.385539 0.471565 0.701135 0.287901 0.340864 0.703571 0.388378 0.406862 0.371489 0.533586 0.546786 0.38177 0.913607 0.465733 0.394556 0.359558 0.333567 0.450406 0.473274 0.421829 0.560104 0.944067 0.405016 0.366694 0.421793 0.38012 0.537397 0.704536 0.505895 0.527847 1.53546 0.501148 0.404141 1.66 0.49321 0.42879 0.361357 1.65879 0.398441 0.408491 0.819538 0.665881 0.473017 0.46288 0.36527 0.384771 0.365563 0.682532 0.419444 0.365858 0.35001 0.387021 0.376811 0.367677 0.392836 0.479404 0.900579 0.3 0.772995 0.394521 0.771574 0.377146 0.932921 0.358035 0.538031 1.5928 1.57256 0.484846 0.418889 0.312093 0.397327 0.420166 0.64893 0.398389 0.468387 0.477672 0.311473 0.352068 0.402413 0.360415 1.57596 0.532759 0.718457 0.369525 1.00708 0.378742 0.374556 0.434214 0.779152 0.403231 0.53029 0.311948 0.712184 0.40022 0.31394 0.533046 0.458408 0.462397 0.420446 0.355654 0.348056 0.495339 0.704668 0.373368 0.806581 0.400667 0.454592 0.332212 0.529626 0.400114 0.507867 0.39226 0.474745 0.464148 0.470847 0.404691 0.712141 0.507667 0.709398 0.366884 0.409639 0.33726 1.35 1.57488 0.360222 0.347395 0.536406 0.419036 0.384112 0.452131 0.541258 0.309713 0.391272 0.456905 0.428608 0.477499 0.460579 0.395722 0.793243 0.370285 0.617129 0.436499 0.997938 0.508 0.380294 0.438494 0.527875 0.404336 0.400408 0.49985 0.408574 0.396887 0.406117 0.702787 0.900382 0.71136 0.41033 0.472287 0.553798 0.401766 0.333305 0.486758 0.400938 0.426052 0.539523 0.264457 0.544177 0.54685 1.22946 0.338485 0.637369 0.800912 1.49052 0.398804 0.469465 0.400701 0.4174 0.345819 0.706783 1.03 0.360294 0.536212 0.470956 0.402785 0.356236 1.46507 0.401896 0.400703 0.434602 0.401206 0.386464 0.402934 0.485172 0.900276 0.390452 0.707941 0.354828 0.323776 0.400565 0.394146 0.787244 0.500161 0.378297 0.401497 0.334293 0.336209 0.537509 0.539115 0.791191 0.45337 0.673472 0.424132 0.657002 0.371805 0.995812 0.40045 0.33226 0.396181 0.390099 0.473222 0.325665 0.546075 0.71112 0.71719 0.373214 0.384182 0.382284 0.355241 0.400038 0.402279 0.378698 0.366606 1.56591 0.370535 1.54861 0.904041 0.403278 0.467536 0.39957 0.402672 0.380485 0.397928 0.436859 0.395812 0.933642 0.773935 0.819148 0.453077 0.793378 1.4348 0.429655 0.684765 0.350713 0.349424 0.708541 0.935164 0.382611 0.38576 0.410771 0.381004 0.396967 0.394628 0.534165 0.708244 0.423478 0.551917 1.05403 1.22467 0.453311 0.442264 0.901 0.680307 0.364182 0.35327 0.547684 0.443706 0.710571 0.333504 0.402504 0.396895 0.401586 0.400638 0.408275 0.646568 0.402884 0.635217 0.400553 0.704307 0.706117 0.717285 0.391683 0.545532 0.543978 0.473462 0.32945 0.70026 0.53205 0.434766 0.708181 0.536521 0.469338 0.404445 0.402153 0.396535 0.54974 0.718554 0.39274 0.531562 1.05 0.706216 0.411507 0.397534 0.353186 0.390986 0.3458 0.389507 0.433898 0.347265 0.471456 0.400168 0.722422 0.402575 0.69997 0.807133 0.340943 0.394979 0.459867 0.372979 0.307171 0.70766 0.347565 0.471514 0.476255 0.383481 1.5928 0.396955 0.72027 0.712811 0.610851 0.40211 0.394399 0.402472 0.437506 0.388373 0.391827 0.400056 0.400422 0.417727 0.535701 0.425998 0.348857 0.397402 0.461853 0.531714 0.548362 0.546253 0.474357 0.396422 0.397746 0.781644 0.374819 0.395282 0.397492 0.905497 0.453463 0.642437 0.375613 0.497954 0.652564 0.328348 0.473242 0.343952 0.317877 0.807377 0.537237 0.432254 0.352944 0.380911 0.400658 0.52521 0.410404 0.332854 0.395135 1.0385 0.418441 0.543843 0.501104 0.355339 0.553112 0.324314 0.360793 0.473387 0.396971 0.70699 0.402019 0.434702 0.401162 0.437962 0.450763 0.399712 0.303672 0.511416 0.473808 0.425018 0.535024 1.41291 0.400104 0.374443 0.901002 0.704704 0.657204 0.480604 0.390368 0.703322 0.41069 0.304664 0.546931 0.481721 0.449294 0.351363 0.478435 0.709283 0.440994 0.396781 0.470146 0.701382 0.70885 0.441066 0.403518 0.765464 0.392809 0.37836 0.352305 0.483835 0.937682 0.383046 0.69806 0.401508 0.366779 0.474285 0.412602 0.396198 0.395319 0.547404 1.04266 0.808454 0.35666 0.392573 0.38686 0.394779 0.845573 0.339385 0.711753 0.400998 0.531824 0.430545 1.52926 0.447419 0.780917 0.912688 0.473071 0.702125 0.383339 0.397774 0.357805 0.391288 0.370604 0.401065 0.397464 0.707387 0.390701 0.709896 0.468096 0.355145 0.359632 0.419287 0.353794 0.401804 0.139371 0.401871 1.48979 0.785821 0.781091 0.313675 0.455501 0.803996 0.469502 0.411653 0.540243 0.424901 0.60652 0.705645 0.531037 0.400867 0.376314 0.344675 0.411103 0.706898 0.37261 0.508007 0.350392 0.426511 0.782841 0.369534 0.374697 0.784459 0.416207 0.46825 0.459646
Testing:
Lab Growth Rates:
0.686 0.686 0.686
Dot Production Prediction of Lab Growth Rates:
0.710789 0.712546 0.712103
Best performance so far: 
Obj: 4.67969e-310Rho: 2.26291e-314Diff: 4.67969e-310
Anneal again with the best G and E so far as input
Cycle 2Round 1
Iter 500000 pBad 0.952651 T 0.0325059 Obj 1.13534 Rho 0 GRdif 74.3811 success 117914 failure 1327 obj_new 1.13534 SA_pAcc 1 Delta 0.0473088 SA_r 0.548106 freedomratio 0.283229
Iter 1000000 pBad 0.887303 T 0.00845306 Obj 1.06355 Rho 0 GRdif 36.1076 success 234670 failure 5048 obj_new 1.06355 SA_pAcc 0.994293 Delta -0.336733 SA_r 0.161854 freedomratio 0.281325
Iter 1500000 pBad 0.821932 T 0.00219819 Obj 1.03254 Rho 0 GRdif 18.7656 success 350989 failure 11052 obj_new 1.03254 SA_pAcc 1.22217 Delta 0.692926 SA_r 0.687492 freedomratio 0.277989
Iter 2000000 pBad 0.739386 T 0.000571633 Obj 1.0231 Rho 0 GRdif 13.3804 success 465564 failure 20148 obj_new 1.0231 SA_pAcc 1.92905 Delta -0.645841 SA_r 0.800026 freedomratio 0.281055
Iter 2500000 pBad 0.712479 T 0.000148651 Obj 1.0176 Rho 0 GRdif 10.2239 success 576486 failure 36866 obj_new 1.0176 SA_pAcc 1 Delta 0.16926 SA_r 0.245821 freedomratio 0.278121
Iter 3000000 pBad 0.496018 T 3.86563e-05 Obj 1.0143 Rho 0 GRdif 8.32155 success 680412 failure 68685 obj_new 1.0143 SA_pAcc 1 Delta 0.39659 SA_r 0.633655 freedomratio 0.274345
Iter 3500000 pBad 0.27635 T 1.00524e-05 Obj 1.01239 Rho 0 GRdif 7.2142 success 769505 failure 132347 obj_new 1.01239 SA_pAcc 1 Delta 0.144443 SA_r 0.456829 freedomratio 0.263252
Iter 4000000 pBad 0.217457 T 2.61411e-06 Obj 1.01089 Rho 0 GRdif 6.34883 success 844355 failure 228345 obj_new 1.01089 SA_pAcc 1.11158 Delta -0.0291525 SA_r 0.948714 freedomratio 0.255672
Iter 4500000 pBad 0.0773939 T 6.7979e-07 Obj 1.01011 Rho 0 GRdif 5.89616 success 899231 failure 372000 obj_new 1.01011 SA_pAcc 0.497016 Delta -0.0632415 SA_r 0.493258 freedomratio 0.224521
Iter 5000000 pBad 0.0477393 T 1.76777e-07 Obj 1.00994 Rho 0 GRdif 5.7947 success 928979 failure 585989 obj_new 1.00994 SA_pAcc 1 Delta -0.0348242 SA_r 0.362026 freedomratio 0.211782
Iter 5500000 pBad 0.021365 T 4.59703e-08 Obj 1.00981 Rho 0 GRdif 5.71982 success 945956 failure 842216 obj_new 1.00981 SA_pAcc 0.00697634 Delta -0.00595311 SA_r 0.0692066 freedomratio 0.1927
Iter 6000000 pBad 0.0094135 T 1.19544e-08 Obj 1.00975 Rho 0 GRdif 5.72406 success 954976 failure 1129235 obj_new 1.00982 SA_pAcc 0 Delta 0.00376464 SA_r 0.0456068 freedomratio 0.184045
Iter 6500000 pBad 0.00481528 T 3.10871e-09 Obj 1.00972 Rho 0 GRdif 5.67102 success 959936 failure 1432728 obj_new 1.00972 SA_pAcc 1.89092e-49 Delta -0.000162579 SA_r 0.839363 freedomratio 0.17855
Iter 7000000 pBad 0.00258443 T 8.08411e-10 Obj 1.0097 Rho 0 GRdif 5.65739 success 962952 failure 1746359 obj_new 1.0097 SA_pAcc 2.06425e-41 Delta -0.00111992 SA_r 0.427196 freedomratio 0.175292
Iter 7500000 pBad 0.000900823 T 2.10225e-10 Obj 1.00969 Rho 0 GRdif 5.65148 success 964976 failure 2067028 obj_new 1.00969 SA_pAcc 1 Delta 0.00048223 SA_r 0.878007 freedomratio 0.173322
Iter 8000000 pBad 0.00156167 T 5.46683e-11 Obj 1.00969 Rho 0 GRdif 5.64818 success 966584 failure 2393970 obj_new 1.00969 SA_pAcc 1 Delta -0.000528866 SA_r 0.354958 freedomratio 0.169315
Iter 8500000 pBad 0.000312251 T 1.42163e-11 Obj 1.00968 Rho 0 GRdif 5.64646 success 967615 failure 2726395 obj_new 1.00968 SA_pAcc 0 Delta 0.000173919 SA_r 0.263756 freedomratio 0.168053
Iter 9000000 pBad 0.000171041 T 3.6969e-12 Obj 1.00968 Rho 0 GRdif 5.64474 success 969358 failure 3060505 obj_new 1.00968 SA_pAcc 1 Delta 7.15062e-05 SA_r 0.647168 freedomratio 0.16643
Iter 9500000 pBad 1.6374e-48 T 9.61368e-13 Obj 1.00968 Rho 0 GRdif 5.6445 success 974955 failure 3341711 obj_new 1.00968 SA_pAcc 1 Delta 0 SA_r 0.512794 freedomratio 0.15474
Good enough
iter 9.3311e+06 obj1.00968 rho 0 GRdif 5.6445
Training:
Lab Growth Rates:
0.4 0.42 0.45 0.59 0.377 0.43 0.42 1.05 0.38 0.4 0.53 0.38 0.59 0.56 0.46 0.45 0.23 0.27 0.56 1.345 0.4 0.47 0.4 1.42 0.37 0.32 0.49 0.1 0.25 0.901 0.5 0.47 0.11 0.56 0.1 0.58 0.41 0.47 0.31 0.47 0.51 0.43 0.724 0.45 0.54 0.37 0.4 0.46 0.1 0.26 0.4 0.42 0.53 0.53 1.345 0.56 0.4 0.45 0.762 0.53 0.43 0.55 0.46 0.54 0.3 0.14 0.48 0.19 0.3 0.68 0.48 0.59 0.3 0.34 0.48 0.54 0.48 0.26 0.5 0.636 0.3 0.33 0.635 0.46 0.52 0.45 0.53 0.59 0.36 0.762 0.58 0.45 0.39 0.32 0.09 0.22 0.37 0.54 1.248 0.4 0.45 0.37 0.36 0.5 0.637 0.5 0.5 0.45 0.5 0.4 1.66 0.46 0.37 0.53 1.66 0.33 0.47 1.345 0.65 0.56 0.55 0.59 0.52 0.42 0.68 0.5 0.42 0.54 0.42 0.27 0.09 0.27 0.5 0.901 0.3 1.483 0.4 0.1 0.47 1.248 0.33 0.54 1.49 1.67 0.58 0.58 0.3 0.52 0.52 0.65 0.4 0.5 0.56 0.6 0.39 0.4 0.33 1.44 0.56 0.465 0.59 1.46 0.42 0.48 0.23 1.483 0.49 0.56 0.6 0.481 0.4 0.53 0.56 0.46 0.54 0.46 0.17 0.19 0.5 0.635 0.36 1.483 0.4 0.46 0.39 0.5 0.52 0.5 0.43 0.55 0.46 0.46 0.5 0.481 0.53 0.485 0.5 0.47 0.25 1.35 0.25 0.54 0.5 0.23 0.41 0.2 0.58 0.55 0.6 0.43 0.54 0.43 0.33 0.46 0.4 1.345 0.39 0.617 0.51 1.46 0.37 0.45 0.46 0.31 0.2 0.09 0.46 0.11 0.4 0.52 0.637 0.901 0.465 0.54 0.22 0.5 0.4 0.42 0.33 0.4 0.37 0.23 0.3 0.53 0.54 1.05 0.38 0.65 1.345 1.67 0.45 0.55 0.49 0.42 0.4 0.648 1.03 0.5 0.56 0.5 0.4 0.3 0.1 0.4 0.4 0.17 0.4 0.39 0.54 0.46 0.1 0.54 0.485 0.59 0.54 0.4 0.47 1.483 0.5 0.47 0.4 0.42 0.59 0.54 0.55 1.345 0.53 0.68 0.54 0.65 0.42 1.46 0.47 0.58 0.4 0.41 0.25 0.37 0.59 0.485 0.301 0.48 0.58 0.33 0.36 0.4 0.4 0.25 0.45 0.45 0.45 0.45 0.762 0.54 0.47 0.4 0.4 0.46 0.47 0.37 0.4 1.248 1.483 1.345 0.47 1.345 1.43 0.46 0.68 0.17 0.39 0.724 1.248 0.43 0.5 0.52 0.22 0.4 0.58 0.56 0.41 0.37 0.55 1.05 1.46 0.46 0.22 0.901 0.68 0.34 0.5 0.59 0.47 0.377 0.27 0.4 0.5 0.33 0.4 0.59 0.65 0.4 0.65 0.4 0.7 0.377 0.476 0.58 0.5 0.56 0.58 0.46 0.7 0.42 0.23 0.71 0.23 0.58 0.4 0.47 0.47 0.54 0.301 0.54 0.5 1.05 0.481 0.2 0.27 0.42 0.43 0.41 0.53 0.37 0.5 0.58 0.4 0.301 0.4 0.7 1.345 0.42 0.43 0.46 0.58 0.3 0.465 0.36 0.56 0.56 0.42 0.45 0.52 0.476 0.476 0.25 0.4 0.54 0.4 0.46 0.47 0.38 0.4 0.4 0.53 0.56 0.37 0.59 0.4 0.54 0.56 0.5 0.59 0.55 0.4 0.4 1.345 0.36 0.4 0.4 0.901 0.54 0.65 0.25 0.5 0.65 0.48 0.22 0.48 0.3 1.483 0.23 0.43 0.59 0.52 0.4 0.26 0.54 0.34 0.4 1.38 0.53 0.55 0.25 0.48 0.55 0.3 0.36 0.58 0.4 0.41 0.4 0.23 0.4 0.37 0.47 0.4 0.3 0.5 0.56 0.43 0.54 1.43 0.4 0.52 0.901 0.648 0.65 0.58 0.46 0.637 0.52 0.3 0.55 0.5 0.37 0.5 0.53 0.724 0.36 0.58 0.22 0.635 0.636 0.43 0.4 1.483 0.11 0.47 0.58 0.5 1.248 0.58 0.7 0.47 0.42 0.58 0.37 0.47 0.41 0.59 1.05 1.345 0.59 0.54 0.5 0.4 0.1 0.45 0.485 0.4 0.53 0.36 0.45 0.33 1.483 0.762 0.22 0.41 0.42 0.4 0.47 0.52 0.5 0.4 0.54 0.636 0.3 0.71 0.58 0.19 0.32 0.45 0.4 0.4 0.14 0.27 1.4 1.483 1.483 0.6 0.54 1.483 0.55 0.22 0.56 0.37 0.1 0.71 0.23 0.4 0.42 0.38 0.47 0.648 0.54 0.31 0.45 0.51 1.483 0.1 0.47 1.345 0.41 0.58 0.5
Dot Production Prediction of Lab Growth Rates:
0.400569 0.348478 1.49493 0.364116 0.427466 0.361058 0.444991 0.928495 0.340348 0.397828 0.375617 0.388037 0.545395 0.550408 0.404982 0.409782 0.53262 0.523264 0.474914 0.881699 0.403089 0.392655 0.400147 1.50447 0.44014 0.376543 0.432407 0.411302 0.371831 0.898366 0.478574 0.379464 0.3726 0.53433 1.60465 0.474521 0.356421 0.490801 0.450886 0.412523 0.416432 0.40154 0.717882 1.49677 0.538398 0.44168 0.400689 0.372215 0.398337 0.391282 0.405414 0.435633 0.524243 0.545629 0.781526 0.548213 0.406274 0.408674 1.55428 0.512818 0.393492 0.500125 0.352884 0.484731 0.38191 0.142194 0.34436 0.408325 0.3198 0.655274 0.333399 0.553239 0.292308 0.358762 0.390936 0.359328 0.378909 0.363949 0.463917 0.70118 0.289073 0.348102 0.720657 0.393745 0.460591 0.397514 0.543179 0.543138 0.395857 1.51427 0.455991 0.376052 0.364579 0.353945 0.444813 0.485383 0.415819 0.554512 1.27579 0.405682 0.375404 0.406986 0.408389 0.541821 0.726381 0.511278 0.520525 1.46321 0.505886 0.405502 1.65995 0.428269 0.436623 0.339833 1.66 0.405778 0.349205 0.839112 0.649876 0.457446 0.492312 0.357726 0.387787 0.358662 0.662173 0.42997 0.357017 0.347711 0.35626 0.362632 0.38366 0.401346 0.469533 1.37333 0.303323 0.766226 0.393615 1.62748 0.396161 1.25593 0.371751 0.53208 1.49325 1.48965 0.472685 0.42231 0.302846 0.398781 0.407327 0.652032 0.395934 0.464883 0.477088 0.30714 0.353213 0.403846 0.344603 1.46766 0.537604 0.403831 0.34719 0.953106 0.368866 0.39091 0.473202 0.731307 0.409349 0.538695 0.298984 0.409069 0.398588 0.337952 0.543463 0.468344 0.491141 0.368702 0.337376 0.389313 0.500087 0.721968 0.386995 0.846664 0.403313 0.450896 0.343382 0.539207 0.401803 0.506345 0.40503 0.503559 0.452735 0.473937 0.406515 0.402918 0.413555 0.401289 0.350728 0.410521 0.366555 1.34999 1.49579 0.346774 0.360399 0.549074 0.414747 0.349937 0.457715 0.549754 0.29997 0.358306 0.474755 0.384004 0.468525 0.449979 0.398979 0.776973 0.372106 0.619654 0.43791 0.959473 0.459366 0.364403 0.374702 0.465145 0.358256 0.386353 0.433599 0.422389 0.395246 0.435164 0.721152 0.896191 0.402228 0.412355 0.501599 0.515008 0.401083 0.335316 0.443899 0.404461 0.444234 0.542698 0.262858 0.542987 0.549324 1.48493 0.328316 0.64444 0.86225 1.413 0.385741 0.506547 0.416223 0.415312 0.323257 0.723154 1.03 0.358271 0.543142 0.462132 0.406871 0.337384 1.41121 0.404047 0.405647 0.440298 0.404087 0.388048 0.39489 0.441239 1.94124 0.405303 0.415707 0.366553 0.337941 0.401722 0.380159 0.821384 0.491849 0.388494 0.400263 0.313383 0.357785 0.527088 0.544753 0.843586 0.441304 0.657607 0.424297 0.650838 0.346276 0.899234 0.365394 0.350137 0.401199 0.390079 0.42293 0.322588 0.56801 0.416158 0.441786 0.36641 0.398463 0.367932 0.3653 0.400695 0.402692 0.366931 0.345701 1.43288 0.37329 1.4688 1.51901 0.358197 0.385452 0.34526 0.401927 0.387635 0.382319 0.469178 0.397114 1.24807 0.811882 0.814523 0.385292 0.753662 1.43702 0.409743 0.660379 0.339581 0.355189 0.720608 1.26289 0.394226 0.401073 0.363135 0.382817 0.402275 0.3977 0.539121 0.424012 0.445228 0.563982 1.05242 1.45773 0.460008 0.436852 0.900998 0.66122 0.364007 0.376968 0.551176 0.410067 0.418988 0.342304 0.403239 0.396958 0.408955 0.404079 0.380724 0.658378 0.406424 0.649748 0.403097 0.698166 0.422326 0.405505 0.404432 0.549516 0.551965 0.4573 0.335837 0.701801 0.447126 0.476979 0.717606 0.537276 0.459204 0.40237 0.389131 0.356693 0.549756 0.443126 0.365583 0.540832 1.05 0.403855 0.348992 0.373641 0.336019 0.393471 0.360255 0.40805 0.466954 0.378591 0.456138 0.399964 0.442708 0.404344 0.695701 0.794075 0.353424 0.385805 0.462122 0.391463 0.306102 0.399285 0.356481 0.457934 0.478293 0.361187 1.49325 0.387709 0.405704 0.400976 0.666896 0.402499 0.380113 0.404699 0.380363 0.400238 0.377995 0.40515 0.403976 0.417786 0.5432 0.438975 0.35827 0.400688 0.488016 0.548935 0.56859 0.548751 0.507016 0.398194 0.404179 0.828639 0.386451 0.398265 0.400945 0.90015 0.480484 0.624741 0.364192 0.492874 0.672394 0.343037 0.50156 0.334554 0.3 0.793689 0.543445 0.392143 0.362164 0.443943 0.399141 0.446073 0.41249 0.344125 0.39706 1.0002 0.417247 0.55008 0.489747 0.353861 0.561142 0.325003 0.377062 0.455997 0.401637 0.424485 0.404515 0.475351 0.401893 0.471431 0.496943 0.399547 0.300544 0.502101 0.458425 0.385636 0.537753 1.41613 0.399922 0.356758 0.854873 0.717154 0.649468 0.468669 0.396365 0.721446 0.398807 0.303347 0.556003 0.481265 0.430638 0.361601 0.409237 0.724046 0.433773 0.403717 0.497202 0.722508 0.718531 0.38574 0.40637 0.788221 0.406562 0.384664 0.362792 0.482096 1.26561 0.389684 0.706852 0.387427 0.355926 0.472744 0.388787 0.394067 0.397339 0.543819 1.02523 0.803523 0.341631 0.406801 0.393569 0.397179 1.87045 0.338903 0.404791 0.405152 0.541708 0.4388 1.47919 0.448124 0.725148 1.53232 0.484894 0.428191 0.372126 0.400896 0.343281 0.364025 0.369266 0.402888 0.347193 0.718951 0.369597 0.729254 0.444338 0.391636 0.378769 0.433934 0.329963 0.401597 0.139926 0.384181 1.39929 0.722868 0.831172 0.300131 0.484768 0.798632 0.49269 0.421603 0.547035 0.441634 0.673374 0.712867 0.533583 0.403506 0.355987 0.321934 0.358896 0.716149 0.387868 0.43453 0.365085 0.436932 0.80467 0.36096 0.379593 0.837368 0.422049 0.456663 0.472372
Testing:
Lab Growth Rates:
0.686 0.686 0.686
Dot Production Prediction of Lab Growth Rates:
0.720067 0.719571 0.720455
Best performance so far: 
Obj: 4.67969e-310Rho: 6.5069e-314Diff: 4.67969e-310
Test:
 Lab Growth Rates:
0.686 0.686 0.686Dot Product Prediction of Growth Rate:
0.7200674 0.7195706 0.7204545