seed =  5 traits =  1 
Training: part  145 
Training: part  145 
Round  1 
 Goal of obj  0.99 
Temperature range:  0.125 2.5e-13 
Cycle 1Round 1
Iter 500000 pBad 0.939548 T 0.0325059 Obj 1.13509 Rho 0 GRdif 74.2522 success 147046 failure 1795 obj_new 1.13509 SA_pAcc 1.00061 Delta -0.252743 SA_r 0.486905 freedomratio 0.371827
Iter 1000000 pBad 0.884268 T 0.00845306 Obj 1.06224 Rho 0 GRdif 35.3802 success 294197 failure 6143 obj_new 1.06224 SA_pAcc 1.0415 Delta 0 SA_r 0.0964283 freedomratio 0.373724
Iter 1500000 pBad 0.833092 T 0.00219819 Obj 1.03345 Rho 0 GRdif 19.2829 success 439815 failure 13478 obj_new 1.03345 SA_pAcc 1 Delta -0.379534 SA_r 0.871079 freedomratio 0.368553
Iter 2000000 pBad 0.786293 T 0.000571633 Obj 1.01676 Rho 0 GRdif 9.742 success 583799 failure 24030 obj_new 1.01676 SA_pAcc 0.933883 Delta -0.306355 SA_r 0.350123 freedomratio 0.373011
Iter 2500000 pBad 0.67089 T 0.000148651 Obj 1.01334 Rho 0 GRdif 7.76774 success 723121 failure 44474 obj_new 1.01334 SA_pAcc 1 Delta -0.0360575 SA_r 0.863546 freedomratio 0.370651
Iter 3000000 pBad 0.480757 T 3.86563e-05 Obj 1.01222 Rho 0 GRdif 7.17026 success 852816 failure 85064 obj_new 1.01231 SA_pAcc 0.091874 Delta 0.161654 SA_r 0.308974 freedomratio 0.36809
Iter 3500000 pBad 0.274902 T 1.00524e-05 Obj 1.01106 Rho 0 GRdif 6.45424 success 965804 failure 160460 obj_new 1.01107 SA_pAcc 0.233448 Delta 0.201357 SA_r 0.727172 freedomratio 0.356665
Iter 4000000 pBad 0.141072 T 2.61411e-06 Obj 1.0102 Rho 0 GRdif 5.94957 success 1051806 failure 291116 obj_new 1.0102 SA_pAcc 1 Delta -0.0451735 SA_r 0.379874 freedomratio 0.321096
Iter 4500000 pBad 0.0578112 T 6.7979e-07 Obj 1.00977 Rho 0 GRdif 5.74267 success 1108521 failure 488471 obj_new 1.00985 SA_pAcc 3.88682e-52 Delta 0.00963302 SA_r 0.24944 freedomratio 0.265158
Iter 5000000 pBad 0.0427126 T 1.76777e-07 Obj 1.00958 Rho 0 GRdif 5.59386 success 1142517 failure 746301 obj_new 1.00959 SA_pAcc 1.68573e-17 Delta -0.0294706 SA_r 0.86769 freedomratio 0.244881
Iter 5500000 pBad 0.0192068 T 4.59703e-08 Obj 1.00945 Rho 0 GRdif 5.51558 success 1163316 failure 1046814 obj_new 1.00946 SA_pAcc 2.54029e-40 Delta -0.00416143 SA_r 0.886749 freedomratio 0.224693
Iter 6000000 pBad 0.00883537 T 1.19544e-08 Obj 1.00938 Rho 0 GRdif 5.46917 success 1175553 failure 1377692 obj_new 1.00938 SA_pAcc 1.87904e-12 Delta 0.00867846 SA_r 0.373029 freedomratio 0.210943
Iter 6500000 pBad 0.00396913 T 3.10871e-09 Obj 1.00934 Rho 0 GRdif 5.4669 success 1182162 failure 1730337 obj_new 1.00937 SA_pAcc 0 Delta -0.000647037 SA_r 0.155324 freedomratio 0.202979
Iter 7000000 pBad 0.00360845 T 8.08411e-10 Obj 1.00932 Rho 0 GRdif 5.43659 success 1187495 failure 2095636 obj_new 1.00932 SA_pAcc 0 Delta -0.00289256 SA_r 0.478502 freedomratio 0.19579
Iter 7500000 pBad 0.00147 T 2.10225e-10 Obj 1.0093 Rho 0 GRdif 5.42638 success 1191750 failure 2472537 obj_new 1.0093 SA_pAcc 1 Delta -0.00137319 SA_r 0.83192 freedomratio 0.190817
Iter 8000000 pBad 0.000708418 T 5.46683e-11 Obj 1.00929 Rho 0 GRdif 5.42126 success 1195212 failure 2857954 obj_new 1.00929 SA_pAcc 0 Delta 0.000650706 SA_r 0.785764 freedomratio 0.186387
Iter 8500000 pBad 0.00021894 T 1.42163e-11 Obj 1.00929 Rho 0 GRdif 5.41657 success 1199104 failure 3251326 obj_new 1.00929 SA_pAcc 1 Delta -3.80994e-05 SA_r 0.160313 freedomratio 0.180252
Iter 9000000 pBad 0.00036898 T 3.6969e-12 Obj 1.00928 Rho 0 GRdif 5.41396 success 1205042 failure 3652556 obj_new 1.00928 SA_pAcc 0 Delta -0.000206448 SA_r 0.175538 freedomratio 0.174457
Iter 9500000 pBad 1.66701e-49 T 9.61368e-13 Obj 1.00928 Rho 0 GRdif 5.4129 success 1207610 failure 4015612 obj_new 1.00928 SA_pAcc 0 Delta 0 SA_r 0.569197 freedomratio 0.16786
Iter 10000000 pBad 5.3697e-181 T 2.50001e-13 Obj 1.00928 Rho 0 GRdif 5.41305 success 1207610 failure 4345171 obj_new 1.00928 SA_pAcc 0 Delta 0 SA_r 0.85481 freedomratio 0.151031
Cannot move further
iter 9.27791e+06 obj1.00928 rho 0 GRdif 5.4129
Training:
Lab Growth Rates:
0.48 0.36 0.47 0.46 0.5 0.686 1.483 0.48 1.345 0.58 0.4 0.56 0.55 0.27 0.724 0.43 0.59 0.36 0.46 0.45 0.53 0.43 0.5 0.55 0.37 1.483 0.56 0.53 0.5 0.47 0.3 0.39 0.56 0.1 0.41 0.37 0.45 0.33 0.1 0.45 0.7 0.5 1.248 0.45 0.1 0.59 0.46 0.4 0.4 0.45 0.54 0.58 0.36 0.5 0.42 0.58 0.33 0.43 0.476 0.46 1.345 0.59 0.5 1.345 0.4 1.483 0.5 0.5 1.483 0.59 0.37 0.68 0.23 0.58 0.46 1.05 0.3 0.58 0.31 0.52 0.4 0.54 0.1 0.686 0.23 0.37 0.46 0.52 0.25 0.58 0.54 0.41 0.47 0.476 0.5 0.37 0.4 0.27 0.65 0.71 0.23 1.248 0.4 0.52 0.4 0.377 0.25 0.4 0.4 0.41 0.4 0.41 1.345 0.68 0.68 1.483 0.47 1.345 0.4 0.65 1.345 0.45 0.38 0.19 0.4 1.49 0.59 0.58 0.6 0.3 0.485 0.65 0.51 0.3 0.22 0.5 1.43 0.56 0.58 0.485 0.52 0.59 0.51 1.483 0.68 0.43 0.47 0.4 0.47 0.5 0.52 0.485 0.33 0.53 0.59 0.48 0.5 0.11 1.248 0.4 0.2 0.617 0.45 0.42 1.46 0.56 0.33 0.47 0.5 0.25 0.54 0.52 0.53 0.4 0.41 0.4 0.56 0.4 0.52 1.345 0.36 0.58 1.05 0.5 0.377 0.56 0.3 0.54 0.56 0.46 0.17 0.5 0.4 0.4 0.37 0.39 0.65 0.37 0.25 0.3 0.7 0.476 0.4 0.4 1.345 0.37 0.4 0.54 0.54 0.42 0.49 0.23 0.25 0.65 0.59 0.11 0.4 0.54 0.55 0.53 0.39 0.47 0.54 0.56 0.59 0.58 0.637 0.3 0.23 0.55 0.65 0.22 0.59 0.54 0.55 0.58 0.686 0.4 0.4 0.58 0.481 0.54 0.636 0.22 0.51 0.4 0.4 0.47 0.27 0.3 0.56 0.26 0.54 0.45 0.14 0.4 0.53 0.4 0.4 0.26 0.58 0.4 0.36 0.55 0.46 0.37 0.53 0.4 0.901 0.59 0.56 1.46 0.59 0.65 0.45 0.42 0.46 0.42 0.46 0.1 0.47 0.46 0.52 0.42 1.67 0.71 0.648 0.4 0.22 0.481 0.33 0.26 0.5 0.42 0.4 0.43 0.5 0.47 0.46 0.27 0.4 0.54 0.38 0.27 0.38 0.7 0.47 0.45 0.23 0.47 0.54 0.23 0.45 0.635 0.42 1.483 0.45 0.1 0.53 0.4 0.5 1.03 0.43 1.345 0.65 1.05 1.483 0.2 0.5 0.58 0.36 0.36 0.36 0.36 0.42 0.09 0.53 0.37 1.67 0.762 0.54 0.56 1.483 0.4 0.58 0.4 0.4 0.45 0.23 0.301 0.5 0.59 0.4 0.54 0.3 0.7 0.54 0.42 1.66 1.05 1.483 0.4 0.4 0.52 0.53 0.55 1.46 0.5 0.58 0.32 0.4 0.481 0.38 0.4 0.11 0.37 0.465 0.47 0.37 0.5 0.5 0.31 0.39 0.4 0.47 0.47 0.52 0.71 0.636 0.34 0.22 0.59 0.25 0.42 0.22 0.41 0.43 0.3 0.5 0.53 0.55 0.41 0.46 0.45 0.4 0.5 0.31 0.41 1.42 0.55 0.42 0.54 0.465 0.3 0.56 0.637 0.5 0.301 0.636 0.33 0.4 0.6 1.66 0.54 0.33 0.42 0.46 0.54 0.56 0.901 0.55 0.42 1.35 0.32 0.46 0.39 0.65 0.43 0.22 0.4 0.3 0.4 0.17 0.19 0.485 0.901 0.43 0.48 0.47 0.4 0.45 0.54 0.4 0.48 0.54 0.901 0.5 0.5 0.54 0.5 0.55 0.53 0.22 0.5 0.09 0.42 0.54 1.483 0.46 0.34 0.48 0.48 0.4 0.45 0.46 1.345 0.54 0.6 0.42 0.47 0.5 0.45 0.5 0.45 0.43 0.59 0.724 0.5 0.5 0.4 0.19 0.55 0.762 0.4 0.56 0.52 0.53 0.48 0.49 1.43 0.47 0.377 0.41 0.34 0.23 1.44 0.47 0.37 0.47 0.4 0.3 1.46 1.345 0.762 0.4 0.25 0.56 0.53 0.42 0.53 0.762 0.46 0.635 0.56 1.248 0.648 0.38 0.48 1.38 0.724 0.37 0.54 0.54 0.37 0.33 0.14 0.59 0.43 0.46 1.4 0.47 0.32 0.4 0.648 0.52 0.6 0.301 1.483 0.54 0.09 1.345 0.68 0.49 0.46 1.248 0.56 0.58 0.901 0.27 0.47 0.17 0.465 0.1 0.25 0.4 0.635 0.1 0.58 0.637 0.46 0.1 0.901 0.4 0.42 0.4 0.2 0.45 0.43 0.4 0.39 0.33 0.3 0.37 0.47 1.05 0.4
Dot Production Prediction of Lab Growth Rates:
0.352582 0.430296 0.408466 0.452764 0.500349 0.706615 0.80349 0.367903 0.81069 0.345913 0.400484 0.536469 0.456185 0.337613 0.708142 0.418202 0.544187 0.376813 0.445662 0.390684 0.532679 0.416048 0.524691 0.547864 0.42957 0.773081 0.544698 0.434474 0.351402 0.37904 0.298005 0.351064 0.473844 1.55103 0.352352 0.444391 0.431524 0.494031 1.66789 0.386762 0.701621 0.427152 1.2396 1.56614 1.41538 0.542137 0.383665 0.401783 0.401899 1.51575 0.541799 0.473302 0.414107 0.543015 0.343846 0.471276 0.451727 0.453121 0.622898 0.452717 0.765725 0.556332 0.382949 0.781674 0.403501 0.791484 0.476715 0.478906 0.773705 0.424464 0.434107 0.683112 0.538809 0.392858 0.436296 1.05 0.387178 0.475809 0.526135 0.407118 0.388675 0.402975 0.463925 0.706047 0.447202 0.408158 0.463906 0.38192 0.498535 0.477324 0.449142 0.414186 0.449674 0.625925 0.526907 0.427971 0.402545 0.384796 0.659402 0.702442 0.448327 1.248 0.397931 0.371399 0.428032 0.616627 0.395419 0.392418 0.400226 0.399247 0.40681 0.623578 0.771737 0.67219 0.679959 0.78234 0.413497 0.792289 0.407608 0.653874 0.762846 0.3998 0.369998 0.369435 0.400096 1.56614 0.544595 0.470794 0.30617 0.302526 0.612756 0.643969 0.427209 0.319473 0.439031 0.536184 1.42852 0.480384 0.395735 0.620142 0.423076 0.542917 0.420426 0.787619 0.682471 0.397388 0.380627 0.399115 0.383689 0.546327 0.400956 0.616392 0.390836 0.417665 0.353015 0.373877 0.505127 0.375359 1.25583 0.400914 0.430528 0.617582 0.362866 0.401863 1.18793 0.479225 0.395781 0.387428 0.351967 0.58919 0.371922 0.413857 0.415171 0.397255 0.382075 0.401342 0.542988 0.395781 0.39043 0.797957 0.370192 0.404254 1.05015 0.357417 0.616435 0.532857 0.303273 0.464461 0.476195 0.362709 0.36461 0.524777 0.396502 0.390717 0.431268 0.342877 0.622802 0.424718 0.338577 0.30239 0.697706 0.626791 0.400677 0.402739 0.75281 0.406408 0.402121 0.461226 0.532918 0.368941 0.406302 0.529933 0.524416 0.650881 0.392517 0.399258 0.403407 0.551017 0.450312 0.553657 0.36815 0.387905 0.402027 0.54034 0.412779 0.380962 0.696525 0.2615 0.533713 0.53855 0.647427 0.471882 0.557595 0.540305 0.440477 0.473329 0.70724 0.40331 0.400343 0.472694 0.619373 0.341352 0.703855 0.459742 0.406945 0.400237 0.40213 0.434607 0.566402 0.326358 0.54482 0.465111 0.44992 0.413212 0.139374 0.403941 0.538542 0.403194 0.391042 0.513622 0.480392 0.381139 0.365987 0.551616 0.462123 0.356044 0.542571 0.406054 1.19333 0.357057 0.475406 0.992182 0.367923 0.646317 1.51269 0.405436 0.464292 0.378138 0.440659 1.45924 0.446847 0.416788 0.382731 0.538375 1.6304 0.707957 0.698451 0.406288 0.403289 0.619541 0.353102 0.378236 0.35968 0.354636 0.40089 0.440143 0.380466 0.469999 0.515228 0.413213 0.400482 0.407964 0.396514 0.413357 0.370357 0.699618 0.460152 1.51959 0.534603 0.451293 0.466517 0.538422 0.366722 0.699126 0.39063 0.769949 0.415437 0.462969 0.388544 0.402154 0.46284 1.03496 0.460782 0.790128 0.659474 1.2135 0.751416 0.407682 0.52122 0.472264 0.394647 0.384903 0.357979 0.378952 0.384977 0.402049 0.531161 0.427901 1.52249 1.36602 0.54596 0.535576 0.764133 0.394135 0.480509 0.406475 0.401884 1.53383 0.536194 0.618059 0.501067 0.365955 0.397347 0.361362 0.433282 0.702503 0.413454 0.366849 1.66 1.01514 0.779292 0.404298 0.389501 0.382552 0.388849 0.545522 1.01437 0.542688 0.35285 0.354322 0.404959 0.616887 0.356421 0.402806 0.39154 0.448904 0.618584 0.371571 0.448955 0.48841 0.467686 0.523388 0.385626 0.397365 0.463549 0.419922 0.407689 0.706886 0.699688 0.373108 0.39163 0.54227 1.51423 0.388612 0.46946 0.623002 0.39021 0.300435 0.408266 0.53774 0.449079 0.407306 0.396219 0.36257 0.390098 0.397857 0.527638 0.61296 1.52054 0.45704 0.389485 0.423923 0.62218 0.300068 0.545213 0.696914 0.485059 0.625353 0.702227 0.348257 0.402545 0.308296 1.65847 0.415826 0.475416 0.39791 0.45996 0.540216 0.48104 0.900538 0.549024 0.375687 1.35002 0.362504 0.345749 0.351505 0.649885 0.395551 0.469235 0.394515 0.310648 0.40441 0.43997 0.380359 0.621532 0.901 0.431467 0.360864 0.422736 0.405004 0.362021 0.453029 0.403578 0.375875 0.381182 0.901166 0.472852 0.405006 0.431301 0.505469 0.447801 0.512699 0.476662 0.371757 0.440056 0.393643 0.536573 0.771721 0.506587 0.344942 0.352276 0.347136 0.398102 0.390314 0.339919 0.798384 0.368152 0.311941 0.524326 0.381819 0.46993 0.431143 0.476044 1.53103 0.443515 0.355152 0.705873 0.37404 0.365233 0.402479 0.36242 0.54464 1.35362 0.400085 0.540025 0.38986 0.373761 0.331075 0.385877 1.43239 0.418539 0.618484 0.398534 0.345437 0.449989 1.56969 0.37892 0.53082 0.3888 0.398928 0.414796 1.02141 0.801377 1.35708 0.395299 0.407102 0.543671 0.477648 0.527954 0.324221 1.36728 0.495111 0.698414 0.534354 1.24479 0.693583 0.4033 0.377649 1.02481 0.705004 0.421147 0.43084 0.377087 0.447386 0.394151 0.140296 0.327511 0.379885 0.392221 1.63307 0.388138 0.336815 0.403299 0.69608 0.406863 0.324215 0.621171 0.768134 0.412674 0.366249 0.780961 0.678123 0.393058 0.466621 1.25099 0.544006 0.455635 0.900501 0.389873 0.408053 0.365707 0.625096 0.394946 0.407773 0.400976 0.698373 0.605419 0.472257 0.698274 0.456695 1.45011 0.898998 0.403793 0.388036 0.404153 0.417794 1.50293 0.390387 0.376191 0.361238 0.371341 0.290228 0.415827 0.412088 1.04706 0.386729
Testing:
Lab Growth Rates:
0.58 0.58 0.58
Dot Production Prediction of Lab Growth Rates:
0.381922 0.365896 0.372429
Best performance so far: 
Obj: 4.673e-310Rho: 2.26291e-314Diff: 4.673e-310
Anneal again with the best G and E so far as input
Cycle 2Round 1
Iter 500000 pBad 0.936458 T 0.0325059 Obj 1.19354 Rho 0 GRdif 103.678 success 121404 failure 1598 obj_new 1.19354 SA_pAcc 1.00055 Delta -0.366171 SA_r 0.943 freedomratio 0.295214
Iter 1000000 pBad 0.867916 T 0.00845306 Obj 1.05881 Rho 0 GRdif 33.486 success 242113 failure 5887 obj_new 1.05881 SA_pAcc 1 Delta 0.567129 SA_r 0.406904 freedomratio 0.290531
Iter 1500000 pBad 0.802962 T 0.00219819 Obj 1.03546 Rho 0 GRdif 20.4189 success 361768 failure 12729 obj_new 1.03546 SA_pAcc 1 Delta 0.526199 SA_r 0.478294 freedomratio 0.296409
Iter 2000000 pBad 0.750981 T 0.000571633 Obj 1.02063 Rho 0 GRdif 11.9635 success 480639 failure 22853 obj_new 1.02063 SA_pAcc 1 Delta 0.341828 SA_r 0.3937 freedomratio 0.294177
Iter 2500000 pBad 0.681134 T 0.000148651 Obj 1.01424 Rho 0 GRdif 8.28393 success 595538 failure 40013 obj_new 1.01424 SA_pAcc 1.37444 Delta 0.503757 SA_r 0.950036 freedomratio 0.290819
Iter 3000000 pBad 0.472562 T 3.86563e-05 Obj 1.01358 Rho 0 GRdif 7.9035 success 702401 failure 74454 obj_new 1.01358 SA_pAcc 1 Delta 0.110383 SA_r 0.500234 freedomratio 0.28419
Iter 3500000 pBad 0.325575 T 1.00524e-05 Obj 1.01206 Rho 0 GRdif 7.02224 success 798380 failure 132072 obj_new 1.01206 SA_pAcc 1 Delta -0.119761 SA_r 0.891079 freedomratio 0.275117
Iter 4000000 pBad 0.24034 T 2.61411e-06 Obj 1.01093 Rho 0 GRdif 6.37205 success 880250 failure 219584 obj_new 1.01093 SA_pAcc 1 Delta 0.14148 SA_r 0.24774 freedomratio 0.269922
Iter 4500000 pBad 0.088158 T 6.7979e-07 Obj 1.01032 Rho 0 GRdif 6.02743 success 939688 failure 360456 obj_new 1.01034 SA_pAcc 7.90842e-11 Delta 0.0538595 SA_r 0.531492 freedomratio 0.237055
Iter 5000000 pBad 0.0347501 T 1.76777e-07 Obj 1.00997 Rho 0 GRdif 5.81301 success 972161 failure 576462 obj_new 1.00997 SA_pAcc 1 Delta 0.00948388 SA_r 0.8214 freedomratio 0.210489
Iter 5500000 pBad 0.0144874 T 4.59703e-08 Obj 1.00986 Rho 0 GRdif 5.74805 success 988987 failure 844123 obj_new 1.00986 SA_pAcc 1 Delta -0.000298204 SA_r 0.120836 freedomratio 0.191191
Iter 6000000 pBad 0.0113319 T 1.19544e-08 Obj 1.00978 Rho 0 GRdif 5.73753 success 998960 failure 1143043 obj_new 1.00984 SA_pAcc 0 Delta -0.00206539 SA_r 0.238398 freedomratio 0.182896
Iter 6500000 pBad 0.00369091 T 3.10871e-09 Obj 1.00976 Rho 0 GRdif 5.70088 success 1004744 failure 1462343 obj_new 1.00978 SA_pAcc 0 Delta 0.00172576 SA_r 0.20414 freedomratio 0.176772
Iter 7000000 pBad 0.0032477 T 8.08411e-10 Obj 1.00973 Rho 0 GRdif 5.67352 success 1008657 failure 1791757 obj_new 1.00973 SA_pAcc 2.27474e-23 Delta 0.00119645 SA_r 0.0762572 freedomratio 0.173219
Iter 7500000 pBad 0.00211188 T 2.10225e-10 Obj 1.0097 Rho 0 GRdif 5.66361 success 1010360 failure 2128410 obj_new 1.00971 SA_pAcc 0 Delta 0.000649372 SA_r 0.705744 freedomratio 0.171045
Iter 8000000 pBad 0.00283461 T 5.46683e-11 Obj 1.00969 Rho 0 GRdif 5.65051 success 1011900 failure 2469527 obj_new 1.00969 SA_pAcc 0 Delta -0.00180729 SA_r 0.546776 freedomratio 0.169022
Iter 8500000 pBad 0.000866782 T 1.42163e-11 Obj 1.00968 Rho 0 GRdif 5.64796 success 1012881 failure 2816365 obj_new 1.00968 SA_pAcc 1 Delta -0.000670445 SA_r 0.694562 freedomratio 0.167476
Iter 9000000 pBad 0.000481674 T 3.6969e-12 Obj 1.00968 Rho 0 GRdif 5.64624 success 1014180 failure 3163632 obj_new 1.00968 SA_pAcc 0 Delta 0.000155083 SA_r 0.705681 freedomratio 0.167047
Iter 9500000 pBad 0.000127121 T 9.61368e-13 Obj 1.00968 Rho 0 GRdif 5.64582 success 1015813 failure 3510349 obj_new 1.00968 SA_pAcc 0 Delta 4.91855e-05 SA_r 0.949454 freedomratio 0.165959
Good enough
iter 9.99996e+06 obj1.00968 rho 0 GRdif 5.64499
Training:
Lab Growth Rates:
0.48 0.36 0.47 0.46 0.5 0.686 1.483 0.48 1.345 0.58 0.4 0.56 0.55 0.27 0.724 0.43 0.59 0.36 0.46 0.45 0.53 0.43 0.5 0.55 0.37 1.483 0.56 0.53 0.5 0.47 0.3 0.39 0.56 0.1 0.41 0.37 0.45 0.33 0.1 0.45 0.7 0.5 1.248 0.45 0.1 0.59 0.46 0.4 0.4 0.45 0.54 0.58 0.36 0.5 0.42 0.58 0.33 0.43 0.476 0.46 1.345 0.59 0.5 1.345 0.4 1.483 0.5 0.5 1.483 0.59 0.37 0.68 0.23 0.58 0.46 1.05 0.3 0.58 0.31 0.52 0.4 0.54 0.1 0.686 0.23 0.37 0.46 0.52 0.25 0.58 0.54 0.41 0.47 0.476 0.5 0.37 0.4 0.27 0.65 0.71 0.23 1.248 0.4 0.52 0.4 0.377 0.25 0.4 0.4 0.41 0.4 0.41 1.345 0.68 0.68 1.483 0.47 1.345 0.4 0.65 1.345 0.45 0.38 0.19 0.4 1.49 0.59 0.58 0.6 0.3 0.485 0.65 0.51 0.3 0.22 0.5 1.43 0.56 0.58 0.485 0.52 0.59 0.51 1.483 0.68 0.43 0.47 0.4 0.47 0.5 0.52 0.485 0.33 0.53 0.59 0.48 0.5 0.11 1.248 0.4 0.2 0.617 0.45 0.42 1.46 0.56 0.33 0.47 0.5 0.25 0.54 0.52 0.53 0.4 0.41 0.4 0.56 0.4 0.52 1.345 0.36 0.58 1.05 0.5 0.377 0.56 0.3 0.54 0.56 0.46 0.17 0.5 0.4 0.4 0.37 0.39 0.65 0.37 0.25 0.3 0.7 0.476 0.4 0.4 1.345 0.37 0.4 0.54 0.54 0.42 0.49 0.23 0.25 0.65 0.59 0.11 0.4 0.54 0.55 0.53 0.39 0.47 0.54 0.56 0.59 0.58 0.637 0.3 0.23 0.55 0.65 0.22 0.59 0.54 0.55 0.58 0.686 0.4 0.4 0.58 0.481 0.54 0.636 0.22 0.51 0.4 0.4 0.47 0.27 0.3 0.56 0.26 0.54 0.45 0.14 0.4 0.53 0.4 0.4 0.26 0.58 0.4 0.36 0.55 0.46 0.37 0.53 0.4 0.901 0.59 0.56 1.46 0.59 0.65 0.45 0.42 0.46 0.42 0.46 0.1 0.47 0.46 0.52 0.42 1.67 0.71 0.648 0.4 0.22 0.481 0.33 0.26 0.5 0.42 0.4 0.43 0.5 0.47 0.46 0.27 0.4 0.54 0.38 0.27 0.38 0.7 0.47 0.45 0.23 0.47 0.54 0.23 0.45 0.635 0.42 1.483 0.45 0.1 0.53 0.4 0.5 1.03 0.43 1.345 0.65 1.05 1.483 0.2 0.5 0.58 0.36 0.36 0.36 0.36 0.42 0.09 0.53 0.37 1.67 0.762 0.54 0.56 1.483 0.4 0.58 0.4 0.4 0.45 0.23 0.301 0.5 0.59 0.4 0.54 0.3 0.7 0.54 0.42 1.66 1.05 1.483 0.4 0.4 0.52 0.53 0.55 1.46 0.5 0.58 0.32 0.4 0.481 0.38 0.4 0.11 0.37 0.465 0.47 0.37 0.5 0.5 0.31 0.39 0.4 0.47 0.47 0.52 0.71 0.636 0.34 0.22 0.59 0.25 0.42 0.22 0.41 0.43 0.3 0.5 0.53 0.55 0.41 0.46 0.45 0.4 0.5 0.31 0.41 1.42 0.55 0.42 0.54 0.465 0.3 0.56 0.637 0.5 0.301 0.636 0.33 0.4 0.6 1.66 0.54 0.33 0.42 0.46 0.54 0.56 0.901 0.55 0.42 1.35 0.32 0.46 0.39 0.65 0.43 0.22 0.4 0.3 0.4 0.17 0.19 0.485 0.901 0.43 0.48 0.47 0.4 0.45 0.54 0.4 0.48 0.54 0.901 0.5 0.5 0.54 0.5 0.55 0.53 0.22 0.5 0.09 0.42 0.54 1.483 0.46 0.34 0.48 0.48 0.4 0.45 0.46 1.345 0.54 0.6 0.42 0.47 0.5 0.45 0.5 0.45 0.43 0.59 0.724 0.5 0.5 0.4 0.19 0.55 0.762 0.4 0.56 0.52 0.53 0.48 0.49 1.43 0.47 0.377 0.41 0.34 0.23 1.44 0.47 0.37 0.47 0.4 0.3 1.46 1.345 0.762 0.4 0.25 0.56 0.53 0.42 0.53 0.762 0.46 0.635 0.56 1.248 0.648 0.38 0.48 1.38 0.724 0.37 0.54 0.54 0.37 0.33 0.14 0.59 0.43 0.46 1.4 0.47 0.32 0.4 0.648 0.52 0.6 0.301 1.483 0.54 0.09 1.345 0.68 0.49 0.46 1.248 0.56 0.58 0.901 0.27 0.47 0.17 0.465 0.1 0.25 0.4 0.635 0.1 0.58 0.637 0.46 0.1 0.901 0.4 0.42 0.4 0.2 0.45 0.43 0.4 0.39 0.33 0.3 0.37 0.47 1.05 0.4
Dot Production Prediction of Lab Growth Rates:
0.363805 0.419285 0.375117 0.403933 0.510547 0.692949 0.720877 0.356088 0.752948 0.36782 0.399985 0.544403 0.50756 0.353603 0.692303 0.403756 0.541664 0.354996 0.397026 0.357945 0.532663 0.381407 0.508739 0.550249 0.42399 0.742907 0.540719 0.428016 0.364695 0.377958 0.299391 0.364989 0.463222 1.39556 0.357568 0.440026 0.411892 0.448434 1.47112 0.372136 0.703026 0.475704 1.23182 1.50379 1.4087 0.540273 0.390088 0.400106 0.402209 1.46267 0.544301 0.464153 0.423763 0.555497 0.361403 0.458325 0.438733 0.397984 0.481081 0.45889 0.707174 0.542269 0.397492 0.739777 0.402679 0.747162 0.487706 0.482725 0.696215 0.392829 0.430368 0.68457 0.542771 0.393713 0.413014 1.0509 0.352023 0.476695 0.470287 0.410309 0.39719 0.375598 0.400134 0.693757 0.450064 0.408915 0.466346 0.389193 0.434782 0.482508 0.491856 0.406429 0.39215 0.48369 0.534591 0.427421 0.402652 0.364452 0.649065 0.686878 0.447303 1.25214 0.400295 0.370318 0.382018 0.494261 0.368629 0.399535 0.400541 0.404248 0.403298 0.50702 0.754271 0.664081 0.677924 0.730786 0.386357 0.727271 0.405573 0.649895 0.734962 0.401251 0.361623 0.365346 0.400149 1.50379 0.54224 0.459981 0.305328 0.304569 0.495151 0.629289 0.426227 0.320275 0.425049 0.537514 1.42951 0.483673 0.391332 0.48511 0.393966 0.545576 0.42694 0.734271 0.682411 0.370424 0.391225 0.401312 0.384679 0.543652 0.394763 0.493229 0.375691 0.415624 0.375002 0.37145 0.518553 0.375561 1.2693 0.399737 0.374862 0.617008 0.378948 0.40933 1.33438 0.479626 0.389537 0.377948 0.372034 0.589054 0.394016 0.393267 0.413216 0.400246 0.375156 0.400201 0.539698 0.39973 0.39757 0.727403 0.384352 0.406199 1.05 0.366471 0.501062 0.528909 0.300003 0.480478 0.46055 0.371834 0.360038 0.539316 0.400207 0.399806 0.423305 0.352872 0.643273 0.431667 0.35939 0.303472 0.695441 0.484984 0.399816 0.401845 0.746205 0.394517 0.39994 0.469349 0.542135 0.359108 0.411819 0.539196 0.457427 0.658351 0.360713 0.403897 0.401652 0.543416 0.507659 0.538457 0.379947 0.378009 0.381359 0.542075 0.380182 0.395681 0.696426 0.266888 0.539445 0.542402 0.651389 0.489153 0.540944 0.529385 0.505015 0.484717 0.691703 0.401169 0.401788 0.459249 0.487974 0.36188 0.691514 0.491518 0.404181 0.400008 0.404345 0.380844 0.479477 0.30379 0.52501 0.414744 0.490864 0.38331 0.138492 0.401461 0.531035 0.402705 0.400129 0.461244 0.456035 0.353422 0.368982 0.550242 0.463391 0.33381 0.541012 0.403339 1.34565 0.377165 0.463227 0.974874 0.384994 0.639471 1.47077 0.367275 0.462043 0.360704 0.441254 1.3331 0.435959 0.40098 0.383814 0.451151 1.40449 0.697992 0.69288 0.402723 0.406671 0.48716 0.364709 0.37898 0.373755 0.350385 0.399822 0.390048 0.394156 0.404607 0.452682 0.391024 0.399778 0.417853 0.378588 0.383102 0.341457 0.703072 0.415346 1.47484 0.538564 0.430255 0.476548 0.541759 0.350516 0.696382 0.362198 0.728973 0.415006 0.406236 0.361014 0.40171 0.490555 1.03 0.417994 0.714334 0.657347 1.36562 0.719433 0.361504 0.515491 0.463788 0.37843 0.384928 0.378898 0.393829 0.361442 0.387076 0.52706 0.424377 1.49848 1.5163 0.557053 0.53959 0.701319 0.399108 0.482926 0.404286 0.400877 1.47292 0.547029 0.522321 0.499074 0.37279 0.401341 0.360647 0.387804 0.692313 0.407212 0.358702 1.65999 0.98047 0.701473 0.401583 0.39836 0.378698 0.386519 0.54436 1.01707 0.570631 0.365515 0.371684 0.403418 0.48387 0.339766 0.402905 0.400432 0.441818 0.482001 0.365988 0.441905 0.499873 0.469956 0.477655 0.391428 0.398373 0.402788 0.384234 0.410409 0.690609 0.693966 0.368432 0.3898 0.530862 1.50257 0.354179 0.489106 0.506832 0.385591 0.299944 0.412693 0.531066 0.49907 0.411887 0.397849 0.366319 0.40051 0.401695 0.48698 0.513331 1.51393 0.50735 0.371969 0.364521 0.48497 0.302429 0.524255 0.697865 0.50022 0.515533 0.69621 0.358088 0.40147 0.308399 1.66 0.41207 0.459298 0.366741 0.459998 0.560666 0.483294 0.892861 0.545524 0.340393 1.35 0.380923 0.35646 0.366682 0.649841 0.396691 0.481364 0.399235 0.303518 0.403429 0.425726 0.374513 0.488299 0.901 0.380177 0.380389 0.404823 0.402151 0.378924 0.476209 0.402027 0.374462 0.358022 0.904928 0.472586 0.40983 0.370534 0.499829 0.500236 0.429188 0.481016 0.365817 0.438312 0.362296 0.537429 0.709672 0.445653 0.361197 0.357985 0.358508 0.401026 0.398748 0.349425 0.769414 0.379455 0.306665 0.445265 0.391907 0.470955 0.399336 0.485196 1.49449 0.407496 0.367525 0.698292 0.371206 0.363496 0.401647 0.364 0.546895 1.49362 0.400747 0.544079 0.392197 0.388788 0.349922 0.401672 1.4331 0.392845 0.501166 0.390983 0.356933 0.447565 1.44231 0.373246 0.458476 0.388549 0.39835 0.376919 1.01117 0.732743 1.54345 0.402004 0.36215 0.529548 0.416856 0.45266 0.345171 1.49564 0.449656 0.694285 0.522703 1.23002 0.68713 0.391502 0.379767 0.999103 0.701118 0.428079 0.372794 0.38913 0.424686 0.393294 0.140195 0.361244 0.390184 0.396613 1.39838 0.375653 0.350066 0.401436 0.690903 0.406247 0.308204 0.519007 0.731496 0.388655 0.38038 0.713218 0.680004 0.403171 0.475963 1.24718 0.523744 0.456592 0.897257 0.392476 0.392556 0.3498 0.486955 0.37988 0.363884 0.401046 0.695949 0.594328 0.463512 0.692112 0.404156 1.34934 0.862193 0.402164 0.365986 0.403258 0.383681 1.47655 0.394678 0.353448 0.382024 0.356865 0.280603 0.393532 0.388955 1.04835 0.39599
Testing:
Lab Growth Rates:
0.58 0.58 0.58
Dot Production Prediction of Lab Growth Rates:
0.393718 0.387537 0.387543
Best performance so far: 
Obj: 4.673e-310Rho: 6.5069e-314Diff: 4.673e-310
Test:
 Lab Growth Rates:
0.58 0.58 0.58Dot Product Prediction of Growth Rate:
0.3937182 0.3875371 0.3875427