seed =  5 traits =  1 
Training: part  185 
Training: part  185 
Round  1 
 Goal of obj  0.99 
Temperature range:  0.125 1.6e-12 
Cycle 1Round 1
Iter 500000 pBad 0.9529 T 0.0356674 Obj 1.07479 Rho 0 GRdif 42.2651 success 147719 failure 1566 obj_new 1.07479 SA_pAcc 1.00571 Delta -0.428263 SA_r 0.352934 freedomratio 0.3723
Iter 1000000 pBad 0.878583 T 0.0101773 Obj 1.08161 Rho 0 GRdif 45.9697 success 294427 failure 5431 obj_new 1.08161 SA_pAcc 1 Delta 0.129408 SA_r 0.234842 freedomratio 0.355152
Iter 1500000 pBad 0.845745 T 0.00290397 Obj 1.03397 Rho 0 GRdif 19.5741 success 440769 failure 11763 obj_new 1.03397 SA_pAcc 0.958843 Delta 0.335807 SA_r 0.784784 freedomratio 0.36925
Iter 2000000 pBad 0.799503 T 0.000828616 Obj 1.01752 Rho 0 GRdif 10.1805 success 585792 failure 20562 obj_new 1.01752 SA_pAcc 1 Delta -0.57547 SA_r 0.370591 freedomratio 0.378065
Iter 2500000 pBad 0.70149 T 0.000236436 Obj 1.01471 Rho 0 GRdif 8.55841 success 727697 failure 36245 obj_new 1.01471 SA_pAcc 2.13612 Delta -0.130837 SA_r 0.132925 freedomratio 0.363749
Iter 3000000 pBad 0.573382 T 6.74643e-05 Obj 1.01123 Rho 0 GRdif 6.5444 success 863814 failure 64786 obj_new 1.01123 SA_pAcc 1.92746 Delta 0.218775 SA_r 0.138137 freedomratio 0.3624
Iter 3500000 pBad 0.373606 T 1.92502e-05 Obj 1.01057 Rho 0 GRdif 6.16005 success 984489 failure 123903 obj_new 1.01057 SA_pAcc 0.887647 Delta -0.0910648 SA_r 0.65908 freedomratio 0.359289
Iter 4000000 pBad 0.216801 T 5.49282e-06 Obj 1.00986 Rho 0 GRdif 5.74875 success 1084905 failure 223717 obj_new 1.00986 SA_pAcc 1.67539 Delta 0.138831 SA_r 0.0792113 freedomratio 0.336009
Iter 4500000 pBad 0.106663 T 1.56731e-06 Obj 1.00942 Rho 0 GRdif 5.54668 success 1159924 failure 377793 obj_new 1.00951 SA_pAcc 4.06129e-25 Delta 0.0257957 SA_r 0.893966 freedomratio 0.306806
Iter 5000000 pBad 0.0518661 T 4.47215e-07 Obj 1.00892 Rho 0 GRdif 5.23276 success 1209976 failure 592473 obj_new 1.00897 SA_pAcc 1.06961e-45 Delta -0.0494002 SA_r 0.843078 freedomratio 0.265278
Iter 5500000 pBad 0.026293 T 1.27608e-07 Obj 1.00865 Rho 0 GRdif 5.0608 success 1241046 failure 859303 obj_new 1.00867 SA_pAcc 9.39357e-98 Delta -0.00814354 SA_r 0.106432 freedomratio 0.237632
Iter 6000000 pBad 0.0198734 T 3.64114e-08 Obj 1.00854 Rho 0 GRdif 4.98393 success 1258050 failure 1171734 obj_new 1.00854 SA_pAcc 1 Delta 0.00687711 SA_r 0.986618 freedomratio 0.221802
Iter 6500000 pBad 0.00736163 T 1.03896e-08 Obj 1.00847 Rho 0 GRdif 4.94235 success 1268966 failure 1506810 obj_new 1.00847 SA_pAcc 2.9788e-49 Delta 0.00634704 SA_r 0.11817 freedomratio 0.212936
Iter 7000000 pBad 0.00508348 T 2.96455e-09 Obj 1.00844 Rho 0 GRdif 4.92759 success 1275283 failure 1859200 obj_new 1.00844 SA_pAcc 0 Delta -0.00214835 SA_r 0.461397 freedomratio 0.205831
Iter 7500000 pBad 0.00165035 T 8.45899e-10 Obj 1.00842 Rho 0 GRdif 4.9151 success 1279536 failure 2221758 obj_new 1.00842 SA_pAcc 0 Delta 0.00141999 SA_r 0.802791 freedomratio 0.202278
Iter 8000000 pBad 0.00139479 T 2.41368e-10 Obj 1.00842 Rho 0 GRdif 4.91065 success 1282328 failure 2591073 obj_new 1.00842 SA_pAcc 1 Delta -0.000994234 SA_r 0.622328 freedomratio 0.198644
Iter 8500000 pBad 0.000783226 T 6.88715e-11 Obj 1.00841 Rho 0 GRdif 4.9403 success 1284319 failure 2966157 obj_new 1.00847 SA_pAcc 0 Delta 0.000440373 SA_r 0.875186 freedomratio 0.195464
Iter 9000000 pBad 0.000696951 T 1.96517e-11 Obj 1.00841 Rho 0 GRdif 4.90552 success 1285731 failure 3346077 obj_new 1.00841 SA_pAcc 0 Delta -0.000394055 SA_r 0.35236 freedomratio 0.192383
Iter 9500000 pBad 0.000740595 T 5.60739e-12 Obj 1.0084 Rho 0 GRdif 4.90452 success 1287495 failure 3728348 obj_new 1.0084 SA_pAcc 0 Delta 0.000242114 SA_r 0.284717 freedomratio 0.190507
Iter 10000000 pBad 4.38524e-05 T 1.6e-12 Obj 1.0084 Rho 0 GRdif 4.90345 success 1290399 failure 4100620 obj_new 1.0084 SA_pAcc 1 Delta 8.25441e-06 SA_r 0.0405187 freedomratio 0.182725
Cannot move further
iter 9.99997e+06 obj1.0084 rho 0 GRdif 4.90345
Training:
Lab Growth Rates:
0.59 0.48 0.47 0.46 0.5 0.686 1.483 0.48 1.345 0.58 0.4 0.56 0.55 0.27 0.724 0.27 0.59 0.36 0.46 0.45 0.53 0.43 0.5 0.55 0.37 1.483 0.56 0.53 0.47 0.5 0.3 0.39 0.56 0.1 0.47 0.37 0.41 0.42 0.1 0.49 0.7 0.5 1.248 0.45 0.1 0.59 0.33 0.4 0.4 0.45 0.54 0.58 0.48 0.5 0.42 0.58 0.42 0.43 0.476 0.46 1.345 0.59 0.47 1.345 0.4 1.483 0.5 0.5 1.483 0.59 0.37 0.68 0.23 0.58 0.33 1.05 0.3 0.58 0.31 0.52 0.4 0.58 0.1 0.686 0.23 0.5 0.46 0.47 0.25 0.58 0.54 0.47 0.36 0.476 0.5 0.37 0.4 0.27 0.65 0.71 0.23 1.248 0.4 0.54 0.4 0.377 0.25 0.4 0.4 0.46 0.4 0.41 1.345 0.68 0.68 1.483 0.36 1.345 0.4 0.65 1.345 0.41 0.38 0.47 0.4 1.49 0.59 0.58 0.6 0.3 0.485 0.65 0.19 0.3 0.22 0.5 1.43 0.56 0.58 0.485 0.47 0.59 0.19 1.483 0.68 0.27 0.47 0.4 0.46 0.5 0.54 0.485 0.5 0.53 0.59 0.59 0.5 0.09 1.248 0.4 0.2 0.617 0.49 0.43 1.46 0.56 0.36 0.47 0.33 0.25 0.45 0.54 0.53 0.4 0.46 0.4 0.56 0.4 0.52 1.345 0.11 0.58 1.05 0.33 0.377 0.56 0.3 0.54 0.56 0.52 0.17 0.5 0.4 0.4 0.37 0.39 0.65 0.37 0.25 0.3 0.7 0.476 0.4 0.4 1.345 0.37 0.4 0.54 0.54 0.43 0.52 0.23 0.25 0.65 0.59 0.09 0.4 0.54 0.55 0.53 0.39 0.5 0.45 0.56 0.59 0.58 0.637 0.3 0.23 0.55 0.65 0.22 0.59 0.54 0.55 0.58 0.686 0.4 0.4 0.58 0.481 0.58 0.636 0.22 0.19 0.4 0.4 0.36 0.45 0.3 0.56 0.26 0.54 0.45 0.14 0.4 0.53 0.4 0.4 0.26 0.58 0.4 0.11 0.55 0.46 0.37 0.53 0.4 0.901 0.51 0.56 1.46 0.59 0.65 0.45 0.42 0.46 0.54 0.46 0.1 0.5 0.33 0.54 0.42 1.67 0.71 0.648 0.4 0.22 0.481 0.36 0.26 0.33 0.42 0.4 0.43 0.47 0.34 0.46 0.27 0.4 0.42 0.38 0.45 0.38 0.7 0.34 0.45 0.23 0.5 0.54 0.23 0.45 0.635 0.54 1.483 0.41 0.1 0.53 0.4 0.5 1.03 0.43 1.345 0.65 1.05 1.483 0.2 0.5 0.58 0.36 0.48 0.11 0.36 0.42 0.37 0.53 0.37 1.67 0.762 0.54 0.56 1.483 0.4 0.58 0.4 0.4 0.45 0.23 0.301 0.5 0.59 0.4 0.42 0.3 0.7 0.54 0.42 1.66 1.05 1.483 0.4 0.4 0.54 0.53 0.55 1.46 0.5 0.58 0.52 0.4 0.481 0.38 0.4 0.09 0.37 0.465 0.47 0.37 0.5 0.5 0.31 0.39 0.4 0.34 0.47 0.52 0.71 0.636 0.32 0.22 0.59 0.25 0.42 0.22 0.41 0.27 0.3 0.33 0.53 0.55 0.46 0.46 0.45 0.4 0.47 0.31 0.41 1.42 0.55 0.43 0.54 0.465 0.3 0.56 0.637 0.5 0.301 0.636 0.5 0.4 0.6 1.66 0.54 0.42 0.42 0.46 0.54 0.56 0.901 0.55 0.42 1.35 0.52 0.52 0.39 0.65 0.43 0.22 0.4 0.3 0.4 0.17 0.47 0.485 0.901 0.43 0.48 0.5 0.4 0.49 0.54 0.4 0.59 0.54 0.901 0.5 0.33 0.54 0.5 0.55 0.53 0.22 0.33 0.37 0.42 0.54 1.483 0.46 0.32 0.48 0.48 0.4 0.45 0.52 1.345 0.58 0.6 0.42 0.47 0.5 0.45 0.5 0.45 0.43 0.51 0.724 0.47 0.47 0.4 0.47 0.55 0.762 0.4 0.56 0.54 0.53 0.48 0.52 1.43 0.47 0.377 0.47 0.32 0.23 1.44 0.46 0.37 0.47 0.4 0.3 1.46 1.345 0.762 0.4 0.25 0.56 0.53 0.42 0.53 0.762 0.46 0.635 0.56 1.248 0.648 0.38 0.48 1.38 0.724 0.5 0.54 0.45 0.5 0.36 0.14 0.51 0.43 0.46 1.4 0.46 0.52 0.4 0.648 0.47 0.6 0.301 1.483 0.42 0.37 1.345 0.68 0.52 0.46 1.248 0.56 0.58 0.901 0.45 0.5 0.17 0.465 0.1 0.25 0.4 0.635 0.1 0.58 0.637 0.46 0.1 0.901 0.4 0.54 0.4 0.2 0.45 0.43 0.4 0.39 0.5 0.3 0.37 0.47 1.05 0.4
Dot Production Prediction of Lab Growth Rates:
0.35302 0.365887 0.410386 0.445988 0.500475 0.704778 0.794363 0.353103 0.827919 0.346222 0.397989 0.528511 0.451072 0.34955 0.70255 0.412067 0.546658 0.372916 0.433105 0.374596 0.534273 0.41047 0.507685 0.55591 0.425422 0.789228 0.542165 0.43511 0.431986 0.363381 0.292098 0.358941 0.469588 0.467855 0.375678 0.435424 0.396951 0.374429 0.516828 0.406454 0.699748 0.463144 0.858109 1.52234 1.42965 0.545455 0.450177 0.40002 0.401505 1.47978 0.539646 0.46871 0.377274 0.530272 0.355159 0.474464 0.36759 0.449447 0.489062 0.454561 0.79458 0.547684 0.471744 0.771914 0.404058 0.786284 0.487044 0.483402 0.780194 0.418907 0.432274 0.67993 0.541085 0.388595 0.496094 1.05006 0.364511 0.486377 0.526038 0.409014 0.394579 0.387291 0.447804 0.706214 0.440949 0.377413 0.459988 0.394936 0.492503 0.479014 0.447078 0.430956 0.370227 0.491186 0.534265 0.428822 0.402466 0.378402 0.657937 0.701955 0.443654 0.858866 0.399943 0.350335 0.416619 0.484917 0.394838 0.395551 0.399076 0.408678 0.404539 0.48258 0.782271 0.673374 0.674959 0.763148 0.363981 0.798679 0.404752 0.65369 0.761824 0.364934 0.362704 0.418556 0.399417 1.52234 0.549741 0.475705 0.315599 0.305758 0.482298 0.634172 0.359922 0.324281 0.446102 0.546928 1.43202 0.483233 0.391263 0.484094 0.389756 0.54985 0.356436 0.805664 0.683721 0.551614 0.383269 0.399816 0.350863 0.535398 0.398441 0.481968 0.374875 0.410167 0.361827 0.365564 0.505421 0.453004 0.864038 0.399529 0.42839 0.616721 0.421669 0.42561 1.22907 0.479079 0.427955 0.390531 0.388296 0.611369 0.386922 0.400203 0.423252 0.397611 0.369478 0.400677 0.540287 0.396181 0.387651 0.804013 0.414587 0.406855 1.05 0.364798 0.486404 0.536197 0.303839 0.446059 0.470592 0.387392 0.368378 0.530137 0.39838 0.394345 0.426101 0.351616 0.626648 0.423494 0.36168 0.306931 0.70268 0.491136 0.401727 0.400713 0.755252 0.425216 0.401698 0.445278 0.536137 0.398268 0.401147 0.532388 0.506641 0.649431 0.374434 0.407854 0.402621 0.552838 0.445725 0.551633 0.367178 0.425696 0.368154 0.537208 0.406852 0.38847 0.693163 0.260693 0.527423 0.545655 0.650002 0.465834 0.549684 0.546971 0.443407 0.478905 0.705687 0.402263 0.402165 0.478346 0.482101 0.404734 0.702371 0.462517 0.36628 0.400178 0.401703 0.386832 0.401433 0.328961 0.536962 0.46778 0.449542 0.415436 0.138917 0.403407 0.531756 0.401159 0.3928 0.53227 0.478149 0.367834 0.374752 0.557961 0.465455 0.356961 0.534882 0.403212 0.822101 0.439416 0.47308 1.05706 0.3702 0.640745 1.4586 0.390235 0.459411 0.366232 0.43845 0.445408 0.413001 0.465068 0.379086 0.555655 1.39575 0.710221 0.694524 0.403298 0.417101 0.485617 0.428892 0.392751 0.36361 0.35062 0.402336 0.439247 0.483101 0.380791 0.5029 0.413542 0.401397 0.365107 0.390894 0.424065 0.366878 0.697945 0.360273 1.44407 0.546373 0.378719 0.446642 0.541094 0.353984 0.695523 0.422032 0.760404 0.419239 0.455435 0.372337 0.401071 0.492924 1.03 0.451453 0.812366 0.657435 1.22514 0.758918 0.400477 0.517992 0.468898 0.401029 0.383458 0.403142 0.38848 0.382614 0.436956 0.525972 0.422798 1.49351 0.793565 0.539683 0.535527 0.782853 0.396747 0.478466 0.40571 0.40293 1.49706 0.531991 0.484029 0.493751 0.360273 0.398628 0.376646 0.414603 0.700409 0.403899 0.372101 1.66 1.04782 0.783845 0.403033 0.394383 0.400477 0.374094 0.549676 1.02581 0.548002 0.360335 0.410138 0.40475 0.483395 0.362931 0.403268 0.380426 0.4405 0.487843 0.365752 0.439831 0.487534 0.473115 0.514036 0.384884 0.400203 0.355691 0.424067 0.402637 0.703142 0.693283 0.355126 0.389757 0.550292 1.49205 0.365449 0.464433 0.484818 0.394367 0.3 0.371225 0.527931 0.446376 0.422019 0.389037 0.35909 0.392878 0.422745 0.52512 0.477931 1.49607 0.447063 0.399046 0.405274 0.49137 0.300003 0.546864 0.692637 0.500682 0.482967 0.702788 0.399576 0.401478 0.31862 1.65564 0.408265 0.372088 0.397499 0.465379 0.534306 0.481321 0.901 0.544877 0.34838 1.34999 0.390985 0.400885 0.362692 0.648926 0.402071 0.463681 0.396331 0.318404 0.403323 0.439849 0.398154 0.486931 0.902507 0.426947 0.37741 0.374355 0.402228 0.404809 0.440859 0.400913 0.382229 0.384203 0.903063 0.477746 0.395433 0.415191 0.501214 0.436875 0.511781 0.466027 0.400928 0.429513 0.390297 0.545997 0.800192 0.496604 0.364161 0.342696 0.341199 0.398443 0.390473 0.404539 0.805558 0.404983 0.314173 0.543728 0.383766 0.478366 0.429934 0.483203 1.52117 0.432033 0.423738 0.700351 0.477023 0.402695 0.401046 0.384793 0.554957 0.785434 0.400963 0.541388 0.406342 0.399099 0.35072 0.417896 1.42612 0.415139 0.482707 0.440512 0.376863 0.440595 1.49497 0.340691 0.527694 0.389048 0.400498 0.394636 1.03037 0.812528 0.786928 0.395528 0.406698 0.535381 0.476158 0.551691 0.330485 0.787053 0.493441 0.692684 0.540587 0.858086 0.689049 0.401117 0.389493 1.02557 0.702068 0.40188 0.421245 0.374953 0.388088 0.381877 0.140856 0.415584 0.392407 0.395306 1.39784 0.376327 0.402034 0.401143 0.696148 0.396964 0.324014 0.482662 0.77077 0.412459 0.456555 0.795488 0.681281 0.384768 0.464966 0.861401 0.543622 0.458959 0.900722 0.417375 0.370964 0.370272 0.491308 0.374766 0.403499 0.401052 0.693235 0.593589 0.469608 0.68805 0.444051 0.443564 0.901095 0.40151 0.399614 0.403075 0.41524 1.46141 0.390398 0.37371 0.369676 0.366419 0.29196 0.419868 0.4136 1.05 0.392246
Testing:
Lab Growth Rates:
0.41 0.41 0.41
Dot Production Prediction of Lab Growth Rates:
0.408065 0.375133 0.39114
Best performance so far: 
Obj: 4.65651e-310Rho: 2.26291e-314Diff: 4.65651e-310
Anneal again with the best G and E so far as input
Cycle 2Round 1
Iter 500000 pBad 0.951906 T 0.0356674 Obj 1.19973 Rho 0 GRdif 106.707 success 111696 failure 1031 obj_new 1.19973 SA_pAcc 1.0123 Delta 0.419818 SA_r 0.818698 freedomratio 0.273576
Iter 1000000 pBad 0.876896 T 0.0101773 Obj 1.12798 Rho 0 GRdif 71.1579 success 225246 failure 4758 obj_new 1.12911 SA_pAcc 0.894613 Delta -0.859141 SA_r 0.995048 freedomratio 0.271296
Iter 1500000 pBad 0.864677 T 0.00290397 Obj 1.03823 Rho 0 GRdif 21.9827 success 337908 failure 10717 obj_new 1.03823 SA_pAcc 0.881252 Delta -0.842904 SA_r 0.0744051 freedomratio 0.263726
Iter 2000000 pBad 0.775652 T 0.000828616 Obj 1.01696 Rho 0 GRdif 9.85258 success 448668 failure 20104 obj_new 1.01696 SA_pAcc 1.05262 Delta 0.191262 SA_r 0.701779 freedomratio 0.269301
Iter 2500000 pBad 0.695346 T 0.000236436 Obj 1.01348 Rho 0 GRdif 7.84577 success 556904 failure 35324 obj_new 1.01348 SA_pAcc 1 Delta -0.286297 SA_r 0.0303982 freedomratio 0.264202
Iter 3000000 pBad 0.507996 T 6.74643e-05 Obj 1.01261 Rho 0 GRdif 7.34427 success 657997 failure 64956 obj_new 1.01261 SA_pAcc 1 Delta -0.450939 SA_r 0.868441 freedomratio 0.261025
Iter 3500000 pBad 0.382142 T 1.92502e-05 Obj 1.01147 Rho 0 GRdif 6.71122 success 749493 failure 114857 obj_new 1.01152 SA_pAcc 0.0670071 Delta -0.326988 SA_r 0.677179 freedomratio 0.260444
Iter 4000000 pBad 0.261729 T 5.49282e-06 Obj 1.01097 Rho 0 GRdif 6.39339 success 826819 failure 194354 obj_new 1.01097 SA_pAcc 1 Delta 0.128975 SA_r 0.457684 freedomratio 0.259177
Iter 4500000 pBad 0.152784 T 1.56731e-06 Obj 1.01041 Rho 0 GRdif 6.07012 success 891643 failure 303592 obj_new 1.01041 SA_pAcc 1 Delta -0.071678 SA_r 0.629995 freedomratio 0.238599
Iter 5000000 pBad 0.0698026 T 4.47215e-07 Obj 1.01011 Rho 0 GRdif 5.94165 success 933325 failure 471826 obj_new 1.01019 SA_pAcc 2.47428e-81 Delta 0.00145438 SA_r 0.0215839 freedomratio 0.215917
Iter 5500000 pBad 0.0396016 T 1.27608e-07 Obj 1.00992 Rho 0 GRdif 5.78666 success 959138 failure 692484 obj_new 1.00992 SA_pAcc 20.8238 Delta -0.00703734 SA_r 0.0970232 freedomratio 0.193591
Iter 6000000 pBad 0.0157735 T 3.64114e-08 Obj 1.00979 Rho 0 GRdif 5.70758 success 974784 failure 954369 obj_new 1.00979 SA_pAcc 1 Delta -0.0116558 SA_r 0.0520665 freedomratio 0.180641
Iter 6500000 pBad 0.00747176 T 1.03896e-08 Obj 1.00973 Rho 0 GRdif 5.67526 success 984031 failure 1243392 obj_new 1.00973 SA_pAcc 1 Delta 0.00238617 SA_r 0.0476209 freedomratio 0.171747
Iter 7000000 pBad 0.00500377 T 2.96455e-09 Obj 1.00971 Rho 0 GRdif 5.66282 success 989267 failure 1551940 obj_new 1.00971 SA_pAcc 1 Delta -0.000631384 SA_r 0.198695 freedomratio 0.167956
Iter 7500000 pBad 0.00346306 T 8.45899e-10 Obj 1.00969 Rho 0 GRdif 5.6482 success 992355 failure 1870663 obj_new 1.00969 SA_pAcc 1 Delta -0.000862381 SA_r 0.894877 freedomratio 0.165537
Iter 8000000 pBad 0.00203113 T 2.41368e-10 Obj 1.00967 Rho 0 GRdif 5.64116 success 994354 failure 2196879 obj_new 1.00967 SA_pAcc 1.69173e-30 Delta -0.000788516 SA_r 0.889071 freedomratio 0.163095
Iter 8500000 pBad 0.00113112 T 6.88715e-11 Obj 1.00967 Rho 0 GRdif 5.63769 success 995680 failure 2527220 obj_new 1.00967 SA_pAcc 1 Delta -0.000939987 SA_r 0.614683 freedomratio 0.162147
Iter 9000000 pBad 0.00113443 T 1.96517e-11 Obj 1.00966 Rho 0 GRdif 5.63489 success 997055 failure 2860609 obj_new 1.00966 SA_pAcc 0 Delta -0.000375463 SA_r 0.684023 freedomratio 0.160153
Iter 9500000 pBad 7.72843e-06 T 5.60739e-12 Obj 1.00965 Rho 0 GRdif 5.63435 success 999204 failure 3196463 obj_new 1.00966 SA_pAcc 0 Delta -6.5371e-06 SA_r 0.191904 freedomratio 0.159153
Good enough
iter 9.81505e+06 obj1.00965 rho 0 GRdif 5.62952
Training:
Lab Growth Rates:
0.59 0.48 0.47 0.46 0.5 0.686 1.483 0.48 1.345 0.58 0.4 0.56 0.55 0.27 0.724 0.27 0.59 0.36 0.46 0.45 0.53 0.43 0.5 0.55 0.37 1.483 0.56 0.53 0.47 0.5 0.3 0.39 0.56 0.1 0.47 0.37 0.41 0.42 0.1 0.49 0.7 0.5 1.248 0.45 0.1 0.59 0.33 0.4 0.4 0.45 0.54 0.58 0.48 0.5 0.42 0.58 0.42 0.43 0.476 0.46 1.345 0.59 0.47 1.345 0.4 1.483 0.5 0.5 1.483 0.59 0.37 0.68 0.23 0.58 0.33 1.05 0.3 0.58 0.31 0.52 0.4 0.58 0.1 0.686 0.23 0.5 0.46 0.47 0.25 0.58 0.54 0.47 0.36 0.476 0.5 0.37 0.4 0.27 0.65 0.71 0.23 1.248 0.4 0.54 0.4 0.377 0.25 0.4 0.4 0.46 0.4 0.41 1.345 0.68 0.68 1.483 0.36 1.345 0.4 0.65 1.345 0.41 0.38 0.47 0.4 1.49 0.59 0.58 0.6 0.3 0.485 0.65 0.19 0.3 0.22 0.5 1.43 0.56 0.58 0.485 0.47 0.59 0.19 1.483 0.68 0.27 0.47 0.4 0.46 0.5 0.54 0.485 0.5 0.53 0.59 0.59 0.5 0.09 1.248 0.4 0.2 0.617 0.49 0.43 1.46 0.56 0.36 0.47 0.33 0.25 0.45 0.54 0.53 0.4 0.46 0.4 0.56 0.4 0.52 1.345 0.11 0.58 1.05 0.33 0.377 0.56 0.3 0.54 0.56 0.52 0.17 0.5 0.4 0.4 0.37 0.39 0.65 0.37 0.25 0.3 0.7 0.476 0.4 0.4 1.345 0.37 0.4 0.54 0.54 0.43 0.52 0.23 0.25 0.65 0.59 0.09 0.4 0.54 0.55 0.53 0.39 0.5 0.45 0.56 0.59 0.58 0.637 0.3 0.23 0.55 0.65 0.22 0.59 0.54 0.55 0.58 0.686 0.4 0.4 0.58 0.481 0.58 0.636 0.22 0.19 0.4 0.4 0.36 0.45 0.3 0.56 0.26 0.54 0.45 0.14 0.4 0.53 0.4 0.4 0.26 0.58 0.4 0.11 0.55 0.46 0.37 0.53 0.4 0.901 0.51 0.56 1.46 0.59 0.65 0.45 0.42 0.46 0.54 0.46 0.1 0.5 0.33 0.54 0.42 1.67 0.71 0.648 0.4 0.22 0.481 0.36 0.26 0.33 0.42 0.4 0.43 0.47 0.34 0.46 0.27 0.4 0.42 0.38 0.45 0.38 0.7 0.34 0.45 0.23 0.5 0.54 0.23 0.45 0.635 0.54 1.483 0.41 0.1 0.53 0.4 0.5 1.03 0.43 1.345 0.65 1.05 1.483 0.2 0.5 0.58 0.36 0.48 0.11 0.36 0.42 0.37 0.53 0.37 1.67 0.762 0.54 0.56 1.483 0.4 0.58 0.4 0.4 0.45 0.23 0.301 0.5 0.59 0.4 0.42 0.3 0.7 0.54 0.42 1.66 1.05 1.483 0.4 0.4 0.54 0.53 0.55 1.46 0.5 0.58 0.52 0.4 0.481 0.38 0.4 0.09 0.37 0.465 0.47 0.37 0.5 0.5 0.31 0.39 0.4 0.34 0.47 0.52 0.71 0.636 0.32 0.22 0.59 0.25 0.42 0.22 0.41 0.27 0.3 0.33 0.53 0.55 0.46 0.46 0.45 0.4 0.47 0.31 0.41 1.42 0.55 0.43 0.54 0.465 0.3 0.56 0.637 0.5 0.301 0.636 0.5 0.4 0.6 1.66 0.54 0.42 0.42 0.46 0.54 0.56 0.901 0.55 0.42 1.35 0.52 0.52 0.39 0.65 0.43 0.22 0.4 0.3 0.4 0.17 0.47 0.485 0.901 0.43 0.48 0.5 0.4 0.49 0.54 0.4 0.59 0.54 0.901 0.5 0.33 0.54 0.5 0.55 0.53 0.22 0.33 0.37 0.42 0.54 1.483 0.46 0.32 0.48 0.48 0.4 0.45 0.52 1.345 0.58 0.6 0.42 0.47 0.5 0.45 0.5 0.45 0.43 0.51 0.724 0.47 0.47 0.4 0.47 0.55 0.762 0.4 0.56 0.54 0.53 0.48 0.52 1.43 0.47 0.377 0.47 0.32 0.23 1.44 0.46 0.37 0.47 0.4 0.3 1.46 1.345 0.762 0.4 0.25 0.56 0.53 0.42 0.53 0.762 0.46 0.635 0.56 1.248 0.648 0.38 0.48 1.38 0.724 0.5 0.54 0.45 0.5 0.36 0.14 0.51 0.43 0.46 1.4 0.46 0.52 0.4 0.648 0.47 0.6 0.301 1.483 0.42 0.37 1.345 0.68 0.52 0.46 1.248 0.56 0.58 0.901 0.45 0.5 0.17 0.465 0.1 0.25 0.4 0.635 0.1 0.58 0.637 0.46 0.1 0.901 0.4 0.54 0.4 0.2 0.45 0.43 0.4 0.39 0.5 0.3 0.37 0.47 1.05 0.4
Dot Production Prediction of Lab Growth Rates:
0.359989 0.364734 0.403556 0.427469 0.506662 0.707802 0.658367 0.371834 0.685675 0.376966 0.402152 0.538292 0.484068 0.367744 0.708522 0.405249 0.551709 0.381803 0.419957 0.385991 0.531907 0.403174 0.515987 0.555423 0.450879 0.660942 0.548278 0.446625 0.421641 0.381494 0.302894 0.362238 0.468158 0.444859 0.400901 0.471495 0.393503 0.384894 0.463405 0.407535 0.703427 0.474089 1.24879 1.50441 1.35213 0.549139 0.444332 0.400747 0.403796 1.41995 0.536687 0.472218 0.372869 0.547523 0.366644 0.470353 0.384442 0.430258 0.486166 0.456342 0.634347 0.549041 0.443475 0.652434 0.40506 0.671874 0.478557 0.482988 0.627571 0.404621 0.455832 0.680184 0.538269 0.41371 0.469974 1.05321 0.374554 0.479842 0.464597 0.417577 0.398258 0.38659 0.435343 0.706247 0.467707 0.375719 0.459974 0.39047 0.464209 0.483487 0.47752 0.454922 0.382471 0.490428 0.534526 0.454229 0.403673 0.388455 0.65607 0.702684 0.466817 1.24659 0.401296 0.374615 0.412051 0.496023 0.389309 0.397841 0.399608 0.425192 0.406701 0.496046 0.677437 0.669794 0.675881 0.652302 0.378414 0.658042 0.40731 0.650084 0.652205 0.374311 0.373708 0.424903 0.400248 1.50441 0.548782 0.472824 0.308104 0.310854 0.48763 0.638086 0.396211 0.316742 0.442435 0.539483 1.42166 0.479455 0.414845 0.48553 0.389439 0.551623 0.38987 0.665886 0.680572 0.510033 0.408345 0.403366 0.358624 0.537066 0.401244 0.486756 0.374575 0.42862 0.368453 0.377692 0.502606 0.455053 1.25645 0.400458 0.406607 0.572024 0.425456 0.422132 1.21513 0.477021 0.43753 0.396804 0.409157 0.544542 0.397214 0.408607 0.413511 0.403361 0.393521 0.404594 0.544862 0.398696 0.401227 0.664499 0.41516 0.431765 1.05008 0.369981 0.499794 0.529533 0.301355 0.474868 0.472951 0.396812 0.386733 0.537124 0.402632 0.40069 0.452399 0.356966 0.632192 0.457468 0.369931 0.30478 0.695893 0.489317 0.403956 0.403381 0.65698 0.410268 0.401856 0.461379 0.538549 0.404412 0.403044 0.530714 0.484364 0.652013 0.381543 0.405299 0.403865 0.543674 0.480909 0.549647 0.393874 0.410548 0.388486 0.540098 0.399168 0.399116 0.702472 0.26521 0.529344 0.543578 0.649287 0.485316 0.552132 0.532745 0.47208 0.47896 0.708073 0.404397 0.401758 0.472291 0.486567 0.393733 0.706039 0.484773 0.401833 0.400037 0.404501 0.391519 0.410785 0.310539 0.537334 0.428527 0.474164 0.408062 0.139362 0.405105 0.532283 0.404 0.400041 0.463265 0.466349 0.382234 0.387778 0.556684 0.46372 0.358265 0.536649 0.404976 1.25694 0.440522 0.468177 0.962793 0.381463 0.640563 1.43291 0.394121 0.457294 0.374227 0.450135 0.413428 0.408422 0.464418 0.393388 0.488919 1.4 0.709116 0.698136 0.405815 0.420536 0.483266 0.42881 0.371815 0.374488 0.369908 0.400984 0.418786 0.432744 0.378281 0.470888 0.413106 0.402254 0.377706 0.401342 0.425319 0.370295 0.700199 0.362578 1.43084 0.532425 0.373128 0.475367 0.539874 0.374162 0.703253 0.429428 0.645274 0.415559 0.440752 0.379354 0.403912 0.499958 1.03001 0.435559 0.651951 0.655178 1.25529 0.633109 0.386965 0.516931 0.469027 0.398864 0.3788 0.414791 0.402749 0.38343 0.436474 0.522582 0.451333 1.45924 1.43791 0.548818 0.535798 0.622159 0.39844 0.483606 0.407315 0.402333 1.45671 0.534271 0.502823 0.501278 0.378812 0.403752 0.385562 0.42161 0.689467 0.430507 0.382356 1.66 0.983689 0.642041 0.404864 0.398436 0.397656 0.401474 0.543805 1.00348 0.531182 0.382883 0.418673 0.405406 0.483093 0.356923 0.404625 0.388655 0.472459 0.485935 0.380487 0.47165 0.491118 0.469781 0.472628 0.412047 0.397016 0.362825 0.418149 0.42403 0.705796 0.693464 0.364477 0.404183 0.546854 1.46582 0.388458 0.490657 0.496564 0.411766 0.303337 0.375737 0.529179 0.473404 0.423728 0.412065 0.376204 0.397455 0.410948 0.483787 0.494329 1.49044 0.482458 0.40269 0.407114 0.488584 0.299999 0.536466 0.704254 0.501109 0.506518 0.705837 0.41283 0.404938 0.309656 1.64081 0.431165 0.383137 0.393865 0.460577 0.543292 0.481335 0.894725 0.545544 0.373659 1.34998 0.402453 0.412364 0.365826 0.650093 0.411591 0.477629 0.4009 0.30994 0.406404 0.446902 0.416298 0.487139 0.901808 0.413601 0.385937 0.37827 0.405314 0.409035 0.477987 0.406017 0.375068 0.384684 0.900974 0.478658 0.411831 0.405297 0.499563 0.474588 0.464398 0.477647 0.410949 0.424788 0.383963 0.540289 0.627917 0.461026 0.379323 0.383014 0.367016 0.402927 0.405233 0.413735 0.687379 0.40157 0.308234 0.482602 0.409375 0.477387 0.419594 0.483684 1.49604 0.413656 0.432943 0.708268 0.430623 0.412096 0.40364 0.395027 0.550458 1.42864 0.400283 0.550681 0.402768 0.39547 0.360976 0.401163 1.43319 0.415847 0.499333 0.454092 0.389451 0.468112 1.45852 0.360595 0.485383 0.406745 0.399819 0.399284 0.997806 0.663423 1.44498 0.400732 0.396786 0.538754 0.447703 0.486045 0.351128 1.42798 0.458124 0.702786 0.530922 1.24434 0.699304 0.399735 0.402594 1.00079 0.711831 0.401603 0.409358 0.389745 0.395893 0.402193 0.140666 0.425071 0.403853 0.416278 1.39864 0.377254 0.419949 0.402996 0.702235 0.402393 0.317651 0.502983 0.655611 0.415177 0.44757 0.652593 0.679993 0.386768 0.469623 1.24876 0.537364 0.466354 0.89657 0.428429 0.385828 0.372346 0.491592 0.405103 0.395473 0.402683 0.704216 0.558281 0.472039 0.699517 0.433011 0.415325 0.892459 0.405243 0.409203 0.405156 0.414364 1.42218 0.409057 0.383543 0.389941 0.365814 0.287885 0.406286 0.41521 1.05 0.396757
Testing:
Lab Growth Rates:
0.41 0.41 0.41
Dot Production Prediction of Lab Growth Rates:
0.41762 0.3894 0.416969
Best performance so far: 
Obj: 4.65651e-310Rho: 6.5069e-314Diff: 4.65651e-310
Test:
 Lab Growth Rates:
0.41 0.41 0.41Dot Product Prediction of Growth Rate:
0.4176201 0.3894002 0.4169685