seed =  5 traits =  1 
Training: part  167 
Training: part  167 
Round  1 
 Goal of obj  0.99 
Temperature range:  0.125 1e-12 
Cycle 1Round 1
Iter 500000 pBad 0.942255 T 0.034839 Obj 1.11988 Rho 0 GRdif 66.3488 success 147808 failure 1573 obj_new 1.11988 SA_pAcc 0.998928 Delta -0.00937179 SA_r 0.841686 freedomratio 0.357972
Iter 1000000 pBad 0.893589 T 0.00971002 Obj 1.05459 Rho 0 GRdif 31.1475 success 294482 failure 6009 obj_new 1.05459 SA_pAcc 1 Delta 0.27586 SA_r 0.621607 freedomratio 0.372063
Iter 1500000 pBad 0.84327 T 0.00270629 Obj 1.034 Rho 0 GRdif 19.5952 success 440414 failure 12701 obj_new 1.034 SA_pAcc 1.00605 Delta -0.768139 SA_r 0.454066 freedomratio 0.367859
Iter 2000000 pBad 0.810056 T 0.000754274 Obj 1.02232 Rho 0 GRdif 12.9376 success 585476 failure 21710 obj_new 1.02232 SA_pAcc 1.39011 Delta -0.563589 SA_r 0.527697 freedomratio 0.361952
Iter 2500000 pBad 0.707273 T 0.000210225 Obj 1.01416 Rho 0 GRdif 8.24134 success 727017 failure 37879 obj_new 1.01416 SA_pAcc 0.941195 Delta -0.331962 SA_r 0.716236 freedomratio 0.367168
Iter 3000000 pBad 0.541846 T 5.8592e-05 Obj 1.01089 Rho 0 GRdif 6.3481 success 860627 failure 69802 obj_new 1.01089 SA_pAcc 0.788961 Delta 0.212359 SA_r 0.367143 freedomratio 0.366021
Iter 3500000 pBad 0.398939 T 1.63302e-05 Obj 1.01026 Rho 0 GRdif 5.98452 success 978236 failure 134990 obj_new 1.01026 SA_pAcc 1.14107 Delta 0.0775132 SA_r 0.976155 freedomratio 0.36925
Iter 4000000 pBad 0.205554 T 4.55142e-06 Obj 1.00948 Rho 0 GRdif 5.53541 success 1075782 failure 240940 obj_new 1.00949 SA_pAcc 0.177695 Delta 0.162504 SA_r 0.919393 freedomratio 0.328475
Iter 4500000 pBad 0.135331 T 1.26853e-06 Obj 1.00895 Rho 0 GRdif 5.22268 success 1148102 failure 401809 obj_new 1.00895 SA_pAcc 1 Delta -0.0342061 SA_r 0.467344 freedomratio 0.300976
Iter 5000000 pBad 0.0505704 T 3.53554e-07 Obj 1.00857 Rho 0 GRdif 5.05586 success 1195412 failure 623401 obj_new 1.00867 SA_pAcc 4.07002e-120 Delta 0.00706003 SA_r 0.874836 freedomratio 0.266485
Iter 5500000 pBad 0.027947 T 9.85396e-08 Obj 1.00828 Rho 0 GRdif 4.83379 success 1222814 failure 902168 obj_new 1.00828 SA_pAcc 0.214522 Delta 0.00750924 SA_r 0.233444 freedomratio 0.23089
Iter 6000000 pBad 0.0126731 T 2.74641e-08 Obj 1.00815 Rho 0 GRdif 4.7577 success 1239534 failure 1219872 obj_new 1.00815 SA_pAcc 0.00084374 Delta 0.0106664 SA_r 0.347946 freedomratio 0.214495
Iter 6500000 pBad 0.00647156 T 7.65455e-09 Obj 1.00811 Rho 0 GRdif 4.73117 success 1249060 failure 1564752 obj_new 1.00811 SA_pAcc 0.800812 Delta 0.00146757 SA_r 0.536439 freedomratio 0.205903
Iter 7000000 pBad 0.00478358 T 2.13341e-09 Obj 1.00807 Rho 0 GRdif 4.71318 success 1256244 failure 1923461 obj_new 1.00808 SA_pAcc 0 Delta 0.000202534 SA_r 0.917019 freedomratio 0.198914
Iter 7500000 pBad 0.00307546 T 5.94605e-10 Obj 1.00805 Rho 0 GRdif 4.70953 success 1261710 failure 2297485 obj_new 1.00807 SA_pAcc 0 Delta 0.00247493 SA_r 0.441705 freedomratio 0.189521
Iter 8000000 pBad 0.00157075 T 1.65723e-10 Obj 1.00804 Rho 0 GRdif 4.6913 success 1265788 failure 2682792 obj_new 1.00804 SA_pAcc 0 Delta -0.00150326 SA_r 0.257107 freedomratio 0.186209
Iter 8500000 pBad 0.00055499 T 4.61889e-11 Obj 1.00803 Rho 0 GRdif 4.68494 success 1270032 failure 3073077 obj_new 1.00803 SA_pAcc 0.187331 Delta -1.34611e-05 SA_r 0.502465 freedomratio 0.180697
Iter 9000000 pBad 0.000284984 T 1.28734e-11 Obj 1.00802 Rho 0 GRdif 4.68349 success 1274651 failure 3476733 obj_new 1.00802 SA_pAcc 0 Delta -0.000222604 SA_r 0.60546 freedomratio 0.173836
Iter 9500000 pBad 0.000178229 T 3.58795e-12 Obj 1.00802 Rho 0 GRdif 4.70796 success 1280194 failure 3884459 obj_new 1.00807 SA_pAcc 0 Delta 8.7982e-05 SA_r 0.0882939 freedomratio 0.170845
Iter 10000000 pBad 8.43042e-13 T 1e-12 Obj 1.00802 Rho 0 GRdif 4.67858 success 1284597 failure 4290064 obj_new 1.00802 SA_pAcc 1 Delta -7.79426e-13 SA_r 0.415783 freedomratio 0.168246
Cannot move further
iter 9.99992e+06 obj1.00802 rho 0 GRdif 4.67858
Training:
Lab Growth Rates:
0.55 0.25 0.38 0.47 0.56 0.48 0.4 0.59 0.27 0.41 0.59 0.52 0.54 1.345 0.377 0.71 0.4 0.68 0.42 0.26 0.1 1.66 0.37 1.345 0.48 0.58 0.47 0.635 0.7 1.46 0.42 0.58 0.55 0.4 0.51 0.5 0.56 0.52 0.301 0.485 0.3 0.5 0.7 0.47 0.4 1.03 0.09 0.4 0.686 0.55 0.19 0.45 0.5 0.4 0.4 0.4 0.901 0.485 0.56 0.1 0.2 0.686 1.345 0.27 0.56 0.4 0.1 0.65 0.47 0.4 0.71 0.11 0.23 0.4 0.58 1.4 0.22 0.54 0.46 0.43 0.37 0.56 1.67 0.59 0.54 0.46 0.901 0.14 0.724 0.52 0.34 0.56 0.43 0.56 0.54 0.32 0.4 0.43 0.5 0.46 0.58 0.5 0.17 0.58 0.901 0.4 0.36 0.36 0.54 0.56 0.5 0.46 0.4 1.483 0.58 0.26 1.38 0.4 0.46 1.483 0.58 0.45 1.483 0.45 0.23 0.37 0.45 0.58 0.4 0.5 0.55 0.3 1.05 0.54 0.47 0.5 0.476 0.55 0.6 1.49 0.4 0.5 0.47 0.53 0.45 0.4 0.5 0.49 0.481 0.58 1.46 0.47 0.46 0.48 0.41 0.52 0.36 0.36 0.4 0.68 0.1 0.42 0.37 0.54 0.1 0.648 0.49 0.59 0.33 0.23 0.4 1.345 0.54 0.4 0.4 0.4 0.47 0.45 0.54 0.45 0.25 0.65 0.53 0.56 0.4 0.65 0.46 1.345 0.4 0.5 0.4 1.44 0.45 0.37 1.483 0.47 0.377 0.4 0.43 0.4 0.17 0.762 0.39 0.51 0.42 0.54 0.47 0.5 1.46 0.42 0.47 0.53 0.4 0.45 0.42 0.485 0.4 1.345 1.483 0.58 0.59 0.54 0.33 0.3 0.45 0.43 0.37 0.31 0.23 0.4 0.636 1.483 0.39 0.65 0.4 0.5 1.345 0.23 0.48 0.46 0.37 0.54 0.4 0.1 0.686 0.53 0.55 0.54 0.46 0.53 1.345 0.49 0.42 0.38 0.32 0.1 0.38 0.33 0.4 0.3 0.45 0.5 0.47 0.724 0.4 0.59 0.4 0.43 0.56 0.32 0.47 0.22 0.42 0.52 0.41 0.46 1.483 0.41 0.4 0.3 0.33 0.46 0.68 0.37 0.22 0.4 0.3 0.4 0.27 1.248 0.59 0.53 0.762 0.5 1.05 0.53 0.5 0.37 0.31 0.23 0.41 0.43 0.52 0.48 0.58 0.42 1.345 0.39 0.53 0.4 1.483 1.248 0.45 0.481 0.47 0.53 0.37 0.11 0.42 0.42 0.37 0.47 0.635 0.36 0.45 0.3 0.41 0.648 1.67 0.5 0.54 0.54 0.476 0.55 0.5 1.248 0.22 0.4 0.5 0.58 1.05 0.36 0.53 0.481 0.54 0.33 0.26 0.45 0.59 0.38 0.47 1.483 0.25 0.36 0.5 0.56 0.17 0.5 0.59 0.43 0.47 0.34 0.901 0.901 1.483 0.25 0.46 0.54 0.25 0.4 0.4 0.42 1.43 0.11 0.59 0.901 0.56 0.56 0.45 0.14 0.65 0.4 0.09 0.59 0.54 0.19 0.46 0.54 0.5 1.345 1.46 0.4 0.4 0.46 0.56 0.52 1.345 0.3 0.25 1.66 0.4 0.301 0.617 1.05 0.4 0.42 1.483 0.58 0.5 0.43 0.4 0.53 0.36 0.5 0.53 0.5 0.724 0.54 0.37 0.6 0.34 0.46 0.4 0.68 0.71 0.33 0.55 0.55 0.53 1.483 0.54 0.53 0.68 0.23 0.22 0.41 0.45 0.65 0.41 0.5 0.1 0.45 0.46 0.51 0.59 0.58 0.46 0.54 0.37 0.37 0.37 0.648 0.762 0.59 0.54 0.52 0.53 0.48 0.56 1.345 0.09 0.52 0.58 0.25 0.5 0.47 0.54 0.41 0.46 0.47 0.38 0.52 0.465 0.476 0.47 0.4 1.248 0.637 1.35 0.4 0.43 0.39 0.5 0.59 0.1 0.47 0.43 0.5 0.4 0.3 0.59 1.42 0.27 0.27 0.58 0.4 0.3 0.48 0.3 0.55 0.4 0.22 0.37 0.54 1.43 0.39 0.42 0.58 0.4 0.762 0.637 0.635 0.301 0.31 0.4 0.56 0.52 0.7 0.25 0.6 1.05 0.5 0.2 0.48 0.52 0.42 0.2 0.636 0.465 0.23 0.5 0.58 0.636 0.58 0.3 0.5 0.55 0.45 0.42 1.248 0.377 0.65 0.36 0.65 0.5 0.39 0.23 0.46 0.58 0.4 0.55 0.5 0.33 0.4 0.4 0.3 0.465 0.4 0.56 0.42 0.46 0.19 0.54 0.22 0.7 0.54 0.58 0.45 0.46 0.637 0.4 0.56 0.65 0.42 0.33 0.22 0.59 0.43 0.33 0.54 0.27 0.485 0.3 0.4 0.6 0.48
Dot Production Prediction of Lab Growth Rates:
0.556297 0.346632 0.369969 0.38895 0.531341 0.367162 0.400397 0.54705 0.381762 0.399396 0.355277 0.417965 0.432595 0.778246 0.493799 0.686192 0.398901 0.685985 0.366774 0.443346 0.374725 1.66 0.450968 0.804449 0.364228 0.476772 0.448461 0.677318 0.69702 1.00018 0.36177 0.381894 0.54502 0.399512 0.430896 0.413297 0.530594 0.436219 0.485345 0.485054 0.32217 0.547788 0.700177 0.43026 0.401521 1.03 0.453686 0.401079 0.692728 0.540745 0.376833 0.382103 0.469878 0.396101 0.403189 0.401601 0.900999 0.492023 0.539817 1.34227 0.407129 0.689135 0.801858 0.378861 0.475854 0.396476 0.45468 0.656566 0.486617 0.397128 0.691582 0.366551 0.446512 0.374056 0.370254 1.41081 0.465004 0.549281 0.358753 0.422413 0.418937 0.545454 1.46177 0.378451 0.349734 0.459861 0.904782 0.140008 0.690115 0.404866 0.376006 0.477084 0.37396 0.537526 0.414023 0.355944 0.396685 0.440462 0.475219 0.49563 0.484694 0.4693 0.347627 0.370376 0.901007 0.402107 0.365767 0.417828 0.397598 0.521581 0.36009 0.473492 0.400907 0.815784 0.485337 0.544132 1.03461 0.401639 0.456055 0.770191 0.476587 0.361204 0.786228 1.54012 0.517 0.445108 1.54336 0.411757 0.399212 0.507933 0.558573 0.277325 1.04975 0.535678 0.48383 0.371638 0.499688 0.440883 0.307011 1.54012 0.40001 0.365899 0.420802 0.525733 0.425878 0.401216 0.364164 0.406497 0.488544 0.48017 0.984805 0.401427 0.456645 0.375896 0.391539 0.379074 0.366139 0.375359 0.395095 0.673197 0.59652 0.35446 0.437491 0.418069 0.0914644 0.678349 0.383822 0.404775 0.455363 0.446085 0.400323 0.77116 0.549004 0.400461 0.402212 0.401038 0.427376 1.46279 0.437527 1.49846 0.505822 0.64956 0.358841 0.532873 0.393948 0.635959 0.468705 0.833712 0.395998 0.475938 0.401259 1.51928 1.46657 0.369612 0.753255 0.381308 0.493258 0.400464 0.430139 0.400205 0.358423 0.910648 0.361992 0.412808 0.571064 0.434336 0.44266 0.40494 1.21926 0.358416 0.383154 0.520041 0.400707 1.45733 0.349932 0.486258 0.396558 0.801221 0.785384 0.475169 0.354839 0.403192 0.368927 0.308666 0.388418 0.388556 0.44663 0.52379 0.512038 0.402305 0.689086 0.806001 0.352486 0.640317 0.39962 0.380041 0.807418 0.444771 0.372 0.336142 0.436091 0.376902 0.401151 0.444883 0.689479 0.545301 0.450356 0.352243 0.388896 0.336067 0.814329 0.392062 0.370205 0.389852 0.32934 0.108265 0.374973 0.381396 0.397582 0.298684 1.47632 0.374171 0.424242 0.687177 0.402007 0.544418 0.400148 0.460644 0.484226 0.374669 0.434914 0.461903 0.369542 0.373111 0.39489 0.409336 0.738768 0.490631 0.397814 0.300011 0.485297 0.49036 0.680002 0.432062 0.436775 0.396227 0.309364 0.394639 0.569824 0.959581 0.371231 0.430732 0.899761 0.384839 1.05 0.532123 0.479944 0.434397 0.514154 0.527581 0.48616 0.386346 0.395896 0.347972 0.460478 0.381191 0.766588 0.337593 0.502334 0.402645 0.769747 0.965133 0.409192 0.487308 0.366389 0.515802 0.398914 0.401565 0.379457 0.382211 0.404658 0.454224 0.675434 0.436065 0.392659 0.318504 0.379236 0.680297 1.37907 0.493734 0.358574 0.544074 0.499681 0.436371 0.520946 0.969625 0.376609 0.400608 0.492854 0.368592 1.05001 0.403669 0.522896 0.49186 0.387009 0.371216 0.391739 0.365297 0.552424 0.387296 0.390205 0.796781 0.595576 0.385743 0.484945 0.523135 0.438674 0.486581 0.35513 0.386937 0.413219 0.36376 0.904155 0.897755 0.818128 0.389054 0.348576 0.381581 1.4829 0.403892 0.400075 0.373337 1.4295 0.398267 0.545098 0.898915 0.536205 0.517568 0.388546 0.139994 0.638498 0.403529 0.38583 0.552917 0.401119 0.366972 0.469647 0.442765 0.529215 0.829768 0.997572 0.40105 0.396713 0.419673 0.485087 0.372726 0.745526 0.358848 0.544087 1.65838 0.417082 0.489165 0.617955 1.03673 0.398464 0.585662 0.802598 0.39448 0.35657 0.391229 0.400536 0.391292 0.364209 0.375256 0.371484 0.500469 0.687642 0.402997 0.44325 0.302548 0.357204 0.454984 0.395818 0.682527 0.687534 0.354872 0.533916 0.443786 0.376922 0.805539 0.40823 0.527465 0.679271 0.534409 0.402784 0.352703 0.423765 0.657981 0.487397 0.503411 0.0927776 0.368792 0.469333 0.414604 0.357709 0.479148 0.44359 0.555387 0.52953 0.449865 0.438901 0.684123 0.917204 0.421384 0.433339 0.382733 0.413902 0.352765 0.474241 0.815875 0.372237 0.389675 0.477602 0.39056 0.50726 0.37746 0.413459 0.372004 0.441715 0.395902 0.372487 0.38407 0.501337 0.501357 0.382732 0.403335 0.967291 0.677289 1.35 0.401288 0.40893 0.353476 0.361571 0.371012 0.0958446 0.388917 0.432674 0.512777 0.399965 0.417947 0.549075 1.46129 0.411194 0.404422 0.478522 0.399377 0.308052 0.343278 0.300448 0.446977 0.40293 0.465317 0.450534 0.539495 1.43067 0.333903 0.389616 0.359897 0.401033 0.907426 0.677228 0.677666 0.48605 0.509709 0.400937 0.481179 0.391129 0.701176 0.388899 0.303897 1.21431 0.513885 0.445335 0.391792 0.40723 0.402976 0.450252 0.668224 0.501506 0.520548 0.500686 0.475127 0.687295 0.482007 0.391977 0.482714 0.419583 0.362383 0.373352 0.96215 0.492127 0.649742 0.380135 0.64985 0.529682 0.379687 0.527475 0.361085 0.377975 0.400362 0.55667 0.527586 0.397615 0.397398 0.402202 0.301103 0.496732 0.401988 0.546196 0.579564 0.454957 0.360262 0.541141 0.468888 0.694897 0.421183 0.348111 0.409865 0.389711 0.670478 0.398206 0.541542 0.650831 0.395765 0.434724 0.46876 0.552527 0.422612 0.388222 0.396415 0.347498 0.495688 0.288454 0.390206 0.315697 0.336757
Testing:
Lab Growth Rates:
0.47 0.47 0.47
Dot Production Prediction of Lab Growth Rates:
0.385465 0.417492 0.406874
Best performance so far: 
Obj: 4.6562e-310Rho: 2.26291e-314Diff: 4.6562e-310
Anneal again with the best G and E so far as input
Cycle 2Round 1
Iter 500000 pBad 0.936572 T 0.034839 Obj 1.17523 Rho 0 GRdif 94.6198 success 121867 failure 1362 obj_new 1.17523 SA_pAcc 1 Delta 0.565364 SA_r 0.238459 freedomratio 0.292124
Iter 1000000 pBad 0.872013 T 0.00971002 Obj 1.05705 Rho 0 GRdif 32.5115 success 243044 failure 5586 obj_new 1.05705 SA_pAcc 1 Delta -0.663053 SA_r 0.184852 freedomratio 0.292269
Iter 1500000 pBad 0.831194 T 0.00270629 Obj 1.0303 Rho 0 GRdif 17.4948 success 363361 failure 12138 obj_new 1.0303 SA_pAcc 1 Delta -0.231244 SA_r 0.16473 freedomratio 0.294769
Iter 2000000 pBad 0.778763 T 0.000754274 Obj 1.02269 Rho 0 GRdif 13.1506 success 482708 failure 20954 obj_new 1.02269 SA_pAcc 1 Delta -0.731312 SA_r 0.548733 freedomratio 0.29462
Iter 2500000 pBad 0.693747 T 0.000210225 Obj 1.01653 Rho 0 GRdif 9.62005 success 600206 failure 33702 obj_new 1.01655 SA_pAcc 0.882835 Delta -0.3318 SA_r 0.907445 freedomratio 0.288244
Iter 3000000 pBad 0.492419 T 5.8592e-05 Obj 1.01218 Rho 0 GRdif 7.09297 success 710367 failure 60592 obj_new 1.01218 SA_pAcc 1.40881 Delta -0.0294619 SA_r 0.802225 freedomratio 0.283915
Iter 3500000 pBad 0.344282 T 1.63302e-05 Obj 1.01116 Rho 0 GRdif 6.50512 success 807083 failure 116178 obj_new 1.01116 SA_pAcc 1 Delta -0.0878857 SA_r 0.397046 freedomratio 0.280249
Iter 4000000 pBad 0.195975 T 4.55142e-06 Obj 1.01044 Rho 0 GRdif 6.08732 success 886611 failure 208412 obj_new 1.01044 SA_pAcc 1 Delta -0.0532141 SA_r 0.787728 freedomratio 0.268931
Iter 4500000 pBad 0.132086 T 1.26853e-06 Obj 1.0099 Rho 0 GRdif 5.77083 success 946769 failure 347405 obj_new 1.0099 SA_pAcc 0.955247 Delta -0.0139568 SA_r 0.256144 freedomratio 0.253241
Iter 5000000 pBad 0.0689282 T 3.53554e-07 Obj 1.0095 Rho 0 GRdif 5.54341 success 986834 failure 539599 obj_new 1.0095 SA_pAcc 1 Delta -0.0677991 SA_r 0.768166 freedomratio 0.222983
Iter 5500000 pBad 0.031956 T 9.85396e-08 Obj 1.00932 Rho 0 GRdif 5.43337 success 1012109 failure 781825 obj_new 1.00932 SA_pAcc 1 Delta -0.0307623 SA_r 0.369168 freedomratio 0.200068
Iter 6000000 pBad 0.0180564 T 2.74641e-08 Obj 1.0092 Rho 0 GRdif 5.36509 success 1027003 failure 1064583 obj_new 1.0092 SA_pAcc 1 Delta -0.00597793 SA_r 0.352281 freedomratio 0.186446
Iter 6500000 pBad 0.00970885 T 7.65455e-09 Obj 1.00913 Rho 0 GRdif 5.32853 success 1035703 failure 1375431 obj_new 1.00913 SA_pAcc 1 Delta 0.00858629 SA_r 0.871897 freedomratio 0.177953
Iter 7000000 pBad 0.00433772 T 2.13341e-09 Obj 1.0091 Rho 0 GRdif 5.3057 success 1041546 failure 1702758 obj_new 1.0091 SA_pAcc 3.67491e-15 Delta 0.00323988 SA_r 0.753511 freedomratio 0.171696
Iter 7500000 pBad 0.00440888 T 5.94605e-10 Obj 1.00908 Rho 0 GRdif 5.30257 success 1045012 failure 2043113 obj_new 1.00909 SA_pAcc 0 Delta -0.00247084 SA_r 0.712173 freedomratio 0.168439
Iter 8000000 pBad 0.000861808 T 1.65723e-10 Obj 1.00906 Rho 0 GRdif 5.30279 success 1048656 failure 2394333 obj_new 1.00909 SA_pAcc 0 Delta -0.000768913 SA_r 0.643678 freedomratio 0.162327
Iter 8500000 pBad 0.000449306 T 4.61889e-11 Obj 1.00906 Rho 0 GRdif 5.283 success 1050467 failure 2754657 obj_new 1.00906 SA_pAcc 1 Delta 0.000430526 SA_r 0.519292 freedomratio 0.160109
Iter 9000000 pBad 0.000673294 T 1.28734e-11 Obj 1.00905 Rho 0 GRdif 5.28034 success 1052291 failure 3117372 obj_new 1.00905 SA_pAcc 1 Delta 0.000631551 SA_r 0.254332 freedomratio 0.158851
Iter 9500000 pBad 1.20196e-11 T 3.58795e-12 Obj 1.00905 Rho 0 GRdif 5.28006 success 1055204 failure 3480268 obj_new 1.00905 SA_pAcc 0 Delta 3.0376e-12 SA_r 0.774378 freedomratio 0.156392
Good enough
iter 9.97735e+06 obj1.00905 rho 0 GRdif 5.27794
Training:
Lab Growth Rates:
0.55 0.25 0.38 0.47 0.56 0.48 0.4 0.59 0.27 0.41 0.59 0.52 0.54 1.345 0.377 0.71 0.4 0.68 0.42 0.26 0.1 1.66 0.37 1.345 0.48 0.58 0.47 0.635 0.7 1.46 0.42 0.58 0.55 0.4 0.51 0.5 0.56 0.52 0.301 0.485 0.3 0.5 0.7 0.47 0.4 1.03 0.09 0.4 0.686 0.55 0.19 0.45 0.5 0.4 0.4 0.4 0.901 0.485 0.56 0.1 0.2 0.686 1.345 0.27 0.56 0.4 0.1 0.65 0.47 0.4 0.71 0.11 0.23 0.4 0.58 1.4 0.22 0.54 0.46 0.43 0.37 0.56 1.67 0.59 0.54 0.46 0.901 0.14 0.724 0.52 0.34 0.56 0.43 0.56 0.54 0.32 0.4 0.43 0.5 0.46 0.58 0.5 0.17 0.58 0.901 0.4 0.36 0.36 0.54 0.56 0.5 0.46 0.4 1.483 0.58 0.26 1.38 0.4 0.46 1.483 0.58 0.45 1.483 0.45 0.23 0.37 0.45 0.58 0.4 0.5 0.55 0.3 1.05 0.54 0.47 0.5 0.476 0.55 0.6 1.49 0.4 0.5 0.47 0.53 0.45 0.4 0.5 0.49 0.481 0.58 1.46 0.47 0.46 0.48 0.41 0.52 0.36 0.36 0.4 0.68 0.1 0.42 0.37 0.54 0.1 0.648 0.49 0.59 0.33 0.23 0.4 1.345 0.54 0.4 0.4 0.4 0.47 0.45 0.54 0.45 0.25 0.65 0.53 0.56 0.4 0.65 0.46 1.345 0.4 0.5 0.4 1.44 0.45 0.37 1.483 0.47 0.377 0.4 0.43 0.4 0.17 0.762 0.39 0.51 0.42 0.54 0.47 0.5 1.46 0.42 0.47 0.53 0.4 0.45 0.42 0.485 0.4 1.345 1.483 0.58 0.59 0.54 0.33 0.3 0.45 0.43 0.37 0.31 0.23 0.4 0.636 1.483 0.39 0.65 0.4 0.5 1.345 0.23 0.48 0.46 0.37 0.54 0.4 0.1 0.686 0.53 0.55 0.54 0.46 0.53 1.345 0.49 0.42 0.38 0.32 0.1 0.38 0.33 0.4 0.3 0.45 0.5 0.47 0.724 0.4 0.59 0.4 0.43 0.56 0.32 0.47 0.22 0.42 0.52 0.41 0.46 1.483 0.41 0.4 0.3 0.33 0.46 0.68 0.37 0.22 0.4 0.3 0.4 0.27 1.248 0.59 0.53 0.762 0.5 1.05 0.53 0.5 0.37 0.31 0.23 0.41 0.43 0.52 0.48 0.58 0.42 1.345 0.39 0.53 0.4 1.483 1.248 0.45 0.481 0.47 0.53 0.37 0.11 0.42 0.42 0.37 0.47 0.635 0.36 0.45 0.3 0.41 0.648 1.67 0.5 0.54 0.54 0.476 0.55 0.5 1.248 0.22 0.4 0.5 0.58 1.05 0.36 0.53 0.481 0.54 0.33 0.26 0.45 0.59 0.38 0.47 1.483 0.25 0.36 0.5 0.56 0.17 0.5 0.59 0.43 0.47 0.34 0.901 0.901 1.483 0.25 0.46 0.54 0.25 0.4 0.4 0.42 1.43 0.11 0.59 0.901 0.56 0.56 0.45 0.14 0.65 0.4 0.09 0.59 0.54 0.19 0.46 0.54 0.5 1.345 1.46 0.4 0.4 0.46 0.56 0.52 1.345 0.3 0.25 1.66 0.4 0.301 0.617 1.05 0.4 0.42 1.483 0.58 0.5 0.43 0.4 0.53 0.36 0.5 0.53 0.5 0.724 0.54 0.37 0.6 0.34 0.46 0.4 0.68 0.71 0.33 0.55 0.55 0.53 1.483 0.54 0.53 0.68 0.23 0.22 0.41 0.45 0.65 0.41 0.5 0.1 0.45 0.46 0.51 0.59 0.58 0.46 0.54 0.37 0.37 0.37 0.648 0.762 0.59 0.54 0.52 0.53 0.48 0.56 1.345 0.09 0.52 0.58 0.25 0.5 0.47 0.54 0.41 0.46 0.47 0.38 0.52 0.465 0.476 0.47 0.4 1.248 0.637 1.35 0.4 0.43 0.39 0.5 0.59 0.1 0.47 0.43 0.5 0.4 0.3 0.59 1.42 0.27 0.27 0.58 0.4 0.3 0.48 0.3 0.55 0.4 0.22 0.37 0.54 1.43 0.39 0.42 0.58 0.4 0.762 0.637 0.635 0.301 0.31 0.4 0.56 0.52 0.7 0.25 0.6 1.05 0.5 0.2 0.48 0.52 0.42 0.2 0.636 0.465 0.23 0.5 0.58 0.636 0.58 0.3 0.5 0.55 0.45 0.42 1.248 0.377 0.65 0.36 0.65 0.5 0.39 0.23 0.46 0.58 0.4 0.55 0.5 0.33 0.4 0.4 0.3 0.465 0.4 0.56 0.42 0.46 0.19 0.54 0.22 0.7 0.54 0.58 0.45 0.46 0.637 0.4 0.56 0.65 0.42 0.33 0.22 0.59 0.43 0.33 0.54 0.27 0.485 0.3 0.4 0.6 0.48
Dot Production Prediction of Lab Growth Rates:
0.549858 0.362449 0.369454 0.3821 0.547714 0.389373 0.40199 0.542708 0.384623 0.404753 0.374864 0.415806 0.455281 0.725782 0.515938 0.698319 0.3918 0.686268 0.369255 0.442721 0.388044 1.66 0.452569 0.742083 0.372125 0.471341 0.45119 0.691838 0.701852 1.00691 0.355319 0.416767 0.550776 0.399603 0.428722 0.411116 0.52856 0.423153 0.512608 0.505222 0.314862 0.539561 0.700295 0.420175 0.401921 1.03184 0.436508 0.399812 0.700606 0.547427 0.378946 0.375418 0.466901 0.394139 0.4032 0.402324 0.901 0.510973 0.542075 1.37312 0.386169 0.701219 0.759458 0.381817 0.477667 0.397831 0.448844 0.661583 0.463147 0.398343 0.704479 0.366104 0.451682 0.361472 0.383807 1.58004 0.469788 0.538575 0.376579 0.421011 0.418454 0.548208 1.48073 0.366418 0.359308 0.458761 0.906283 0.140059 0.702045 0.402568 0.390749 0.474699 0.392665 0.531649 0.412737 0.363048 0.39661 0.4416 0.475362 0.481437 0.483111 0.471098 0.376577 0.385995 0.906421 0.405219 0.380027 0.422828 0.411703 0.541008 0.364728 0.466374 0.402904 0.705171 0.477225 0.494564 0.993576 0.399873 0.432305 0.708555 0.478539 0.352997 0.722695 1.51302 0.538872 0.442116 1.48315 0.41557 0.398509 0.520649 0.553436 0.273379 1.05 0.543347 0.454491 0.385137 0.515695 0.451757 0.305683 1.51302 0.398774 0.384971 0.39581 0.529839 0.422487 0.400929 0.388014 0.41003 0.507314 0.474581 0.982251 0.413455 0.459931 0.377434 0.399899 0.389447 0.370746 0.380841 0.393319 0.672328 0.572645 0.36525 0.438204 0.410602 1.33749 0.688431 0.389838 0.394628 0.460999 0.45312 0.403073 0.726163 0.547564 0.403862 0.402855 0.401225 0.422418 1.46204 0.456025 1.45617 0.465893 0.650611 0.374899 0.542751 0.390642 0.624818 0.478464 0.761732 0.392342 0.479167 0.402659 1.52967 1.44775 0.358763 0.710917 0.38343 0.515247 0.400348 0.427066 0.400082 0.384216 0.910867 0.374626 0.413286 0.519273 0.457697 0.441392 0.404834 1.2317 0.386217 0.3907 0.54011 0.401182 1.46049 0.365585 0.506045 0.39703 0.734524 0.740774 0.479356 0.371988 0.406884 0.386102 0.309656 0.393049 0.401617 0.452133 0.481922 0.535486 0.405997 0.698635 0.694 0.376145 0.644745 0.402083 0.388743 0.730525 0.452392 0.39904 0.354074 0.436198 0.3864 0.402801 0.445656 0.69956 0.54652 0.451512 0.369936 0.396302 0.342506 0.736658 0.401066 0.38589 0.388509 0.372277 1.6129 0.367692 0.394912 0.396539 0.303221 1.44965 0.377936 0.426806 0.700846 0.403183 0.551389 0.401137 0.437295 0.484073 0.397804 0.427581 0.469849 0.375542 0.383554 0.39961 0.410264 0.725816 0.513031 0.397644 0.302933 0.478517 0.471754 0.680007 0.435005 0.441521 0.398129 0.307061 0.391393 0.531887 0.939765 0.386302 0.421713 0.90018 0.396672 1.05291 0.524138 0.480224 0.430808 0.476927 0.545123 0.50573 0.398817 0.40028 0.355179 0.465122 0.395978 0.711554 0.363805 0.453625 0.399939 0.700174 0.931929 0.414333 0.507472 0.38644 0.481209 0.418222 0.398657 0.389656 0.394693 0.424975 0.455307 0.686831 0.428399 0.394383 0.32143 0.381786 0.693101 1.59983 0.504081 0.374777 0.536654 0.516532 0.4467 0.527401 0.952026 0.395311 0.402186 0.495248 0.379192 1.04915 0.40081 0.520117 0.511805 0.375015 0.386638 0.385696 0.370367 0.552879 0.392615 0.408027 0.721984 0.573777 0.385594 0.486849 0.543177 0.438739 0.487152 0.38536 0.403484 0.41463 0.377632 0.901218 0.900891 0.716973 0.401589 0.372971 0.389683 1.45922 0.404836 0.399876 0.390313 1.43044 0.39441 0.555813 0.900558 0.545184 0.537449 0.384587 0.138363 0.617681 0.403776 0.40121 0.541129 0.395241 0.382422 0.462489 0.457104 0.543215 0.748168 0.996969 0.400537 0.394692 0.410924 0.485957 0.384443 0.710459 0.36588 0.480889 1.65917 0.407879 0.51588 0.617098 0.995824 0.398844 0.526023 0.727797 0.399829 0.3593 0.409127 0.402447 0.401136 0.370436 0.374836 0.362502 0.499993 0.700393 0.402955 0.436126 0.305578 0.376057 0.457658 0.389678 0.68447 0.697419 0.372828 0.549852 0.448077 0.389851 0.736977 0.400679 0.530152 0.677835 0.543298 0.408545 0.386379 0.428039 0.66115 0.510854 0.507547 1.36658 0.375233 0.46721 0.412732 0.377008 0.478628 0.412815 0.549621 0.500395 0.452289 0.436047 0.695728 0.915084 0.403155 0.449901 0.390258 0.40551 0.349015 0.478142 0.714139 0.382782 0.40247 0.475448 0.402444 0.500194 0.377955 0.412389 0.376359 0.434841 0.387002 0.362094 0.391603 0.519925 0.5178 0.381058 0.405295 0.928871 0.692869 1.34998 0.401278 0.399936 0.373449 0.387203 0.386872 1.43879 0.388548 0.420579 0.510231 0.405337 0.404609 0.543584 1.47261 0.409452 0.414106 0.481049 0.39962 0.300203 0.378518 0.29809 0.450663 0.402813 0.471342 0.452502 0.533556 1.4299 0.365829 0.399935 0.373596 0.402463 0.916584 0.689604 0.693011 0.51543 0.476372 0.401163 0.481826 0.393936 0.698649 0.393048 0.306199 1.27662 0.52091 0.41491 0.386197 0.411879 0.407246 0.415826 0.688151 0.51666 0.535519 0.490339 0.480207 0.69861 0.478643 0.389645 0.48375 0.440319 0.354947 0.391343 0.9413 0.513509 0.65036 0.381274 0.646208 0.539924 0.389585 0.543555 0.386404 0.393111 0.40175 0.553393 0.528153 0.396737 0.390106 0.402843 0.299999 0.513115 0.405183 0.547106 0.526309 0.428601 0.372934 0.535215 0.474 0.698614 0.45174 0.353671 0.408572 0.387912 0.687269 0.397446 0.544916 0.654478 0.384706 0.435565 0.474898 0.551486 0.426092 0.394752 0.394345 0.36189 0.515869 0.291246 0.371217 0.316882 0.352557
Testing:
Lab Growth Rates:
0.47 0.47 0.47
Dot Production Prediction of Lab Growth Rates:
0.392501 0.413055 0.403663
Best performance so far: 
Obj: 4.6562e-310Rho: 6.5069e-314Diff: 4.6562e-310
Test:
 Lab Growth Rates:
0.47 0.47 0.47Dot Product Prediction of Growth Rate:
0.392501 0.4130549 0.403663