seed =  5 traits =  1 
Training: part  61 
Training: part  61 
Round  1 
 Goal of obj  0.99 
Temperature range:  0.125 2e-12 
Cycle 1Round 1
Iter 500000 pBad 0.940579 T 0.0360676 Obj 1.13354 Rho 0 GRdif 73.4537 success 147965 failure 1631 obj_new 1.13354 SA_pAcc 1.02925 Delta -0.731082 SA_r 0.170038 freedomratio 0.373486
Iter 1000000 pBad 0.886129 T 0.0104069 Obj 1.07189 Rho 0 GRdif 40.684 success 294512 failure 5745 obj_new 1.07189 SA_pAcc 1.02362 Delta 0.65714 SA_r 0.0630752 freedomratio 0.384262
Iter 1500000 pBad 0.839315 T 0.00300282 Obj 1.0419 Rho 0 GRdif 24.0557 success 440877 failure 11828 obj_new 1.0419 SA_pAcc 1 Delta -0.747999 SA_r 0.134675 freedomratio 0.380519
Iter 2000000 pBad 0.814404 T 0.000866433 Obj 1.02489 Rho 0 GRdif 14.4046 success 586017 failure 20071 obj_new 1.02489 SA_pAcc 1 Delta 0.493692 SA_r 0.222615 freedomratio 0.365793
Iter 2500000 pBad 0.759204 T 0.000250001 Obj 1.01766 Rho 0 GRdif 10.2604 success 727872 failure 35135 obj_new 1.01766 SA_pAcc 1 Delta 0.408083 SA_r 0.506566 freedomratio 0.369483
Iter 3000000 pBad 0.622408 T 7.21352e-05 Obj 1.01388 Rho 0 GRdif 8.08008 success 865300 failure 59859 obj_new 1.01388 SA_pAcc 1 Delta 0.504033 SA_r 0.549896 freedomratio 0.371592
Iter 3500000 pBad 0.444642 T 2.08139e-05 Obj 1.01244 Rho 0 GRdif 7.24597 success 991141 failure 108594 obj_new 1.01244 SA_pAcc 0.810458 Delta 0.26592 SA_r 0.598315 freedomratio 0.360837
Iter 4000000 pBad 0.314579 T 6.00564e-06 Obj 1.01134 Rho 0 GRdif 6.60667 success 1101882 failure 188197 obj_new 1.01134 SA_pAcc 1 Delta 0.298927 SA_r 0.38357 freedomratio 0.346746
Iter 4500000 pBad 0.163128 T 1.73287e-06 Obj 1.01015 Rho 0 GRdif 5.91777 success 1191842 failure 311050 obj_new 1.01015 SA_pAcc 1.27117 Delta -0.0324154 SA_r 0.568606 freedomratio 0.30745
Iter 5000000 pBad 0.059603 T 5.00001e-07 Obj 1.00986 Rho 0 GRdif 5.75976 success 1242770 failure 522408 obj_new 1.00988 SA_pAcc 1.08534e-18 Delta 0.0145085 SA_r 0.0399529 freedomratio 0.266364
Iter 5500000 pBad 0.0292213 T 1.4427e-07 Obj 1.00963 Rho 0 GRdif 5.61509 success 1275179 failure 785274 obj_new 1.00963 SA_pAcc 1 Delta -0.0266893 SA_r 0.269995 freedomratio 0.240361
Iter 6000000 pBad 0.0194138 T 4.16278e-08 Obj 1.00952 Rho 0 GRdif 5.54971 success 1293072 failure 1093860 obj_new 1.00952 SA_pAcc 1 Delta 0.0124377 SA_r 0.474859 freedomratio 0.220716
Iter 6500000 pBad 0.00815924 T 1.20113e-08 Obj 1.00945 Rho 0 GRdif 5.51466 success 1303720 failure 1431927 obj_new 1.00946 SA_pAcc 2.45463e-115 Delta 0.000965677 SA_r 0.217173 freedomratio 0.20951
Iter 7000000 pBad 0.00362909 T 3.46573e-09 Obj 1.0094 Rho 0 GRdif 5.48509 success 1310570 failure 1786793 obj_new 1.0094 SA_pAcc 1 Delta -0.00288168 SA_r 0.495467 freedomratio 0.202838
Iter 7500000 pBad 0.0027395 T 1e-09 Obj 1.00938 Rho 0 GRdif 5.47305 success 1314539 failure 2152137 obj_new 1.00938 SA_pAcc 1 Delta -0.00205237 SA_r 0.248387 freedomratio 0.200068
Iter 8000000 pBad 0.00114521 T 2.88541e-10 Obj 1.00937 Rho 0 GRdif 5.46604 success 1317155 failure 2523970 obj_new 1.00937 SA_pAcc 6.09582e-09 Delta -0.000589569 SA_r 0.651444 freedomratio 0.196512
Iter 8500000 pBad 0.00111742 T 8.32555e-11 Obj 1.00936 Rho 0 GRdif 5.51742 success 1320020 failure 2902533 obj_new 1.00946 SA_pAcc 0 Delta -0.000554936 SA_r 0.750903 freedomratio 0.190942
Iter 9000000 pBad 0.000942613 T 2.40225e-11 Obj 1.00935 Rho 0 GRdif 5.45344 success 1322046 failure 3288164 obj_new 1.00935 SA_pAcc 2.33359e-76 Delta 0.000166801 SA_r 0.741626 freedomratio 0.186743
Iter 9500000 pBad 6.56702e-36 T 6.93147e-12 Obj 1.00934 Rho 0 GRdif 5.44952 success 1325152 failure 3676424 obj_new 1.00934 SA_pAcc 1 Delta 0 SA_r 0.0999752 freedomratio 0.174146
Iter 10000000 pBad 8.65999e-22 T 2e-12 Obj 1.00934 Rho 0 GRdif 5.44943 success 1327450 failure 3998904 obj_new 1.00934 SA_pAcc 0 Delta 0 SA_r 0.968726 freedomratio 0.172454
Cannot move further
iter 9.75417e+06 obj1.00934 rho 0 GRdif 5.44939
Training:
Lab Growth Rates:
1.43 0.1 1.345 0.48 0.47 0.36 0.3 0.56 0.52 0.41 1.483 0.55 0.22 0.5 1.483 0.5 0.46 0.51 0.37 1.248 0.23 0.26 0.22 0.5 0.2 0.3 0.377 0.31 0.19 0.32 0.48 0.55 0.47 0.4 0.23 1.483 1.345 1.345 0.45 0.36 0.26 0.42 0.09 1.483 0.55 0.3 0.25 0.1 0.23 0.55 0.59 0.38 0.71 0.59 1.4 0.476 0.636 0.617 0.56 0.5 0.56 0.5 0.53 0.3 0.5 0.5 0.34 0.59 0.54 0.5 0.46 0.42 0.481 0.46 0.58 0.4 0.47 0.46 0.47 0.5 0.636 0.5 0.52 0.58 0.52 0.54 0.47 0.53 0.47 0.4 0.762 0.22 0.53 0.58 0.5 0.4 0.55 0.901 0.54 0.42 0.54 1.483 0.762 0.4 0.48 0.54 1.248 1.66 0.45 0.53 0.54 0.38 0.686 0.33 0.45 0.485 0.4 0.4 0.46 1.46 0.4 0.4 0.45 0.45 0.5 0.901 0.55 0.47 0.1 0.648 0.465 0.48 0.23 0.7 0.46 0.724 0.762 0.33 0.39 0.45 0.47 0.53 0.37 0.42 0.4 0.4 0.4 1.483 0.54 0.648 0.4 0.42 0.17 0.4 0.54 0.5 1.05 1.345 0.65 0.636 0.39 0.53 0.59 0.49 0.47 0.58 0.42 0.54 1.248 0.32 0.55 0.48 0.45 0.34 0.43 0.58 0.37 0.36 0.25 0.4 0.637 0.55 0.71 0.31 0.46 0.52 0.4 0.4 0.59 0.33 0.55 0.51 0.4 0.54 0.4 0.58 0.635 0.59 0.5 0.46 0.49 0.58 0.22 0.3 0.55 0.45 1.248 0.47 1.248 0.58 0.59 0.6 1.345 0.45 0.33 0.3 0.54 0.54 0.19 0.5 0.901 0.3 0.11 0.71 0.27 0.47 0.37 0.54 0.4 0.686 1.46 0.53 1.67 0.4 0.3 0.42 0.56 0.1 0.25 0.4 1.483 0.33 0.476 0.37 0.4 0.377 0.25 0.5 0.25 0.4 0.4 0.46 0.56 0.901 1.05 0.37 0.4 0.33 0.54 0.42 0.5 1.49 0.59 1.345 0.46 0.47 0.54 0.56 0.4 0.43 0.42 0.45 1.345 0.39 0.4 0.53 0.65 0.45 0.39 0.27 0.38 0.5 0.23 0.37 0.52 0.46 0.7 0.09 0.37 0.4 0.3 0.1 0.58 0.637 0.53 0.56 0.47 1.345 0.5 0.58 0.52 0.23 1.43 0.48 0.22 0.4 1.483 0.48 0.43 0.47 0.6 0.6 0.41 0.485 0.3 0.39 0.55 0.56 0.3 0.45 0.485 0.4 0.5 0.4 0.481 0.46 0.56 0.56 0.43 0.33 0.47 0.19 0.56 1.483 0.54 0.5 0.42 0.45 0.27 0.5 0.41 0.37 0.4 0.43 0.47 0.54 1.46 0.17 0.14 0.53 0.7 0.53 0.59 0.36 0.5 0.58 0.36 0.54 0.47 0.42 0.43 0.4 0.47 0.47 0.1 0.42 0.4 0.52 1.345 0.54 0.46 0.43 0.34 0.25 0.55 0.301 0.59 0.56 0.1 1.46 0.17 0.49 0.5 0.45 0.4 0.3 0.14 0.56 0.33 0.4 0.22 0.56 0.25 0.42 1.345 0.37 0.4 0.38 0.36 0.38 0.42 0.56 0.23 0.3 0.46 0.68 0.59 0.635 1.345 1.483 0.58 0.476 0.648 0.4 0.43 0.37 0.54 0.68 0.41 0.5 0.52 0.68 0.635 0.36 0.47 0.4 0.41 0.58 0.11 0.56 0.7 0.51 0.37 0.41 0.43 0.36 0.43 0.42 0.68 0.11 0.46 0.27 0.54 0.52 0.54 0.59 1.66 1.05 0.47 1.42 0.22 0.45 0.59 1.44 0.32 0.58 0.46 0.45 0.54 0.5 0.4 0.39 0.45 0.52 0.4 0.54 0.09 0.485 0.4 1.38 0.4 0.42 0.4 0.4 0.41 0.58 0.46 0.54 0.27 0.53 0.5 0.65 0.58 0.2 0.27 0.481 0.58 0.4 0.45 0.52 0.65 0.4 0.47 0.65 0.53 1.35 0.68 0.46 0.43 0.46 0.65 0.31 0.4 0.47 0.901 0.5 0.43 0.65 0.54 0.36 1.483 0.42 0.52 0.465 0.37 0.65 0.65 1.345 0.2 0.33 0.4 0.4 0.4 0.637 0.25 1.67 0.5 0.377 0.37 0.5 0.53 0.41 0.5 0.37 0.41 0.26 0.59 0.4 0.901 0.6 0.54 0.4 1.05 1.03 0.5 0.56 0.48 1.483 0.4 0.58 0.23 0.5 0.301 0.46 0.45 0.724 0.4 0.46 0.5 0.59 0.4 0.4 0.3 0.53 0.22 0.4 0.37 0.724 0.23 0.762 1.05 0.301 0.47 0.54 0.4 0.4 0.48 0.686 0.59 0.4 0.42 0.465 0.1 0.1 0.56 0.4
Dot Production Prediction of Lab Growth Rates:
1.43351 1.78891 0.825366 0.322465 0.366962 0.362133 0.3702 0.545698 0.407515 0.413569 0.798384 0.544657 0.438175 0.494913 0.900336 0.499705 0.443966 0.403296 0.438421 1.23801 0.551806 0.471622 0.471976 0.414412 0.345266 0.301113 0.741387 0.484311 0.364822 0.33188 0.396637 0.549443 0.407156 0.399287 0.542505 0.890497 0.832263 0.92426 0.405766 0.390421 0.40591 0.482664 0.452437 0.919321 0.560618 0.321539 1.4613 0.718342 0.546567 0.557767 0.548475 0.305306 0.709678 0.355564 1.39978 0.716866 0.703052 0.617239 0.467271 0.355507 0.534889 0.474342 0.422892 0.261069 0.547138 0.500757 0.35324 0.542353 0.480132 0.383602 0.433454 0.359178 0.722105 0.460361 0.397556 0.40376 0.400355 0.384801 0.352976 0.569928 0.684454 0.412087 0.39577 0.386238 0.346765 0.356721 0.386532 0.405647 0.375597 0.404991 1.52976 0.483869 0.393773 0.389352 0.496562 0.40055 0.504751 0.895223 0.461549 0.340134 0.477406 0.868412 1.52175 0.400874 0.353874 0.345608 1.25234 1.66 1.44781 0.526624 0.472513 0.368265 0.704231 0.343578 1.48935 0.708491 0.403954 0.403235 0.324318 1.32343 0.34497 0.399992 1.44851 0.368507 0.522811 0.901986 0.494523 0.47141 1.825 0.701265 0.711277 0.369608 0.466233 0.69992 0.454792 0.705435 1.50914 0.391022 0.378131 0.308222 0.359637 0.400658 0.302851 0.353613 0.394031 0.405591 0.399852 0.819277 0.385737 0.699055 0.404918 0.473385 0.334315 0.401515 0.54177 0.484688 1.05178 0.92287 0.627626 0.707251 0.345023 0.518433 0.366963 0.388655 0.378406 0.483205 0.343687 0.4776 1.26655 0.356718 0.496096 0.309091 0.370159 0.359535 0.380699 0.392075 0.439245 0.374642 0.354494 0.403451 0.703822 0.552841 0.704259 0.498008 0.379901 0.411954 0.399672 0.402014 0.341103 0.48676 0.495957 0.431641 0.398812 0.551259 0.400455 0.453547 0.70978 0.354233 0.492683 0.356414 0.412149 0.468425 0.491231 0.321751 0.555794 0.414377 1.23911 0.379664 1.25251 0.380153 0.549286 0.308508 0.911662 1.42976 0.387938 0.301277 0.363463 0.537026 0.35155 0.546459 0.901 0.31558 0.356042 0.699531 0.3821 0.430604 0.438734 0.351648 0.404454 0.703804 0.976532 0.514974 1.49335 0.398108 0.301128 0.314607 0.534802 1.87999 0.354505 0.405782 0.878464 0.464479 0.710206 0.436264 0.407951 0.733937 0.355696 0.473585 0.353601 0.310971 0.405776 0.37654 0.481136 0.895748 1.05 0.464217 0.403282 0.354568 0.332727 0.357195 0.495238 1.52051 0.354224 0.858906 0.387526 0.346512 0.369768 0.543259 0.400086 0.394149 0.400322 1.43548 0.845805 0.336222 0.40128 0.422963 0.649787 0.409643 0.365158 0.370991 0.301955 0.51343 0.540089 0.439658 0.368529 0.450411 0.706801 0.378298 0.46295 0.404577 0.286311 1.38167 0.468279 0.705335 0.324599 0.535075 0.388755 0.883614 0.35726 0.467146 0.421589 0.469127 1.42356 0.35052 0.473734 0.406221 0.865342 0.374743 0.390353 0.38717 0.301409 0.300019 0.756389 0.734015 0.305263 0.333335 0.502336 0.541685 0.300006 0.316795 0.739753 0.399944 0.372266 0.400066 0.715772 0.458988 0.487115 0.539065 0.402 0.354884 0.410505 0.364084 0.467316 0.794541 0.537332 0.377281 0.346254 0.372913 0.329525 0.510859 0.374968 0.398597 0.399577 0.386092 0.370088 0.404345 0.97416 0.432729 0.142034 0.541986 0.701228 0.368926 0.541453 0.424494 0.343554 0.386322 0.432462 0.346479 0.363148 0.3547 0.377626 0.400652 0.397581 0.355904 0.318523 0.349796 0.397532 0.397751 0.892396 0.565687 0.455004 0.388568 0.356434 0.462547 0.49726 0.781007 0.376193 0.48388 2.01676 0.935883 0.319045 0.414637 0.364247 1.52051 0.394748 0.354149 0.139697 0.543576 0.454297 0.40433 0.392761 0.528393 0.712761 0.309483 0.889356 0.462031 0.400479 0.336776 0.33805 0.384619 0.346749 0.530137 0.470297 0.286769 0.394899 0.680498 0.54554 0.705756 0.955143 0.818516 0.488617 0.719087 0.697507 0.400304 0.416779 0.445304 0.557816 0.666046 0.758329 0.496493 0.365453 0.679987 0.704836 0.376491 0.339621 0.401355 0.399896 0.463122 0.40118 0.53483 0.699284 0.413675 0.44035 0.760278 0.378134 0.37841 0.352268 0.349495 0.682161 0.406585 0.405011 0.521776 0.54433 0.383151 0.364783 0.396097 1.65999 1.32865 0.471339 1.49629 0.415586 0.369373 0.547601 1.45708 0.371176 0.466659 0.364852 0.400938 0.399536 0.517495 0.315961 0.364416 0.377947 0.402161 0.4066 0.378875 0.384324 0.719229 0.402489 1.00354 0.404816 0.481736 0.39599 0.405373 0.347831 0.340836 0.458574 0.372765 0.343483 0.406009 0.481558 0.638048 0.342123 0.331677 0.371321 0.714746 0.402283 0.40083 1.5146 0.375183 0.650964 0.403916 0.319149 0.651901 0.530172 1.34998 0.679989 0.391617 0.392613 0.467964 0.649553 0.468021 0.402269 0.396754 0.859426 0.554631 0.361895 0.648057 0.475651 0.383873 0.856411 0.338415 0.388749 0.709315 0.441872 0.64864 0.650746 0.915732 0.352733 0.353636 0.401015 0.402544 0.398054 0.706504 0.426053 1.41497 0.544858 0.745765 0.424411 0.401367 0.302885 0.40502 0.345804 0.390779 0.360924 0.377143 0.352819 0.403764 1.36658 0.309404 0.395045 0.401114 0.97194 1.03 0.460176 0.543824 0.312915 0.89244 0.40452 0.467761 0.540137 0.388767 0.785333 0.383255 0.318063 0.707928 0.403258 0.451495 0.523611 0.560021 0.409283 0.403282 0.306446 0.548345 0.494623 0.397994 0.465722 0.709742 0.544007 1.54411 1.03043 0.777822 0.401103 0.324706 0.406613 0.397316 0.354973 0.704991 0.364958 0.396051 0.339926 0.70717 0.39157 0.389264 0.465392 0.405307
Testing:
Lab Growth Rates:
0.58 0.58 0.58
Dot Production Prediction of Lab Growth Rates:
0.478838 0.481437 0.455589
Best performance so far: 
Obj: 4.6665e-310Rho: 2.26291e-314Diff: 4.6665e-310
Anneal again with the best G and E so far as input
Cycle 2Round 1
Iter 500000 pBad 0.944832 T 0.0360676 Obj 1.11477 Rho 0 GRdif 63.67 success 119710 failure 1422 obj_new 1.11477 SA_pAcc 1 Delta 0.737017 SA_r 0.97297 freedomratio 0.285019
Iter 1000000 pBad 0.882043 T 0.0104069 Obj 1.06759 Rho 0 GRdif 38.3287 success 238646 failure 5263 obj_new 1.06759 SA_pAcc 1 Delta -0.603062 SA_r 0.182541 freedomratio 0.287255
Iter 1500000 pBad 0.851671 T 0.00300282 Obj 1.03883 Rho 0 GRdif 22.3229 success 356116 failure 12071 obj_new 1.03883 SA_pAcc 0.999264 Delta 0.163394 SA_r 0.444418 freedomratio 0.289526
Iter 2000000 pBad 0.800038 T 0.000866433 Obj 1.02398 Rho 0 GRdif 13.8874 success 472924 failure 20227 obj_new 1.02398 SA_pAcc 0.736543 Delta 0.702677 SA_r 0.311336 freedomratio 0.283229
Iter 2500000 pBad 0.700731 T 0.000250001 Obj 1.01565 Rho 0 GRdif 9.0975 success 587672 failure 33240 obj_new 1.01565 SA_pAcc 1 Delta 0.242752 SA_r 0.616798 freedomratio 0.285714
Iter 3000000 pBad 0.545039 T 7.21352e-05 Obj 1.01247 Rho 0 GRdif 7.29964 success 697785 failure 56948 obj_new 1.01253 SA_pAcc 0.398028 Delta 0.472974 SA_r 0.515925 freedomratio 0.279981
Iter 3500000 pBad 0.37214 T 2.08139e-05 Obj 1.01182 Rho 0 GRdif 6.94275 success 794987 failure 106711 obj_new 1.01192 SA_pAcc 0.00768757 Delta 0.310139 SA_r 0.930829 freedomratio 0.27396
Iter 4000000 pBad 0.255034 T 6.00564e-06 Obj 1.01088 Rho 0 GRdif 6.33912 success 876291 failure 189727 obj_new 1.01088 SA_pAcc 2.37493 Delta -0.180967 SA_r 0.872914 freedomratio 0.266485
Iter 4500000 pBad 0.133838 T 1.73287e-06 Obj 1.01025 Rho 0 GRdif 5.97383 success 943099 failure 306820 obj_new 1.01025 SA_pAcc 1 Delta -0.0499639 SA_r 0.779965 freedomratio 0.248621
Iter 5000000 pBad 0.0779032 T 5.00001e-07 Obj 1.00988 Rho 0 GRdif 5.76347 success 988373 failure 477837 obj_new 1.00988 SA_pAcc 1.24006 Delta 0.0257065 SA_r 0.12555 freedomratio 0.225819
Iter 5500000 pBad 0.0486519 T 1.4427e-07 Obj 1.00961 Rho 0 GRdif 5.60363 success 1017560 failure 698607 obj_new 1.00961 SA_pAcc 1 Delta -0.0197335 SA_r 0.599907 freedomratio 0.205326
Iter 6000000 pBad 0.0156581 T 4.16278e-08 Obj 1.00945 Rho 0 GRdif 5.5091 success 1035217 failure 963672 obj_new 1.00945 SA_pAcc 1 Delta 0.000256207 SA_r 0.0266219 freedomratio 0.187101
Iter 6500000 pBad 0.0115331 T 1.20113e-08 Obj 1.00936 Rho 0 GRdif 5.46211 success 1045490 failure 1261528 obj_new 1.00936 SA_pAcc 1.46e-125 Delta -0.00422436 SA_r 0.482759 freedomratio 0.178713
Iter 7000000 pBad 0.00571996 T 3.46573e-09 Obj 1.00934 Rho 0 GRdif 5.44942 success 1051205 failure 1579115 obj_new 1.00934 SA_pAcc 1 Delta 0.0011629 SA_r 0.279524 freedomratio 0.173117
Iter 7500000 pBad 0.00318905 T 1e-09 Obj 1.00931 Rho 0 GRdif 5.43248 success 1056020 failure 1906974 obj_new 1.00931 SA_pAcc 1.56026 Delta -0.00213365 SA_r 0.893 freedomratio 0.168391
Iter 8000000 pBad 0.00194076 T 2.88541e-10 Obj 1.0093 Rho 0 GRdif 5.42541 success 1058208 failure 2246999 obj_new 1.0093 SA_pAcc 3.75103e-14 Delta -0.000241793 SA_r 0.605914 freedomratio 0.165771
Iter 8500000 pBad 0.000343512 T 8.32555e-11 Obj 1.0093 Rho 0 GRdif 5.42297 success 1060058 failure 2593249 obj_new 1.0093 SA_pAcc 0 Delta -9.94553e-05 SA_r 0.301219 freedomratio 0.162462
Iter 9000000 pBad 0.000344136 T 2.40225e-11 Obj 1.00929 Rho 0 GRdif 5.42072 success 1060924 failure 2944399 obj_new 1.00929 SA_pAcc 1 Delta -1.25423e-05 SA_r 0.122017 freedomratio 0.162327
Iter 9500000 pBad 0.000345537 T 6.93147e-12 Obj 1.00929 Rho 0 GRdif 5.41909 success 1061973 failure 3296823 obj_new 1.00929 SA_pAcc 1 Delta 2.86437e-05 SA_r 0.553323 freedomratio 0.16121
Good enough
iter 9.99973e+06 obj1.00929 rho 0 GRdif 5.41826
Training:
Lab Growth Rates:
1.43 0.1 1.345 0.48 0.47 0.36 0.3 0.56 0.52 0.41 1.483 0.55 0.22 0.5 1.483 0.5 0.46 0.51 0.37 1.248 0.23 0.26 0.22 0.5 0.2 0.3 0.377 0.31 0.19 0.32 0.48 0.55 0.47 0.4 0.23 1.483 1.345 1.345 0.45 0.36 0.26 0.42 0.09 1.483 0.55 0.3 0.25 0.1 0.23 0.55 0.59 0.38 0.71 0.59 1.4 0.476 0.636 0.617 0.56 0.5 0.56 0.5 0.53 0.3 0.5 0.5 0.34 0.59 0.54 0.5 0.46 0.42 0.481 0.46 0.58 0.4 0.47 0.46 0.47 0.5 0.636 0.5 0.52 0.58 0.52 0.54 0.47 0.53 0.47 0.4 0.762 0.22 0.53 0.58 0.5 0.4 0.55 0.901 0.54 0.42 0.54 1.483 0.762 0.4 0.48 0.54 1.248 1.66 0.45 0.53 0.54 0.38 0.686 0.33 0.45 0.485 0.4 0.4 0.46 1.46 0.4 0.4 0.45 0.45 0.5 0.901 0.55 0.47 0.1 0.648 0.465 0.48 0.23 0.7 0.46 0.724 0.762 0.33 0.39 0.45 0.47 0.53 0.37 0.42 0.4 0.4 0.4 1.483 0.54 0.648 0.4 0.42 0.17 0.4 0.54 0.5 1.05 1.345 0.65 0.636 0.39 0.53 0.59 0.49 0.47 0.58 0.42 0.54 1.248 0.32 0.55 0.48 0.45 0.34 0.43 0.58 0.37 0.36 0.25 0.4 0.637 0.55 0.71 0.31 0.46 0.52 0.4 0.4 0.59 0.33 0.55 0.51 0.4 0.54 0.4 0.58 0.635 0.59 0.5 0.46 0.49 0.58 0.22 0.3 0.55 0.45 1.248 0.47 1.248 0.58 0.59 0.6 1.345 0.45 0.33 0.3 0.54 0.54 0.19 0.5 0.901 0.3 0.11 0.71 0.27 0.47 0.37 0.54 0.4 0.686 1.46 0.53 1.67 0.4 0.3 0.42 0.56 0.1 0.25 0.4 1.483 0.33 0.476 0.37 0.4 0.377 0.25 0.5 0.25 0.4 0.4 0.46 0.56 0.901 1.05 0.37 0.4 0.33 0.54 0.42 0.5 1.49 0.59 1.345 0.46 0.47 0.54 0.56 0.4 0.43 0.42 0.45 1.345 0.39 0.4 0.53 0.65 0.45 0.39 0.27 0.38 0.5 0.23 0.37 0.52 0.46 0.7 0.09 0.37 0.4 0.3 0.1 0.58 0.637 0.53 0.56 0.47 1.345 0.5 0.58 0.52 0.23 1.43 0.48 0.22 0.4 1.483 0.48 0.43 0.47 0.6 0.6 0.41 0.485 0.3 0.39 0.55 0.56 0.3 0.45 0.485 0.4 0.5 0.4 0.481 0.46 0.56 0.56 0.43 0.33 0.47 0.19 0.56 1.483 0.54 0.5 0.42 0.45 0.27 0.5 0.41 0.37 0.4 0.43 0.47 0.54 1.46 0.17 0.14 0.53 0.7 0.53 0.59 0.36 0.5 0.58 0.36 0.54 0.47 0.42 0.43 0.4 0.47 0.47 0.1 0.42 0.4 0.52 1.345 0.54 0.46 0.43 0.34 0.25 0.55 0.301 0.59 0.56 0.1 1.46 0.17 0.49 0.5 0.45 0.4 0.3 0.14 0.56 0.33 0.4 0.22 0.56 0.25 0.42 1.345 0.37 0.4 0.38 0.36 0.38 0.42 0.56 0.23 0.3 0.46 0.68 0.59 0.635 1.345 1.483 0.58 0.476 0.648 0.4 0.43 0.37 0.54 0.68 0.41 0.5 0.52 0.68 0.635 0.36 0.47 0.4 0.41 0.58 0.11 0.56 0.7 0.51 0.37 0.41 0.43 0.36 0.43 0.42 0.68 0.11 0.46 0.27 0.54 0.52 0.54 0.59 1.66 1.05 0.47 1.42 0.22 0.45 0.59 1.44 0.32 0.58 0.46 0.45 0.54 0.5 0.4 0.39 0.45 0.52 0.4 0.54 0.09 0.485 0.4 1.38 0.4 0.42 0.4 0.4 0.41 0.58 0.46 0.54 0.27 0.53 0.5 0.65 0.58 0.2 0.27 0.481 0.58 0.4 0.45 0.52 0.65 0.4 0.47 0.65 0.53 1.35 0.68 0.46 0.43 0.46 0.65 0.31 0.4 0.47 0.901 0.5 0.43 0.65 0.54 0.36 1.483 0.42 0.52 0.465 0.37 0.65 0.65 1.345 0.2 0.33 0.4 0.4 0.4 0.637 0.25 1.67 0.5 0.377 0.37 0.5 0.53 0.41 0.5 0.37 0.41 0.26 0.59 0.4 0.901 0.6 0.54 0.4 1.05 1.03 0.5 0.56 0.48 1.483 0.4 0.58 0.23 0.5 0.301 0.46 0.45 0.724 0.4 0.46 0.5 0.59 0.4 0.4 0.3 0.53 0.22 0.4 0.37 0.724 0.23 0.762 1.05 0.301 0.47 0.54 0.4 0.4 0.48 0.686 0.59 0.4 0.42 0.465 0.1 0.1 0.56 0.4
Dot Production Prediction of Lab Growth Rates:
1.41926 1.26461 0.681512 0.357677 0.387296 0.379178 0.41466 0.524804 0.413949 0.408908 0.679897 0.539959 0.43811 0.470932 0.690725 0.494898 0.44719 0.415067 0.42952 0.956994 0.51948 0.47411 0.464277 0.408633 0.403063 0.29625 0.71079 0.473971 0.387777 0.364108 0.393642 0.541821 0.406994 0.396583 0.51568 0.678108 0.696944 0.67706 0.425102 0.399351 0.435927 0.507003 0.448086 0.701604 0.557738 0.375787 1.493 0.524669 0.534044 0.552864 0.542007 0.350832 0.703266 0.369528 1.59814 0.709764 0.695048 0.612566 0.454973 0.366779 0.521441 0.463463 0.433939 0.27195 0.523547 0.494886 0.373905 0.545479 0.460424 0.392468 0.46645 0.378406 0.688153 0.445327 0.397602 0.400175 0.440308 0.406163 0.384787 0.536979 0.674631 0.410397 0.396522 0.400407 0.383683 0.406847 0.417325 0.414142 0.388527 0.404542 0.91022 0.46434 0.388102 0.388386 0.480791 0.395738 0.452422 0.897559 0.443783 0.379504 0.46525 0.699172 0.892321 0.398508 0.366336 0.369869 0.963718 1.64779 1.47249 0.526037 0.429477 0.389688 0.699447 0.373545 1.46436 0.694009 0.399385 0.400105 0.353077 1.26713 0.413474 0.397572 1.4746 0.376647 0.514054 0.89417 0.450541 0.442414 1.26634 0.69132 0.712738 0.374179 0.439072 0.692818 0.45092 0.698083 0.903688 0.403795 0.400048 0.363276 0.392867 0.441638 0.355424 0.387207 0.392538 0.402459 0.397342 0.676453 0.408331 0.688734 0.39971 0.494026 0.392124 0.399238 0.53468 0.501767 1.04287 0.693734 0.638017 0.696497 0.367824 0.517644 0.382963 0.400298 0.40056 0.466496 0.376511 0.451158 0.966982 0.377643 0.440875 0.372892 0.385772 0.384723 0.413459 0.407644 0.442399 0.38111 0.364497 0.402779 0.680368 0.544727 0.697137 0.473885 0.389913 0.41131 0.396248 0.399664 0.367703 0.455792 0.449272 0.431651 0.394421 0.544404 0.39755 0.464859 0.685006 0.359959 0.474783 0.361521 0.404759 0.458235 0.463594 0.31426 0.549742 0.418702 0.957626 0.381686 0.95945 0.390933 0.543418 0.309295 0.69175 1.46369 0.406591 0.297443 0.405979 0.536694 0.382288 0.524957 0.895947 0.305182 0.386446 0.694995 0.395861 0.446009 0.428142 0.409012 0.402376 0.702719 0.970681 0.527101 1.47758 0.39389 0.300672 0.385927 0.537523 1.30486 0.382932 0.402354 0.678374 0.470038 0.707115 0.431754 0.402792 0.707597 0.386383 0.459347 0.386248 0.376665 0.401516 0.418544 0.472944 0.892404 1.04591 0.496397 0.397912 0.401259 0.370901 0.379042 0.469714 1.48245 0.365381 0.701868 0.43685 0.42176 0.390096 0.528265 0.397458 0.406676 0.403926 1.45456 0.690772 0.353945 0.397623 0.47197 0.642776 0.422333 0.385592 0.40227 0.36516 0.496425 0.522625 0.429839 0.400475 0.47696 0.702866 0.392018 0.446169 0.399305 0.297342 1.3741 0.461329 0.681898 0.384514 0.539451 0.404225 0.713143 0.371201 0.458938 0.409417 0.438864 1.39418 0.372278 0.464226 0.403431 0.668855 0.385566 0.424579 0.400745 0.305183 0.307265 0.692553 0.683141 0.307274 0.361728 0.451913 0.539033 0.299263 0.374216 0.680106 0.396639 0.386971 0.399049 0.686616 0.462583 0.47709 0.532558 0.433701 0.37236 0.421463 0.382206 0.456881 0.664663 0.540265 0.374299 0.373871 0.418328 0.365858 0.496463 0.395936 0.40542 0.397554 0.397824 0.390227 0.429229 0.965788 0.44371 0.138931 0.531057 0.696544 0.397757 0.53943 0.419434 0.378149 0.378598 0.433023 0.403744 0.398921 0.380058 0.40716 0.39929 0.439683 0.386329 0.396103 0.359719 0.395572 0.406612 0.702944 0.547586 0.456514 0.397657 0.361985 0.490785 0.466275 0.707474 0.377682 0.470132 1.48443 0.94284 0.369894 0.415335 0.362879 1.48245 0.393104 0.396259 0.136773 0.538501 0.436013 0.400758 0.397034 0.524048 0.522509 0.374239 0.677122 0.446993 0.398831 0.369617 0.386705 0.388599 0.375548 0.52735 0.438075 0.288133 0.408938 0.674866 0.546095 0.686664 0.720033 0.689471 0.466137 0.708015 0.68418 0.398189 0.427945 0.432647 0.542299 0.660245 0.697962 0.48417 0.3999 0.679456 0.689624 0.407129 0.411441 0.397651 0.413867 0.459606 0.413497 0.538188 0.691227 0.419375 0.429794 0.698205 0.421605 0.394317 0.402867 0.376916 0.675358 0.412263 0.413188 0.523849 0.533498 0.403382 0.387322 0.386099 1.64699 1.33794 0.448094 1.47292 0.405407 0.374377 0.550369 1.49588 0.392952 0.459774 0.375818 0.406276 0.420738 0.519772 0.368635 0.37551 0.412865 0.417181 0.401572 0.391708 0.384203 0.69866 0.399245 0.980416 0.400837 0.508 0.393912 0.402023 0.368223 0.366752 0.448284 0.404089 0.378438 0.424105 0.460533 0.626839 0.378656 0.38568 0.401919 0.692345 0.41939 0.400044 1.5074 0.391968 0.649698 0.400787 0.39974 0.649032 0.52557 1.33892 0.673646 0.411693 0.402173 0.464993 0.629631 0.476039 0.400781 0.400687 0.893857 0.535627 0.408395 0.649218 0.443019 0.387463 0.6977 0.390282 0.396969 0.703736 0.434831 0.6452 0.655931 0.726027 0.404874 0.372183 0.40076 0.40152 0.397049 0.684625 0.472718 1.6054 0.534577 0.705518 0.42265 0.405692 0.349518 0.410741 0.375614 0.403038 0.384172 0.378992 0.38411 0.401449 0.888904 0.302657 0.393466 0.401645 0.983077 1.02294 0.477548 0.541993 0.353509 0.679127 0.402123 0.461449 0.528149 0.398094 0.704841 0.43209 0.367622 0.702286 0.400536 0.440302 0.510566 0.546423 0.401471 0.399726 0.316877 0.543711 0.464371 0.392491 0.448659 0.70249 0.535483 0.911808 1.04245 0.722443 0.408325 0.366662 0.400303 0.39434 0.360975 0.704491 0.382535 0.393333 0.363335 0.703637 0.428107 0.428591 0.457679 0.400587
Testing:
Lab Growth Rates:
0.58 0.58 0.58
Dot Production Prediction of Lab Growth Rates:
0.470785 0.475788 0.452774
Best performance so far: 
Obj: 4.6665e-310Rho: 6.5069e-314Diff: 4.6665e-310
Test:
 Lab Growth Rates:
0.58 0.58 0.58Dot Product Prediction of Growth Rate:
0.4707847 0.4757875 0.4527737