seed =  5 traits =  1 
Training: part  175 
Training: part  175 
Round  1 
 Goal of obj  0.99 
Temperature range:  0.125 2.5e-14 
Cycle 1Round 1
Iter 500000 pBad 0.936056 T 0.028971 Obj 1.14878 Rho 0 GRdif 81.2766 success 147974 failure 1775 obj_new 1.14878 SA_pAcc 1 Delta 0.663461 SA_r 0.263105 freedomratio 0.35841
Iter 1000000 pBad 0.858992 T 0.00671451 Obj 1.06329 Rho 0 GRdif 35.9603 success 294938 failure 6351 obj_new 1.06329 SA_pAcc 1.01863 Delta 0.0562198 SA_r 0.455824 freedomratio 0.366708
Iter 1500000 pBad 0.827097 T 0.0015562 Obj 1.02572 Rho 0 GRdif 14.8798 success 440472 failure 14193 obj_new 1.02572 SA_pAcc 0.915003 Delta -0.463402 SA_r 0.0941507 freedomratio 0.368785
Iter 2000000 pBad 0.755063 T 0.000360676 Obj 1.01469 Rho 0 GRdif 8.54544 success 584644 failure 25925 obj_new 1.01469 SA_pAcc 0.93034 Delta -0.478237 SA_r 0.497785 freedomratio 0.372063
Iter 2500000 pBad 0.569068 T 8.35928e-05 Obj 1.01224 Rho 0 GRdif 7.12677 success 723130 failure 48600 obj_new 1.01224 SA_pAcc 1 Delta 0.419 SA_r 0.580278 freedomratio 0.359509
Iter 3000000 pBad 0.363029 T 1.9374e-05 Obj 1.01115 Rho 0 GRdif 6.49504 success 844671 failure 105550 obj_new 1.01115 SA_pAcc 1.54869 Delta 0.175353 SA_r 0.432709 freedomratio 0.356231
Iter 3500000 pBad 0.210174 T 4.49026e-06 Obj 1.01011 Rho 0 GRdif 5.92195 success 941884 failure 212391 obj_new 1.01016 SA_pAcc 7.39284e-05 Delta -0.145307 SA_r 0.124112 freedomratio 0.331073
Iter 4000000 pBad 0.103973 T 1.04069e-06 Obj 1.00931 Rho 0 GRdif 5.42895 success 1011382 failure 379781 obj_new 1.00931 SA_pAcc 1.15346 Delta -0.0461056 SA_r 0.0393631 freedomratio 0.297462
Iter 4500000 pBad 0.0497503 T 2.41199e-07 Obj 1.00896 Rho 0 GRdif 5.23647 success 1054287 failure 612826 obj_new 1.00898 SA_pAcc 2.56876e-32 Delta 0.0104288 SA_r 0.0955354 freedomratio 0.24915
Iter 5000000 pBad 0.0216171 T 5.59019e-08 Obj 1.00871 Rho 0 GRdif 5.08111 success 1076863 failure 907489 obj_new 1.00871 SA_pAcc 1 Delta 0.00145503 SA_r 0.504608 freedomratio 0.225906
Iter 5500000 pBad 0.00764958 T 1.29562e-08 Obj 1.00862 Rho 0 GRdif 5.03153 success 1089195 failure 1238500 obj_new 1.00862 SA_pAcc 6.01267e-08 Delta 0.00621577 SA_r 0.773985 freedomratio 0.211476
Iter 6000000 pBad 0.00284583 T 3.00282e-09 Obj 1.00857 Rho 0 GRdif 5.00241 success 1097052 failure 1589562 obj_new 1.00857 SA_pAcc 1 Delta 9.60506e-05 SA_r 0.374941 freedomratio 0.20312
Iter 6500000 pBad 0.00210948 T 6.95954e-10 Obj 1.00856 Rho 0 GRdif 5.02532 success 1101362 failure 1956170 obj_new 1.00861 SA_pAcc 0 Delta 0.000361169 SA_r 0.309346 freedomratio 0.197041
Iter 7000000 pBad 0.00207843 T 1.61299e-10 Obj 1.00855 Rho 0 GRdif 4.98832 success 1104739 failure 2331129 obj_new 1.00855 SA_pAcc 0 Delta 0.00103772 SA_r 0.711044 freedomratio 0.191942
Iter 7500000 pBad 0.000508086 T 3.73838e-11 Obj 1.00854 Rho 0 GRdif 5.07119 success 1108926 failure 2717435 obj_new 1.00869 SA_pAcc 0 Delta 0.00029207 SA_r 0.407617 freedomratio 0.184219
Iter 8000000 pBad 0.000517343 T 8.66434e-12 Obj 1.00853 Rho 0 GRdif 4.97915 success 1110799 failure 3111560 obj_new 1.00853 SA_pAcc 1.40694e-40 Delta 5.24065e-05 SA_r 0.455946 freedomratio 0.182441
Iter 8500000 pBad 0.000483685 T 2.00811e-12 Obj 1.00853 Rho 0 GRdif 5.00086 success 1115405 failure 3500300 obj_new 1.00857 SA_pAcc 0 Delta 0.000467198 SA_r 0.135606 freedomratio 0.17763
Iter 9000000 pBad 5.51927e-45 T 4.65413e-13 Obj 1.00853 Rho 0 GRdif 5.02437 success 1117968 failure 3824613 obj_new 1.00861 SA_pAcc 0 Delta 0 SA_r 0.334563 freedomratio 0.169511
Iter 9500000 pBad 1.33231e-213 T 1.07867e-13 Obj 1.00853 Rho 0 GRdif 4.97836 success 1117968 failure 4149970 obj_new 1.00853 SA_pAcc 0 Delta 0 SA_r 0.13119 freedomratio 0.131449
Iter 10000000 pBad 0 T 2.50001e-14 Obj 1.00853 Rho 0 GRdif 4.97717 success 1117968 failure 4501043 obj_new 1.00853 SA_pAcc 1 Delta 0 SA_r 0.189013 freedomratio 0.0596377
Cannot move further
iter 8.6846e+06 obj1.00853 rho 0 GRdif 4.97717
Training:
Lab Growth Rates:
0.59 0.48 0.47 0.46 0.5 0.686 1.483 0.48 1.345 0.58 0.4 0.56 0.55 0.27 0.724 0.43 0.59 0.36 0.46 0.45 0.53 0.43 0.5 0.55 0.37 1.483 0.56 0.53 0.47 0.5 0.3 0.39 0.56 0.1 0.41 0.37 0.45 0.33 0.1 0.49 0.7 0.5 1.248 0.45 0.1 0.59 0.46 0.4 0.4 0.45 0.54 0.58 0.48 0.5 0.42 0.58 0.33 0.43 0.476 0.46 1.345 0.59 0.47 1.345 0.4 1.483 0.5 0.5 1.483 0.59 0.37 0.68 0.23 0.58 0.46 1.05 0.3 0.58 0.31 0.52 0.4 0.58 0.1 0.686 0.23 0.5 0.46 0.47 0.25 0.58 0.54 0.41 0.36 0.476 0.5 0.37 0.4 0.27 0.65 0.71 0.23 1.248 0.4 0.54 0.4 0.377 0.25 0.4 0.4 0.41 0.4 0.41 1.345 0.68 0.68 1.483 0.36 1.345 0.4 0.65 1.345 0.45 0.38 0.47 0.4 1.49 0.59 0.58 0.6 0.3 0.485 0.65 0.19 0.3 0.22 0.5 1.43 0.56 0.58 0.485 0.47 0.59 0.19 1.483 0.68 0.43 0.47 0.4 0.46 0.5 0.54 0.485 0.5 0.53 0.59 0.59 0.5 0.09 1.248 0.4 0.2 0.617 0.49 0.42 1.46 0.56 0.36 0.47 0.33 0.25 0.45 0.54 0.53 0.4 0.41 0.4 0.56 0.4 0.52 1.345 0.11 0.58 1.05 0.33 0.377 0.56 0.3 0.54 0.56 0.52 0.17 0.5 0.4 0.4 0.37 0.39 0.65 0.37 0.25 0.3 0.7 0.476 0.4 0.4 1.345 0.37 0.4 0.54 0.54 0.42 0.52 0.23 0.25 0.65 0.59 0.09 0.4 0.54 0.55 0.53 0.39 0.5 0.45 0.56 0.59 0.58 0.637 0.3 0.23 0.55 0.65 0.22 0.59 0.54 0.55 0.58 0.686 0.4 0.4 0.58 0.481 0.58 0.636 0.22 0.19 0.4 0.4 0.36 0.27 0.3 0.56 0.26 0.54 0.45 0.14 0.4 0.53 0.4 0.4 0.26 0.58 0.4 0.11 0.55 0.46 0.37 0.53 0.4 0.901 0.51 0.56 1.46 0.59 0.65 0.45 0.42 0.46 0.42 0.46 0.1 0.5 0.46 0.54 0.42 1.67 0.71 0.648 0.4 0.22 0.481 0.36 0.26 0.33 0.42 0.4 0.43 0.47 0.34 0.46 0.27 0.4 0.54 0.38 0.27 0.38 0.7 0.34 0.45 0.23 0.5 0.54 0.23 0.45 0.635 0.42 1.483 0.45 0.1 0.53 0.4 0.5 1.03 0.43 1.345 0.65 1.05 1.483 0.2 0.5 0.58 0.36 0.48 0.11 0.36 0.42 0.37 0.53 0.37 1.67 0.762 0.54 0.56 1.483 0.4 0.58 0.4 0.4 0.45 0.23 0.301 0.5 0.59 0.4 0.54 0.3 0.7 0.54 0.42 1.66 1.05 1.483 0.4 0.4 0.54 0.53 0.55 1.46 0.5 0.58 0.52 0.4 0.481 0.38 0.4 0.09 0.37 0.465 0.47 0.37 0.5 0.5 0.31 0.39 0.4 0.34 0.47 0.52 0.71 0.636 0.32 0.22 0.59 0.25 0.42 0.22 0.41 0.43 0.3 0.33 0.53 0.55 0.41 0.46 0.45 0.4 0.47 0.31 0.41 1.42 0.55 0.42 0.54 0.465 0.3 0.56 0.637 0.5 0.301 0.636 0.5 0.4 0.6 1.66 0.54 0.33 0.42 0.46 0.54 0.56 0.901 0.55 0.42 1.35 0.52 0.52 0.39 0.65 0.43 0.22 0.4 0.3 0.4 0.17 0.47 0.485 0.901 0.43 0.48 0.5 0.4 0.49 0.54 0.4 0.59 0.54 0.901 0.5 0.33 0.54 0.5 0.55 0.53 0.22 0.33 0.37 0.42 0.54 1.483 0.46 0.32 0.48 0.48 0.4 0.45 0.52 1.345 0.58 0.6 0.42 0.47 0.5 0.45 0.5 0.45 0.43 0.51 0.724 0.47 0.47 0.4 0.47 0.55 0.762 0.4 0.56 0.54 0.53 0.48 0.52 1.43 0.47 0.377 0.41 0.32 0.23 1.44 0.46 0.37 0.47 0.4 0.3 1.46 1.345 0.762 0.4 0.25 0.56 0.53 0.42 0.53 0.762 0.46 0.635 0.56 1.248 0.648 0.38 0.48 1.38 0.724 0.5 0.54 0.45 0.5 0.36 0.14 0.51 0.43 0.46 1.4 0.46 0.52 0.4 0.648 0.47 0.6 0.301 1.483 0.54 0.37 1.345 0.68 0.52 0.46 1.248 0.56 0.58 0.901 0.27 0.5 0.17 0.465 0.1 0.25 0.4 0.635 0.1 0.58 0.637 0.46 0.1 0.901 0.4 0.42 0.4 0.2 0.45 0.43 0.4 0.39 0.5 0.3 0.37 0.47 1.05 0.4
Dot Production Prediction of Lab Growth Rates:
0.335448 0.360325 0.408903 0.427603 0.513435 0.704484 0.823874 0.336819 0.846039 0.341456 0.399769 0.540049 0.470369 0.339507 0.695137 0.42527 0.558911 0.365823 0.39317 0.36168 0.52399 0.375749 0.533655 0.550532 0.442803 0.814961 0.548016 0.448818 0.397678 0.358318 0.300464 0.354186 0.473384 0.686922 0.360274 0.46374 0.422092 0.496247 0.751712 0.410473 0.700441 0.450339 0.947923 1.50001 1.3334 0.559294 0.386526 0.39974 0.401359 1.41136 0.53729 0.472054 0.374565 0.542246 0.347249 0.477686 0.457845 0.448242 0.624696 0.45782 0.798279 0.552943 0.445931 0.818592 0.401402 0.831555 0.483494 0.484069 0.805083 0.391004 0.450784 0.684431 0.539573 0.397246 0.420757 1.05 0.364493 0.480444 0.48814 0.426284 0.392195 0.381697 0.455072 0.705207 0.463132 0.365494 0.464192 0.375089 0.471197 0.487309 0.448462 0.425183 0.366454 0.625843 0.537231 0.44516 0.40721 0.365026 0.653736 0.697843 0.465071 0.948999 0.398428 0.334479 0.392408 0.628507 0.381107 0.395359 0.400288 0.40122 0.403696 0.628547 0.82636 0.670113 0.679662 0.793616 0.362926 0.814679 0.404424 0.658739 0.805184 0.406321 0.350567 0.432826 0.395805 1.50001 0.551497 0.477066 0.304018 0.302412 0.606125 0.630641 0.365938 0.320595 0.462226 0.544346 1.42833 0.485607 0.397837 0.615589 0.367187 0.551139 0.361884 0.827515 0.684561 0.392569 0.391896 0.39776 0.348266 0.542254 0.386322 0.608749 0.362811 0.418129 0.359208 0.358885 0.498805 0.466331 0.959331 0.397299 0.39495 0.617238 0.432149 0.436985 1.30791 0.48192 0.447186 0.38901 0.374814 0.622691 0.371966 0.396118 0.427302 0.397587 0.369068 0.400361 0.546025 0.394586 0.40341 0.825869 0.424486 0.416031 1.05014 0.350409 0.622754 0.518939 0.3005 0.448289 0.472451 0.386381 0.358631 0.534087 0.397376 0.391615 0.442066 0.341179 0.610541 0.446144 0.344588 0.309068 0.700116 0.628202 0.401789 0.399212 0.803975 0.417239 0.40319 0.443877 0.538012 0.367504 0.385634 0.526751 0.502857 0.644746 0.350564 0.397221 0.402226 0.551423 0.471541 0.553247 0.365667 0.444642 0.358778 0.542428 0.372367 0.397786 0.685536 0.249641 0.527469 0.547152 0.65019 0.487654 0.552112 0.540101 0.467626 0.483904 0.704655 0.401394 0.401539 0.479698 0.607994 0.392075 0.697403 0.475588 0.389311 0.400609 0.405625 0.382751 0.545757 0.317568 0.539195 0.44203 0.462635 0.399809 0.139535 0.401489 0.540345 0.40162 0.390205 0.502945 0.477263 0.339513 0.378049 0.553399 0.466517 0.326516 0.539625 0.402995 0.899506 0.444372 0.474333 0.950924 0.3832 0.637558 1.43937 0.374954 0.457447 0.362747 0.470708 0.623125 0.434957 0.420177 0.380098 0.532461 1.46328 0.703436 0.693157 0.404272 0.426324 0.613127 0.450953 0.388551 0.353108 0.332615 0.400891 0.43076 0.435579 0.356553 0.505988 0.398482 0.402388 0.434373 0.3703 0.388303 0.345003 0.69914 0.352457 1.41515 0.531106 0.373312 0.436123 0.539649 0.335179 0.695462 0.361129 0.806275 0.432081 0.456388 0.356964 0.402383 0.496149 1.03 0.406142 0.813448 0.670626 1.32462 0.798025 0.374047 0.555358 0.471415 0.384065 0.376765 0.416299 0.394794 0.376887 0.443021 0.516196 0.442314 1.44565 0.917268 0.547636 0.535194 0.785923 0.3935 0.488637 0.402161 0.401953 1.43525 0.528921 0.627908 0.502045 0.381629 0.395355 0.359438 0.409678 0.697362 0.406159 0.35492 1.66 1.00578 0.807849 0.402329 0.388959 0.399179 0.381292 0.547908 0.994514 0.547787 0.35106 0.407326 0.40154 0.609377 0.334191 0.400625 0.378715 0.463689 0.617537 0.379326 0.467629 0.500062 0.471817 0.491561 0.394098 0.399556 0.342271 0.414094 0.421511 0.703567 0.670315 0.349004 0.391878 0.550049 1.44731 0.350211 0.481231 0.626186 0.391226 0.297736 0.361175 0.524905 0.459707 0.416287 0.386998 0.34257 0.387173 0.396952 0.493297 0.614886 1.43638 0.462157 0.363568 0.388298 0.622749 0.300004 0.546268 0.688897 0.522582 0.643996 0.697232 0.400399 0.402325 0.314241 1.65963 0.418503 0.482165 0.38421 0.463198 0.537968 0.489011 0.898439 0.551233 0.33026 1.34999 0.387313 0.39813 0.347987 0.650952 0.403312 0.479838 0.394073 0.3159 0.403699 0.446358 0.403864 0.618568 0.9025 0.422711 0.378893 0.364698 0.40262 0.407726 0.448928 0.401367 0.359483 0.34833 0.901337 0.480072 0.410784 0.394971 0.496719 0.450138 0.480162 0.476602 0.40678 0.429942 0.37707 0.540684 0.800011 0.492523 0.362989 0.326729 0.334683 0.395859 0.390515 0.414194 0.857184 0.396554 0.304372 0.520119 0.397812 0.477876 0.411603 0.48902 1.47334 0.402892 0.439175 0.702605 0.432127 0.373275 0.400542 0.387778 0.550871 0.900919 0.399869 0.552196 0.393925 0.401809 0.320877 0.382232 1.43671 0.402832 0.631452 0.408224 0.369738 0.463131 1.4824 0.33344 0.504887 0.38737 0.398682 0.388271 0.985073 0.834262 0.90893 0.392161 0.394588 0.542376 0.445206 0.532982 0.312114 0.904161 0.489485 0.692049 0.526331 0.950074 0.688899 0.385165 0.386653 1.00355 0.701264 0.409032 0.407556 0.3624 0.39832 0.389084 0.140079 0.427822 0.39396 0.400644 1.44416 0.37213 0.408609 0.400291 0.695007 0.388254 0.307235 0.631173 0.796291 0.395087 0.446325 0.825862 0.680015 0.371507 0.459732 0.949262 0.54163 0.460546 0.901 0.399605 0.36538 0.359148 0.624071 0.379065 0.388949 0.400507 0.692674 0.608189 0.471189 0.681729 0.422682 0.652464 0.901001 0.399923 0.36473 0.40273 0.392786 1.43329 0.406616 0.338051 0.377659 0.349071 0.286579 0.415028 0.406453 1.04483 0.391602
Testing:
Lab Growth Rates:
0.47 0.47 0.47
Dot Production Prediction of Lab Growth Rates:
0.469557 0.369593 0.452461
Best performance so far: 
Obj: 4.67538e-310Rho: 2.26291e-314Diff: 4.67538e-310
Anneal again with the best G and E so far as input
Cycle 2Round 1
Iter 500000 pBad 0.954559 T 0.028971 Obj 1.1888 Rho 0 GRdif 101.347 success 115853 failure 1193 obj_new 1.1888 SA_pAcc 1.00226 Delta -0.240751 SA_r 0.411648 freedomratio 0.273066
Iter 1000000 pBad 0.872423 T 0.00671451 Obj 1.03612 Rho 0 GRdif 20.7904 success 231021 failure 5336 obj_new 1.03612 SA_pAcc 1.01359 Delta 0.136872 SA_r 0.158213 freedomratio 0.274988
Iter 1500000 pBad 0.814096 T 0.0015562 Obj 1.02768 Rho 0 GRdif 16.0006 success 345168 failure 12716 obj_new 1.02768 SA_pAcc 1.03079 Delta 0.543505 SA_r 0.375555 freedomratio 0.274345
Iter 2000000 pBad 0.745546 T 0.000360676 Obj 1.01678 Rho 0 GRdif 9.75376 success 457093 failure 24231 obj_new 1.01678 SA_pAcc 1 Delta -0.514718 SA_r 0.170203 freedomratio 0.275376
Iter 2500000 pBad 0.570973 T 8.35928e-05 Obj 1.01428 Rho 0 GRdif 8.31094 success 563227 failure 48748 obj_new 1.01428 SA_pAcc 0.99089 Delta 0.0614617 SA_r 0.433645 freedomratio 0.273576
Iter 3000000 pBad 0.389887 T 1.9374e-05 Obj 1.01238 Rho 0 GRdif 7.21053 success 656906 failure 98576 obj_new 1.01238 SA_pAcc 1 Delta -0.0654136 SA_r 0.163653 freedomratio 0.267214
Iter 3500000 pBad 0.251296 T 4.49026e-06 Obj 1.0111 Rho 0 GRdif 6.46954 success 738596 failure 174811 obj_new 1.0111 SA_pAcc 1 Delta -0.0874253 SA_r 0.95587 freedomratio 0.256905
Iter 4000000 pBad 0.0982652 T 1.04069e-06 Obj 1.01018 Rho 0 GRdif 5.93915 success 799008 failure 300427 obj_new 1.01019 SA_pAcc 0.0699907 Delta -0.0750054 SA_r 0.273603 freedomratio 0.229894
Iter 4500000 pBad 0.0459558 T 2.41199e-07 Obj 1.0099 Rho 0 GRdif 5.7723 success 834984 failure 493434 obj_new 1.0099 SA_pAcc 1 Delta -0.0213504 SA_r 0.276902 freedomratio 0.210036
Iter 5000000 pBad 0.0198214 T 5.59019e-08 Obj 1.00974 Rho 0 GRdif 5.68215 success 853856 failure 742595 obj_new 1.00974 SA_pAcc 5.41003e-36 Delta -0.00553557 SA_r 0.340229 freedomratio 0.18752
Iter 5500000 pBad 0.0113752 T 1.29562e-08 Obj 1.00968 Rho 0 GRdif 5.64571 success 864097 failure 1027456 obj_new 1.00968 SA_pAcc 1 Delta -0.0109453 SA_r 0.256435 freedomratio 0.179865
Iter 6000000 pBad 0.00476897 T 3.00282e-09 Obj 1.00965 Rho 0 GRdif 5.63038 success 869949 failure 1332914 obj_new 1.00965 SA_pAcc 8.79038e-36 Delta -0.00373065 SA_r 0.226185 freedomratio 0.172454
Iter 6500000 pBad 0.00245823 T 6.95954e-10 Obj 1.00964 Rho 0 GRdif 5.62087 success 872757 failure 1652924 obj_new 1.00964 SA_pAcc 1 Delta -0.00196373 SA_r 0.671922 freedomratio 0.169658
Iter 7000000 pBad 0.00123498 T 1.61299e-10 Obj 1.00963 Rho 0 GRdif 5.62667 success 874983 failure 1977757 obj_new 1.00965 SA_pAcc 0 Delta 0.000962017 SA_r 0.424484 freedomratio 0.167142
Iter 7500000 pBad 0.00131086 T 3.73838e-11 Obj 1.00962 Rho 0 GRdif 5.61234 success 876632 failure 2309633 obj_new 1.00962 SA_pAcc 1 Delta -0.00024324 SA_r 0.773986 freedomratio 0.164146
Iter 8000000 pBad 0.000567559 T 8.66434e-12 Obj 1.00962 Rho 0 GRdif 5.61073 success 878258 failure 2645170 obj_new 1.00962 SA_pAcc 1 Delta 0.000249485 SA_r 0.659847 freedomratio 0.163004
Iter 8500000 pBad 0.000840413 T 2.00811e-12 Obj 1.00962 Rho 0 GRdif 5.65164 success 881235 failure 2981701 obj_new 1.00969 SA_pAcc 0 Delta 0.00014495 SA_r 0.0347955 freedomratio 0.160153
Iter 9000000 pBad 5.69573e-51 T 4.65413e-13 Obj 1.00962 Rho 0 GRdif 5.69367 success 884195 failure 3273923 obj_new 1.00976 SA_pAcc 0 Delta 0 SA_r 0.227193 freedomratio 0.151578
Iter 9500000 pBad 2.04526e-255 T 1.07867e-13 Obj 1.00962 Rho 0 GRdif 5.61133 success 884195 failure 3539288 obj_new 1.00962 SA_pAcc 0 Delta 1.34046e-255 SA_r 0.324042 freedomratio 0.146208
Good enough
iter 8.81261e+06 obj1.00962 rho 0 GRdif 5.60922
Training:
Lab Growth Rates:
0.59 0.48 0.47 0.46 0.5 0.686 1.483 0.48 1.345 0.58 0.4 0.56 0.55 0.27 0.724 0.43 0.59 0.36 0.46 0.45 0.53 0.43 0.5 0.55 0.37 1.483 0.56 0.53 0.47 0.5 0.3 0.39 0.56 0.1 0.41 0.37 0.45 0.33 0.1 0.49 0.7 0.5 1.248 0.45 0.1 0.59 0.46 0.4 0.4 0.45 0.54 0.58 0.48 0.5 0.42 0.58 0.33 0.43 0.476 0.46 1.345 0.59 0.47 1.345 0.4 1.483 0.5 0.5 1.483 0.59 0.37 0.68 0.23 0.58 0.46 1.05 0.3 0.58 0.31 0.52 0.4 0.58 0.1 0.686 0.23 0.5 0.46 0.47 0.25 0.58 0.54 0.41 0.36 0.476 0.5 0.37 0.4 0.27 0.65 0.71 0.23 1.248 0.4 0.54 0.4 0.377 0.25 0.4 0.4 0.41 0.4 0.41 1.345 0.68 0.68 1.483 0.36 1.345 0.4 0.65 1.345 0.45 0.38 0.47 0.4 1.49 0.59 0.58 0.6 0.3 0.485 0.65 0.19 0.3 0.22 0.5 1.43 0.56 0.58 0.485 0.47 0.59 0.19 1.483 0.68 0.43 0.47 0.4 0.46 0.5 0.54 0.485 0.5 0.53 0.59 0.59 0.5 0.09 1.248 0.4 0.2 0.617 0.49 0.42 1.46 0.56 0.36 0.47 0.33 0.25 0.45 0.54 0.53 0.4 0.41 0.4 0.56 0.4 0.52 1.345 0.11 0.58 1.05 0.33 0.377 0.56 0.3 0.54 0.56 0.52 0.17 0.5 0.4 0.4 0.37 0.39 0.65 0.37 0.25 0.3 0.7 0.476 0.4 0.4 1.345 0.37 0.4 0.54 0.54 0.42 0.52 0.23 0.25 0.65 0.59 0.09 0.4 0.54 0.55 0.53 0.39 0.5 0.45 0.56 0.59 0.58 0.637 0.3 0.23 0.55 0.65 0.22 0.59 0.54 0.55 0.58 0.686 0.4 0.4 0.58 0.481 0.58 0.636 0.22 0.19 0.4 0.4 0.36 0.27 0.3 0.56 0.26 0.54 0.45 0.14 0.4 0.53 0.4 0.4 0.26 0.58 0.4 0.11 0.55 0.46 0.37 0.53 0.4 0.901 0.51 0.56 1.46 0.59 0.65 0.45 0.42 0.46 0.42 0.46 0.1 0.5 0.46 0.54 0.42 1.67 0.71 0.648 0.4 0.22 0.481 0.36 0.26 0.33 0.42 0.4 0.43 0.47 0.34 0.46 0.27 0.4 0.54 0.38 0.27 0.38 0.7 0.34 0.45 0.23 0.5 0.54 0.23 0.45 0.635 0.42 1.483 0.45 0.1 0.53 0.4 0.5 1.03 0.43 1.345 0.65 1.05 1.483 0.2 0.5 0.58 0.36 0.48 0.11 0.36 0.42 0.37 0.53 0.37 1.67 0.762 0.54 0.56 1.483 0.4 0.58 0.4 0.4 0.45 0.23 0.301 0.5 0.59 0.4 0.54 0.3 0.7 0.54 0.42 1.66 1.05 1.483 0.4 0.4 0.54 0.53 0.55 1.46 0.5 0.58 0.52 0.4 0.481 0.38 0.4 0.09 0.37 0.465 0.47 0.37 0.5 0.5 0.31 0.39 0.4 0.34 0.47 0.52 0.71 0.636 0.32 0.22 0.59 0.25 0.42 0.22 0.41 0.43 0.3 0.33 0.53 0.55 0.41 0.46 0.45 0.4 0.47 0.31 0.41 1.42 0.55 0.42 0.54 0.465 0.3 0.56 0.637 0.5 0.301 0.636 0.5 0.4 0.6 1.66 0.54 0.33 0.42 0.46 0.54 0.56 0.901 0.55 0.42 1.35 0.52 0.52 0.39 0.65 0.43 0.22 0.4 0.3 0.4 0.17 0.47 0.485 0.901 0.43 0.48 0.5 0.4 0.49 0.54 0.4 0.59 0.54 0.901 0.5 0.33 0.54 0.5 0.55 0.53 0.22 0.33 0.37 0.42 0.54 1.483 0.46 0.32 0.48 0.48 0.4 0.45 0.52 1.345 0.58 0.6 0.42 0.47 0.5 0.45 0.5 0.45 0.43 0.51 0.724 0.47 0.47 0.4 0.47 0.55 0.762 0.4 0.56 0.54 0.53 0.48 0.52 1.43 0.47 0.377 0.41 0.32 0.23 1.44 0.46 0.37 0.47 0.4 0.3 1.46 1.345 0.762 0.4 0.25 0.56 0.53 0.42 0.53 0.762 0.46 0.635 0.56 1.248 0.648 0.38 0.48 1.38 0.724 0.5 0.54 0.45 0.5 0.36 0.14 0.51 0.43 0.46 1.4 0.46 0.52 0.4 0.648 0.47 0.6 0.301 1.483 0.54 0.37 1.345 0.68 0.52 0.46 1.248 0.56 0.58 0.901 0.27 0.5 0.17 0.465 0.1 0.25 0.4 0.635 0.1 0.58 0.637 0.46 0.1 0.901 0.4 0.42 0.4 0.2 0.45 0.43 0.4 0.39 0.5 0.3 0.37 0.47 1.05 0.4
Dot Production Prediction of Lab Growth Rates:
0.330816 0.33957 0.391116 0.421911 0.507392 0.692789 0.75955 0.348908 0.799746 0.364206 0.400523 0.542269 0.488716 0.325211 0.689985 0.437312 0.556431 0.376844 0.410438 0.360841 0.536925 0.386985 0.523241 0.548613 0.445157 0.810463 0.545847 0.463711 0.4104 0.371827 0.300965 0.335236 0.456191 1.30045 0.343298 0.47201 0.418709 0.493954 1.34371 0.425576 0.70728 0.467429 1.24273 1.49665 1.3507 0.554251 0.409933 0.40063 0.40388 1.43222 0.53967 0.462016 0.352765 0.567638 0.338048 0.462049 0.471709 0.427623 0.542706 0.459901 0.733756 0.546005 0.458147 0.820759 0.399743 0.810506 0.478255 0.473994 0.728332 0.407559 0.454522 0.685421 0.547357 0.41627 0.440294 1.0537 0.365835 0.47254 0.483785 0.424391 0.392423 0.396617 0.433419 0.69446 0.478543 0.368263 0.465641 0.397723 0.468791 0.47224 0.477647 0.431656 0.374591 0.544593 0.551071 0.452619 0.405319 0.365104 0.649221 0.692573 0.478423 1.26075 0.397351 0.341265 0.391532 0.565498 0.374619 0.396198 0.401111 0.419389 0.403439 0.57262 0.829893 0.675513 0.679956 0.763891 0.372997 0.749213 0.405006 0.64963 0.812753 0.427069 0.349897 0.438327 0.39981 1.49665 0.556854 0.458697 0.29627 0.306925 0.544664 0.639397 0.39041 0.322225 0.471091 0.545219 1.42433 0.475913 0.422866 0.536678 0.390333 0.561024 0.390215 0.769575 0.684212 0.404853 0.416553 0.399166 0.345433 0.545354 0.403609 0.550794 0.353396 0.443848 0.340873 0.347382 0.494704 0.478551 1.27444 0.399979 0.390145 0.616962 0.450376 0.434371 1.35192 0.470621 0.471045 0.389652 0.397213 0.669075 0.37683 0.400265 0.428991 0.400859 0.384102 0.401186 0.547434 0.395941 0.407956 0.770111 0.428781 0.442844 1.05001 0.345665 0.570863 0.530548 0.308074 0.476573 0.460611 0.401626 0.355337 0.551243 0.396985 0.395291 0.445028 0.324567 0.63991 0.45381 0.339379 0.30688 0.694639 0.540402 0.399188 0.39852 0.800824 0.39723 0.401924 0.466115 0.542694 0.35763 0.384312 0.541678 0.515397 0.656054 0.375804 0.394283 0.400419 0.547879 0.498929 0.536958 0.379245 0.4328 0.37583 0.544744 0.401577 0.40325 0.695145 0.26195 0.537531 0.548233 0.650406 0.495668 0.538261 0.534452 0.498452 0.472109 0.69224 0.40001 0.39996 0.46041 0.543567 0.397685 0.693862 0.493243 0.411047 0.399881 0.405704 0.392248 0.540979 0.30888 0.537467 0.432228 0.474336 0.403374 0.138705 0.400356 0.533244 0.401183 0.393429 0.482174 0.450365 0.347836 0.389017 0.549172 0.458742 0.329669 0.54377 0.403626 1.30265 0.463685 0.455179 0.91236 0.362853 0.639122 1.4137 0.374434 0.461273 0.359611 0.478661 1.16495 0.425239 0.437708 0.390267 0.513375 1.39252 0.704186 0.692947 0.402931 0.437783 0.542541 0.460235 0.374696 0.351832 0.335583 0.401438 0.418075 0.428067 0.368878 0.48829 0.38964 0.399191 0.447043 0.386605 0.397644 0.349765 0.702811 0.347286 1.45462 0.538414 0.352803 0.471905 0.549217 0.34072 0.698653 0.356758 0.803654 0.448248 0.443572 0.368848 0.39968 0.481564 1.03 0.436027 0.749186 0.662287 1.39207 0.799522 0.358806 0.534196 0.459389 0.388925 0.358832 0.424372 0.410876 0.3719 0.459456 0.526163 0.446795 1.46641 1.50134 0.556608 0.534151 0.710045 0.395359 0.469082 0.400718 0.39961 1.44941 0.543664 0.592489 0.500073 0.351953 0.397435 0.353065 0.420487 0.699 0.43258 0.358428 1.66 0.971655 0.753719 0.400367 0.394711 0.400329 0.398346 0.547371 0.982271 0.532886 0.364248 0.431966 0.400556 0.541123 0.332848 0.402189 0.387162 0.471578 0.537972 0.36467 0.473011 0.497136 0.459915 0.492131 0.40623 0.399302 0.339272 0.405648 0.431067 0.693654 0.671308 0.340917 0.406181 0.543659 1.4601 0.363562 0.496698 0.571368 0.413199 0.300522 0.366649 0.524087 0.486568 0.429128 0.419898 0.351581 0.393927 0.400619 0.500829 0.578824 1.4871 0.491163 0.371013 0.379807 0.542962 0.300007 0.538483 0.697997 0.507334 0.595919 0.692848 0.422487 0.401507 0.306649 1.65993 0.439254 0.496634 0.378755 0.453954 0.545834 0.479345 0.887817 0.551295 0.341722 1.34999 0.416637 0.412931 0.335597 0.657327 0.417866 0.476904 0.397872 0.318403 0.403925 0.461649 0.421729 0.541785 0.900998 0.407534 0.392334 0.368745 0.403265 0.421851 0.462012 0.403608 0.349535 0.364979 0.901244 0.467231 0.416177 0.393466 0.499807 0.481773 0.448346 0.479728 0.418676 0.436587 0.368543 0.534836 0.71593 0.472707 0.378481 0.361439 0.352717 0.398449 0.410339 0.437153 0.836611 0.401932 0.303169 0.50589 0.41593 0.461933 0.413282 0.478191 1.44732 0.413446 0.452319 0.696338 0.434703 0.39604 0.400619 0.398101 0.553068 1.47522 0.398843 0.549861 0.387641 0.404611 0.326787 0.39346 1.44068 0.400304 0.571107 0.409799 0.379394 0.478804 1.46793 0.322985 0.497045 0.419635 0.399393 0.395833 0.977039 0.770496 1.51271 0.396368 0.382479 0.542497 0.438298 0.502163 0.318289 1.49021 0.476747 0.697344 0.53589 1.24232 0.691316 0.403592 0.411479 0.985885 0.697374 0.407134 0.385022 0.375227 0.398198 0.408716 0.140398 0.441198 0.404502 0.420658 1.39824 0.357727 0.442884 0.399395 0.697051 0.384517 0.308682 0.59198 0.792339 0.410592 0.469104 0.761792 0.678752 0.382319 0.469293 1.24802 0.536646 0.460687 0.896211 0.41594 0.387452 0.34647 0.546279 0.385908 0.382022 0.400873 0.697333 0.668069 0.459988 0.694297 0.421067 1.18667 0.895229 0.401131 0.362379 0.401804 0.399945 1.42464 0.422006 0.353433 0.382025 0.33969 0.29483 0.399204 0.399492 1.0338 0.392092
Testing:
Lab Growth Rates:
0.47 0.47 0.47
Dot Production Prediction of Lab Growth Rates:
0.49558 0.406025 0.483426
Best performance so far: 
Obj: 4.67538e-310Rho: 4.24399e-314Diff: 4.67538e-310
Test:
 Lab Growth Rates:
0.47 0.47 0.47Dot Product Prediction of Growth Rate:
0.4955802 0.4060254 0.4834262