seed =  5 traits =  1 
Training: part  8 
Training: part  8 
Round  1 
 Goal of obj  0.99 
Temperature range:  0.125 2.5e-13 
Cycle 1Round 1
Iter 500000 pBad 0.946862 T 0.0325059 Obj 1.07699 Rho 0 GRdif 43.3877 success 147315 failure 1603 obj_new 1.07699 SA_pAcc 1.0011 Delta 0.891689 SA_r 0.759415 freedomratio 0.368156
Iter 1000000 pBad 0.879406 T 0.00845306 Obj 1.08381 Rho 0 GRdif 47.0846 success 294135 failure 6386 obj_new 1.08381 SA_pAcc 1.00092 Delta -0.575367 SA_r 0.329416 freedomratio 0.367232
Iter 1500000 pBad 0.834877 T 0.00219819 Obj 1.02746 Rho 0 GRdif 15.8469 success 439874 failure 13424 obj_new 1.02746 SA_pAcc 1 Delta -0.265511 SA_r 0.24709 freedomratio 0.370722
Iter 2000000 pBad 0.785324 T 0.000571633 Obj 1.01729 Rho 0 GRdif 10.0291 success 584561 failure 23393 obj_new 1.01729 SA_pAcc 0.99621 Delta 0.0281448 SA_r 0.00760538 freedomratio 0.371901
Iter 2500000 pBad 0.716396 T 0.000148651 Obj 1.01321 Rho 0 GRdif 7.67444 success 724975 failure 41354 obj_new 1.01321 SA_pAcc 1.14453 Delta -0.667147 SA_r 0.327063 freedomratio 0.364259
Iter 3000000 pBad 0.485717 T 3.86563e-05 Obj 1.01189 Rho 0 GRdif 6.91214 success 854886 failure 81003 obj_new 1.01189 SA_pAcc 1 Delta 0.121005 SA_r 0.375713 freedomratio 0.36358
Iter 3500000 pBad 0.301202 T 1.00524e-05 Obj 1.01106 Rho 0 GRdif 6.43397 success 966241 failure 158360 obj_new 1.01106 SA_pAcc 1 Delta -0.229892 SA_r 0.829147 freedomratio 0.34988
Iter 4000000 pBad 0.170983 T 2.61411e-06 Obj 1.01042 Rho 0 GRdif 6.06496 success 1053386 failure 285799 obj_new 1.01042 SA_pAcc 1 Delta 0.111725 SA_r 0.347659 freedomratio 0.319323
Iter 4500000 pBad 0.0900198 T 6.7979e-07 Obj 1.01003 Rho 0 GRdif 5.83738 success 1116334 failure 467520 obj_new 1.01003 SA_pAcc 16.7189 Delta 0.0623069 SA_r 0.519102 freedomratio 0.288035
Iter 5000000 pBad 0.0361853 T 1.76777e-07 Obj 1.00964 Rho 0 GRdif 5.61161 success 1154115 failure 712431 obj_new 1.00964 SA_pAcc 1 Delta -0.0110379 SA_r 0.275796 freedomratio 0.250535
Iter 5500000 pBad 0.0243107 T 4.59703e-08 Obj 1.0094 Rho 0 GRdif 5.47407 success 1176533 failure 1007622 obj_new 1.0094 SA_pAcc 11.9373 Delta -0.00706164 SA_r 0.85174 freedomratio 0.223709
Iter 6000000 pBad 0.0145339 T 1.19544e-08 Obj 1.00932 Rho 0 GRdif 5.43157 success 1188242 failure 1342286 obj_new 1.00933 SA_pAcc 0 Delta -0.00450503 SA_r 0.87131 freedomratio 0.209978
Iter 6500000 pBad 0.0045028 T 3.10871e-09 Obj 1.00926 Rho 0 GRdif 5.38972 success 1197565 failure 1693463 obj_new 1.00926 SA_pAcc 1.99879e-62 Delta -0.00443232 SA_r 0.314913 freedomratio 0.200686
Iter 7000000 pBad 0.00215332 T 8.08411e-10 Obj 1.00922 Rho 0 GRdif 5.48193 success 1204424 failure 2061076 obj_new 1.00941 SA_pAcc 0 Delta 0.000363333 SA_r 0.245045 freedomratio 0.193388
Iter 7500000 pBad 0.00294316 T 2.10225e-10 Obj 1.00921 Rho 0 GRdif 5.37006 success 1208782 failure 2442430 obj_new 1.00922 SA_pAcc 0 Delta -0.00116027 SA_r 0.454934 freedomratio 0.1872
Iter 8000000 pBad 0.000888495 T 5.46683e-11 Obj 1.0092 Rho 0 GRdif 5.36762 success 1211952 failure 2831119 obj_new 1.00922 SA_pAcc 0 Delta -0.000857271 SA_r 0.456384 freedomratio 0.183673
Iter 8500000 pBad 0.000479241 T 1.42163e-11 Obj 1.0092 Rho 0 GRdif 5.36991 success 1213738 failure 3227002 obj_new 1.00922 SA_pAcc 0 Delta 5.26302e-06 SA_r 0.32795 freedomratio 0.180667
Iter 9000000 pBad 0.000851626 T 3.6969e-12 Obj 1.00919 Rho 0 GRdif 5.3539 success 1219591 failure 3609128 obj_new 1.00919 SA_pAcc 0 Delta -0.000671475 SA_r 0.895505 freedomratio 0.173952
Iter 9500000 pBad 6.21436e-18 T 9.61368e-13 Obj 1.00919 Rho 0 GRdif 5.35849 success 1224629 failure 3953245 obj_new 1.0092 SA_pAcc 0 Delta -1.62892e-19 SA_r 0.747662 freedomratio 0.169811
Iter 10000000 pBad 1.99179e-67 T 2.50001e-13 Obj 1.00919 Rho 0 GRdif 5.35326 success 1224629 failure 4271768 obj_new 1.00919 SA_pAcc 1 Delta 0 SA_r 0.38855 freedomratio 0.154069
Cannot move further
iter 9.40569e+06 obj1.00919 rho 0 GRdif 5.35326
Training:
Lab Growth Rates:
0.7 0.37 0.4 0.4 0.46 0.56 0.55 0.46 1.4 0.11 0.51 0.686 0.4 0.38 0.54 0.4 0.54 0.42 0.54 0.7 0.33 0.54 0.4 0.53 0.56 0.37 0.5 0.636 0.38 0.4 0.33 0.42 0.6 0.53 0.46 0.637 0.65 0.4 1.67 0.17 0.56 0.53 0.23 0.3 0.37 0.47 0.5 0.5 0.636 0.46 0.4 0.37 0.54 0.1 0.46 0.5 0.45 0.5 0.4 0.5 0.53 0.22 0.59 0.5 0.54 0.23 0.4 0.58 1.46 0.4 0.25 0.56 0.33 0.65 0.36 1.483 0.41 0.54 0.38 0.4 0.53 0.65 0.1 0.5 0.23 0.4 1.345 0.53 0.4 0.26 0.42 0.59 0.635 0.377 0.48 0.11 0.43 0.56 0.47 0.37 0.4 0.65 0.53 0.4 0.22 0.58 0.54 0.45 0.4 0.37 0.37 0.53 0.46 0.4 0.45 1.66 0.53 0.55 0.5 0.59 0.635 0.54 0.47 0.59 0.4 0.54 0.59 0.33 0.47 0.68 0.59 0.47 0.4 0.33 0.49 0.52 0.4 0.465 1.483 0.4 0.58 0.38 0.481 0.23 0.47 0.4 0.648 0.59 0.724 1.483 0.56 0.36 0.4 0.762 0.48 0.36 0.47 0.5 1.67 1.43 0.09 0.901 0.42 0.476 0.41 0.59 0.5 0.4 0.637 0.26 0.58 0.4 1.345 0.46 0.47 1.46 0.33 0.55 0.48 0.58 0.22 0.56 1.345 0.31 0.46 0.4 0.617 0.5 0.19 0.42 0.46 0.71 0.52 0.59 0.54 0.25 0.42 0.71 0.23 0.37 0.71 0.33 0.48 0.1 0.3 0.43 0.47 0.27 0.43 0.25 0.3 0.762 0.45 0.3 0.39 0.32 0.39 0.59 0.56 0.4 0.476 0.3 0.19 0.4 0.47 0.5 0.58 0.637 0.47 0.54 0.41 0.39 0.54 0.6 0.724 0.377 0.5 0.42 0.37 0.43 0.1 0.42 0.5 0.36 1.38 0.65 0.465 0.58 0.43 0.43 1.345 0.54 0.42 0.5 1.483 0.4 0.4 0.47 0.45 0.45 0.4 0.1 0.52 0.43 0.51 0.4 0.5 1.483 0.43 0.55 0.43 0.22 0.3 0.56 0.42 0.41 0.46 0.58 0.36 0.46 0.52 0.23 0.42 0.762 0.42 0.37 0.3 0.49 0.54 0.46 1.44 0.3 0.42 0.4 0.56 0.48 0.58 0.762 0.3 0.65 1.345 1.05 0.648 1.248 0.58 0.59 0.33 1.05 0.25 0.46 1.483 0.47 0.27 0.5 0.09 0.54 0.56 0.5 0.4 0.54 0.54 1.248 0.42 0.636 1.42 0.55 0.4 0.4 0.3 0.53 0.47 0.41 0.4 0.54 0.65 0.5 0.23 0.58 0.5 0.36 0.45 0.36 0.4 0.41 0.41 0.4 0.648 0.54 0.34 0.4 0.46 0.59 0.58 0.54 0.42 0.481 0.37 0.724 0.901 0.52 0.48 0.4 0.54 0.45 0.301 0.4 1.345 0.56 0.19 0.5 0.47 0.54 0.22 0.4 0.58 0.3 0.58 0.55 0.686 0.45 0.2 0.4 0.4 0.55 0.52 0.5 0.52 0.3 0.47 0.476 0.46 1.483 0.52 0.27 0.27 0.54 1.345 0.56 0.58 0.301 0.42 0.39 0.31 1.43 0.56 0.4 0.53 0.5 0.26 0.59 0.42 0.39 1.345 0.37 0.45 0.901 0.5 0.45 0.1 0.4 0.32 0.55 0.53 0.42 0.17 0.41 0.59 1.49 0.23 1.05 0.52 0.901 0.45 0.47 0.25 0.43 0.5 0.4 0.45 1.483 1.345 0.14 0.68 0.58 0.46 0.58 0.22 0.14 0.46 0.4 0.55 0.52 0.37 0.5 0.52 0.37 0.635 1.345 0.32 0.3 1.483 0.4 0.2 0.27 0.2 0.25 0.5 0.58 1.46 0.36 1.35 1.248 0.47 0.58 0.09 0.5 0.45 0.901 0.25 0.47 1.483 0.52 0.301 0.45 0.54 0.54 0.3 0.53 0.901 0.5 0.7 0.53 0.465 0.54 0.4 0.6 0.46 1.03 0.47 0.7 0.33 0.65 0.48 0.22 0.68 0.4 0.4 0.56 0.4 0.17 0.55 0.45 0.48 0.51 0.56 0.25 0.47 1.345 0.39 0.46 0.55 0.49 1.345 0.31 0.5 0.43 0.48 0.5 0.5 0.43 0.56 0.45 0.46 0.68 0.4 0.41 1.46 0.4 0.1 0.34 0.47 0.53 0.686 0.37 0.65 0.1 0.377 0.22 0.36 1.248 0.4 0.34 0.54 0.23 1.248 0.58 0.58 0.46 0.4 0.6 1.66 1.05 0.37 0.47 0.47 1.483 0.59 0.1 0.11 0.4 0.481 0.45 1.483 0.56 0.59 0.38 0.27 0.4 1.05 0.45 0.4 0.68 0.5 0.55 0.4
Dot Production Prediction of Lab Growth Rates:
0.697471 0.423496 0.399617 0.404015 0.411674 0.488795 0.458393 0.435955 1.62057 0.366885 0.412103 0.709873 0.401973 0.356617 0.40973 0.404315 0.417583 0.382965 0.466304 0.700007 0.359647 0.460753 0.404153 0.412861 0.546301 0.415987 0.480263 0.708133 0.360813 0.403763 0.434025 0.343954 0.315664 0.534558 0.337899 0.694421 0.656538 0.401436 1.61588 0.433028 0.498409 0.528082 0.523563 0.30538 0.432716 0.382939 0.536247 0.361884 0.706513 0.415912 0.405424 0.455883 0.405313 0.446647 0.362043 0.351492 0.424012 0.476611 0.398614 0.495119 0.411047 0.483891 0.408207 0.517189 0.352503 0.529655 0.402802 0.381357 0.979405 0.393395 0.513894 0.543706 0.351063 0.62802 0.377428 0.763927 0.356463 0.428626 0.347096 0.406142 0.312499 0.645632 1.35362 0.54286 0.52271 0.39922 0.755499 0.527372 0.399683 0.499927 0.341804 0.399202 0.697981 1.28629 0.350328 0.398648 0.431279 0.542545 0.369459 0.429265 0.400141 0.653349 0.370669 0.401592 0.384692 0.475573 0.428295 1.45667 0.396822 0.342894 0.430866 0.549876 0.464539 0.406901 0.339704 1.65846 0.501345 0.457691 0.498813 0.375909 0.697837 0.540541 0.453397 0.548094 0.403535 0.397461 0.541075 0.380893 0.376187 0.67985 0.539012 0.425046 0.401019 0.392666 0.414012 0.404485 0.400671 1.2957 0.797408 0.404472 0.47647 0.39353 1.28745 0.44749 0.380756 0.392643 0.699263 0.343023 0.708467 0.748395 0.480338 0.366189 0.403136 1.11055 0.331005 0.376649 0.427952 0.523491 1.531 1.41693 0.367118 0.896301 0.38049 1.31593 0.406435 0.355793 0.396829 0.398942 0.698508 0.444641 0.474308 0.413166 0.742969 0.487883 0.453032 1.24186 0.35458 0.535521 0.378728 0.415268 0.405882 0.527166 0.803005 0.494209 0.459861 0.398951 0.617016 0.501933 0.363729 0.406715 0.479943 0.706798 0.390318 0.38267 0.55132 1.51044 0.364275 0.701162 0.449691 0.436358 0.71 0.474951 0.332017 0.449652 0.290505 0.391693 0.383033 0.55949 0.401448 0.34389 0.326548 1.13003 1.53301 0.425323 0.385119 0.351436 0.36344 0.352348 0.529644 0.403 1.31357 0.289413 0.375565 0.404063 0.461797 0.407206 0.389689 0.695989 0.421922 0.547195 0.381479 0.332449 0.348099 0.306913 0.706128 1.28753 0.358229 0.535225 0.515073 0.445037 1.61446 0.386277 0.500496 0.433352 1.00797 0.650712 1.31693 0.496419 0.450099 0.389329 0.790954 0.539825 0.401685 0.483483 0.758194 0.403404 0.40451 0.423032 0.422767 0.397649 0.40315 0.582252 0.382809 0.381631 0.413921 0.402501 0.360316 0.76406 0.432837 0.542601 0.416575 0.476307 0.403663 0.479975 0.374397 1.27749 0.43961 0.480889 0.382488 0.461301 0.397872 0.530973 0.369448 1.1267 0.517466 0.43436 0.300365 0.394134 0.464662 0.459122 1.51837 0.301208 0.386773 0.398369 0.543794 0.357201 0.368152 1.12671 0.316619 0.662046 0.783524 1.2715 0.698753 1.10821 0.49822 0.549636 0.456117 1.05 0.490311 0.347469 0.762212 0.427623 0.407536 0.537025 0.452441 0.421828 0.534202 0.498614 0.40477 0.385901 0.381247 1.11069 0.370738 0.701805 1.46777 0.457274 0.40373 0.400879 0.308825 0.471516 0.406231 0.395852 0.404253 0.479713 0.649722 0.460777 0.518139 0.399237 0.504065 0.418353 0.351782 0.368512 0.401967 1.26889 0.378538 0.404422 0.700106 0.412255 0.368795 0.395638 0.44636 0.549193 0.342954 0.396911 0.371301 1.28124 0.452073 0.70811 0.901 0.398507 0.340041 0.401177 0.465209 1.46043 1.29987 0.404042 0.815521 0.498219 0.368862 0.371576 0.390756 0.539572 0.483115 0.403745 0.463213 0.300009 0.474109 0.469184 0.70757 1.47748 0.416987 0.397129 0.403553 0.560178 0.377905 0.495016 0.422154 0.374325 0.446716 1.3045 0.425501 0.779555 0.396188 0.383762 0.391463 0.466434 0.791701 0.479165 0.493374 1.28532 0.526779 0.364919 0.497769 1.45321 0.543007 0.400681 0.431104 0.353453 0.387142 0.368315 0.393221 0.360416 0.79614 0.434995 0.370741 0.898481 0.377683 0.397981 1.44822 0.404094 0.357941 0.462071 0.387491 0.388085 0.359194 1.27987 0.54139 1.51756 0.524082 1.04927 0.425748 1.02355 0.366639 0.384161 0.402772 0.424106 0.480438 0.396346 1.46926 0.786081 0.744154 0.139362 0.681454 0.384898 0.452471 0.493659 0.474283 0.140237 0.38988 0.395374 0.552564 0.376507 0.44868 0.470637 0.392391 0.412534 0.69935 0.802889 0.384836 0.302705 0.753135 0.404361 0.41283 0.412284 0.393691 0.595018 0.395733 0.386968 0.963656 0.391238 1.35 1.11072 0.404155 0.475959 0.404485 0.387948 0.395583 0.903475 0.409246 0.377704 0.785547 0.394935 1.28466 0.4323 0.375816 0.532431 0.266238 0.36463 0.901 0.53687 0.701406 0.534329 1.29448 0.531675 0.369325 0.301439 0.395024 1.03 0.404406 0.692976 0.392019 0.632427 0.36873 0.479139 0.675678 0.395776 0.407231 0.530039 0.405409 0.362107 0.462017 0.378341 0.390947 0.430599 0.543452 0.404531 0.394449 0.770905 0.349144 0.371475 0.538169 0.399172 0.77915 0.492347 0.499949 0.382274 0.371341 0.378091 0.510525 0.399127 0.530649 0.411494 0.477489 0.668016 0.402452 0.396808 0.985814 0.403402 1.35276 0.34584 0.403273 0.523409 0.707501 0.416503 0.648964 0.371694 1.28399 0.439589 0.403079 1.12595 0.404642 0.347664 0.370651 0.447566 1.10327 0.476542 0.3604 0.471289 0.404374 0.307299 1.66 1.01278 0.443817 0.417878 0.460389 0.760917 0.543386 1.3219 0.401057 0.402397 1.27362 1.56026 0.730868 0.546357 0.355299 0.399675 0.338364 0.397993 1.05328 1.51756 0.401735 0.686928 0.525595 0.563774 0.3807
Testing:
Lab Growth Rates:
0.485 0.485 0.485 0.485
Dot Production Prediction of Lab Growth Rates:
1.28508 1.28425 1.27431 1.29526
Best performance so far: 
Obj: 4.67969e-310Rho: 2.26291e-314Diff: 4.67969e-310
Anneal again with the best G and E so far as input
Cycle 2Round 1
Iter 500000 pBad 0.935923 T 0.0325059 Obj 1.17607 Rho 0 GRdif 94.8735 success 119858 failure 1554 obj_new 1.17607 SA_pAcc 1 Delta -0.783551 SA_r 0.0912457 freedomratio 0.284949
Iter 1000000 pBad 0.871719 T 0.00845306 Obj 1.08398 Rho 0 GRdif 47.1764 success 238221 failure 5994 obj_new 1.08398 SA_pAcc 0.934289 Delta -0.409904 SA_r 0.770605 freedomratio 0.286905
Iter 1500000 pBad 0.827505 T 0.00219819 Obj 1.04171 Rho 0 GRdif 23.9075 success 355766 failure 12428 obj_new 1.04171 SA_pAcc 1 Delta 0.0754842 SA_r 0.0449522 freedomratio 0.280845
Iter 2000000 pBad 0.762098 T 0.000571633 Obj 1.02019 Rho 0 GRdif 11.6931 success 472904 failure 21594 obj_new 1.02019 SA_pAcc 1 Delta 0.62795 SA_r 0.0171207 freedomratio 0.289318
Iter 2500000 pBad 0.688909 T 0.000148651 Obj 1.01594 Rho 0 GRdif 9.25205 success 585908 failure 37423 obj_new 1.01594 SA_pAcc 1.00956 Delta 0.0936168 SA_r 0.399581 freedomratio 0.286484
Iter 3000000 pBad 0.473963 T 3.86563e-05 Obj 1.01182 Rho 0 GRdif 6.87351 success 692023 failure 69077 obj_new 1.01182 SA_pAcc 0.846818 Delta -0.221214 SA_r 0.427811 freedomratio 0.277383
Iter 3500000 pBad 0.291068 T 1.00524e-05 Obj 1.01132 Rho 0 GRdif 6.58467 success 781856 failure 134261 obj_new 1.01132 SA_pAcc 0.651037 Delta -0.113083 SA_r 0.89016 freedomratio 0.271714
Iter 4000000 pBad 0.142687 T 2.61411e-06 Obj 1.01013 Rho 0 GRdif 5.89466 success 852889 failure 241807 obj_new 1.01013 SA_pAcc 3.52616 Delta -0.0859521 SA_r 0.0907129 freedomratio 0.25613
Iter 4500000 pBad 0.0855911 T 6.7979e-07 Obj 1.00935 Rho 0 GRdif 5.44494 success 907666 failure 391298 obj_new 1.00935 SA_pAcc 1 Delta 0.0328655 SA_r 0.135808 freedomratio 0.229772
Iter 5000000 pBad 0.0380857 T 1.76777e-07 Obj 1.00905 Rho 0 GRdif 5.26762 success 939290 failure 606618 obj_new 1.00905 SA_pAcc 1.38131 Delta 0.0100901 SA_r 0.624515 freedomratio 0.205479
Iter 5500000 pBad 0.0276752 T 4.59703e-08 Obj 1.00886 Rho 0 GRdif 5.16193 success 957669 failure 868840 obj_new 1.00886 SA_pAcc 1 Delta 0.0253464 SA_r 0.620408 freedomratio 0.189137
Iter 6000000 pBad 0.0114355 T 1.19544e-08 Obj 1.00876 Rho 0 GRdif 5.10401 success 968177 failure 1166653 obj_new 1.00876 SA_pAcc 1 Delta -0.00853176 SA_r 0.141412 freedomratio 0.17879
Iter 6500000 pBad 0.00511425 T 3.10871e-09 Obj 1.00873 Rho 0 GRdif 5.08575 success 973945 failure 1486326 obj_new 1.00873 SA_pAcc 0.817249 Delta -6.25195e-05 SA_r 0.367627 freedomratio 0.172261
Iter 7000000 pBad 0.00229627 T 8.08411e-10 Obj 1.00871 Rho 0 GRdif 5.07516 success 978252 failure 1816644 obj_new 1.00871 SA_pAcc 2.65842e-36 Delta -0.00188028 SA_r 0.714909 freedomratio 0.166524
Iter 7500000 pBad 0.00220587 T 2.10225e-10 Obj 1.0087 Rho 0 GRdif 5.06995 success 981284 failure 2160071 obj_new 1.0087 SA_pAcc 0 Delta -0.00128795 SA_r 0.447512 freedomratio 0.161468
Iter 8000000 pBad 0.0012647 T 5.46683e-11 Obj 1.0087 Rho 0 GRdif 5.06613 success 983389 failure 2513416 obj_new 1.0087 SA_pAcc 1 Delta 7.11158e-05 SA_r 0.703365 freedomratio 0.158408
Iter 8500000 pBad 0.000386502 T 1.42163e-11 Obj 1.00869 Rho 0 GRdif 5.06309 success 985957 failure 2872666 obj_new 1.00869 SA_pAcc 1 Delta -0.000342128 SA_r 0.178757 freedomratio 0.156292
Iter 9000000 pBad 0.000711455 T 3.6969e-12 Obj 1.00869 Rho 0 GRdif 5.08784 success 988114 failure 3234827 obj_new 1.00874 SA_pAcc 0 Delta 0.000462629 SA_r 0.103819 freedomratio 0.153262
Iter 9500000 pBad 4.34495e-21 T 9.61368e-13 Obj 1.00869 Rho 0 GRdif 5.06176 success 991397 failure 3542337 obj_new 1.00869 SA_pAcc 1 Delta 0 SA_r 0.997692 freedomratio 0.148176
Good enough
iter 9.28652e+06 obj1.00869 rho 0 GRdif 5.06176
Training:
Lab Growth Rates:
0.7 0.37 0.4 0.4 0.46 0.56 0.55 0.46 1.4 0.11 0.51 0.686 0.4 0.38 0.54 0.4 0.54 0.42 0.54 0.7 0.33 0.54 0.4 0.53 0.56 0.37 0.5 0.636 0.38 0.4 0.33 0.42 0.6 0.53 0.46 0.637 0.65 0.4 1.67 0.17 0.56 0.53 0.23 0.3 0.37 0.47 0.5 0.5 0.636 0.46 0.4 0.37 0.54 0.1 0.46 0.5 0.45 0.5 0.4 0.5 0.53 0.22 0.59 0.5 0.54 0.23 0.4 0.58 1.46 0.4 0.25 0.56 0.33 0.65 0.36 1.483 0.41 0.54 0.38 0.4 0.53 0.65 0.1 0.5 0.23 0.4 1.345 0.53 0.4 0.26 0.42 0.59 0.635 0.377 0.48 0.11 0.43 0.56 0.47 0.37 0.4 0.65 0.53 0.4 0.22 0.58 0.54 0.45 0.4 0.37 0.37 0.53 0.46 0.4 0.45 1.66 0.53 0.55 0.5 0.59 0.635 0.54 0.47 0.59 0.4 0.54 0.59 0.33 0.47 0.68 0.59 0.47 0.4 0.33 0.49 0.52 0.4 0.465 1.483 0.4 0.58 0.38 0.481 0.23 0.47 0.4 0.648 0.59 0.724 1.483 0.56 0.36 0.4 0.762 0.48 0.36 0.47 0.5 1.67 1.43 0.09 0.901 0.42 0.476 0.41 0.59 0.5 0.4 0.637 0.26 0.58 0.4 1.345 0.46 0.47 1.46 0.33 0.55 0.48 0.58 0.22 0.56 1.345 0.31 0.46 0.4 0.617 0.5 0.19 0.42 0.46 0.71 0.52 0.59 0.54 0.25 0.42 0.71 0.23 0.37 0.71 0.33 0.48 0.1 0.3 0.43 0.47 0.27 0.43 0.25 0.3 0.762 0.45 0.3 0.39 0.32 0.39 0.59 0.56 0.4 0.476 0.3 0.19 0.4 0.47 0.5 0.58 0.637 0.47 0.54 0.41 0.39 0.54 0.6 0.724 0.377 0.5 0.42 0.37 0.43 0.1 0.42 0.5 0.36 1.38 0.65 0.465 0.58 0.43 0.43 1.345 0.54 0.42 0.5 1.483 0.4 0.4 0.47 0.45 0.45 0.4 0.1 0.52 0.43 0.51 0.4 0.5 1.483 0.43 0.55 0.43 0.22 0.3 0.56 0.42 0.41 0.46 0.58 0.36 0.46 0.52 0.23 0.42 0.762 0.42 0.37 0.3 0.49 0.54 0.46 1.44 0.3 0.42 0.4 0.56 0.48 0.58 0.762 0.3 0.65 1.345 1.05 0.648 1.248 0.58 0.59 0.33 1.05 0.25 0.46 1.483 0.47 0.27 0.5 0.09 0.54 0.56 0.5 0.4 0.54 0.54 1.248 0.42 0.636 1.42 0.55 0.4 0.4 0.3 0.53 0.47 0.41 0.4 0.54 0.65 0.5 0.23 0.58 0.5 0.36 0.45 0.36 0.4 0.41 0.41 0.4 0.648 0.54 0.34 0.4 0.46 0.59 0.58 0.54 0.42 0.481 0.37 0.724 0.901 0.52 0.48 0.4 0.54 0.45 0.301 0.4 1.345 0.56 0.19 0.5 0.47 0.54 0.22 0.4 0.58 0.3 0.58 0.55 0.686 0.45 0.2 0.4 0.4 0.55 0.52 0.5 0.52 0.3 0.47 0.476 0.46 1.483 0.52 0.27 0.27 0.54 1.345 0.56 0.58 0.301 0.42 0.39 0.31 1.43 0.56 0.4 0.53 0.5 0.26 0.59 0.42 0.39 1.345 0.37 0.45 0.901 0.5 0.45 0.1 0.4 0.32 0.55 0.53 0.42 0.17 0.41 0.59 1.49 0.23 1.05 0.52 0.901 0.45 0.47 0.25 0.43 0.5 0.4 0.45 1.483 1.345 0.14 0.68 0.58 0.46 0.58 0.22 0.14 0.46 0.4 0.55 0.52 0.37 0.5 0.52 0.37 0.635 1.345 0.32 0.3 1.483 0.4 0.2 0.27 0.2 0.25 0.5 0.58 1.46 0.36 1.35 1.248 0.47 0.58 0.09 0.5 0.45 0.901 0.25 0.47 1.483 0.52 0.301 0.45 0.54 0.54 0.3 0.53 0.901 0.5 0.7 0.53 0.465 0.54 0.4 0.6 0.46 1.03 0.47 0.7 0.33 0.65 0.48 0.22 0.68 0.4 0.4 0.56 0.4 0.17 0.55 0.45 0.48 0.51 0.56 0.25 0.47 1.345 0.39 0.46 0.55 0.49 1.345 0.31 0.5 0.43 0.48 0.5 0.5 0.43 0.56 0.45 0.46 0.68 0.4 0.41 1.46 0.4 0.1 0.34 0.47 0.53 0.686 0.37 0.65 0.1 0.377 0.22 0.36 1.248 0.4 0.34 0.54 0.23 1.248 0.58 0.58 0.46 0.4 0.6 1.66 1.05 0.37 0.47 0.47 1.483 0.59 0.1 0.11 0.4 0.481 0.45 1.483 0.56 0.59 0.38 0.27 0.4 1.05 0.45 0.4 0.68 0.5 0.55 0.4
Dot Production Prediction of Lab Growth Rates:
0.699898 0.450477 0.400712 0.405969 0.435869 0.485371 0.489463 0.415995 1.44167 0.371958 0.43059 0.706788 0.401298 0.348615 0.395107 0.404045 0.381631 0.369196 0.479357 0.700084 0.366476 0.461809 0.404733 0.42666 0.553306 0.403716 0.484864 0.698428 0.32255 0.405981 0.45671 0.343332 0.311022 0.541202 0.339209 0.690279 0.660987 0.400012 1.44922 0.484796 0.499155 0.529923 0.531748 0.317649 0.429394 0.38404 0.514894 0.348567 0.695889 0.422661 0.404177 0.46284 0.42676 0.434732 0.369428 0.367276 0.413192 0.477973 0.39654 0.497533 0.420785 0.476857 0.368634 0.524832 0.349712 0.53025 0.405384 0.410794 0.963814 0.397038 0.503779 0.553068 0.345047 0.627421 0.387501 0.830134 0.349099 0.389096 0.310798 0.408342 0.314983 0.634662 0.894047 0.542341 0.523777 0.400448 0.868256 0.530968 0.399907 0.493713 0.333874 0.353868 0.698505 0.502143 0.349574 0.414392 0.395513 0.542987 0.352251 0.437222 0.402831 0.651826 0.387674 0.401211 0.395111 0.47774 0.384645 1.44637 0.394861 0.30747 0.437249 0.545532 0.462399 0.407844 0.33058 1.65879 0.476778 0.474462 0.496267 0.361389 0.695166 0.540697 0.438215 0.552876 0.404535 0.404086 0.549412 0.392654 0.377857 0.680035 0.547291 0.400201 0.397642 0.41015 0.443987 0.374189 0.400595 0.489883 0.864505 0.403638 0.478113 0.365083 0.484215 0.446975 0.394015 0.395372 0.694144 0.344442 0.703618 0.849206 0.481909 0.374727 0.402187 1.09845 0.322479 0.363774 0.403259 0.523657 1.52174 1.4288 0.379594 0.893197 0.383613 0.497848 0.421906 0.347936 0.405351 0.398108 0.692264 0.399655 0.475727 0.385257 0.892826 0.480036 0.487957 1.42422 0.360996 0.541764 0.36486 0.442973 0.43004 0.533869 0.875458 0.49537 0.459788 0.396878 0.616985 0.499998 0.375107 0.423756 0.466667 0.700817 0.416166 0.343938 0.553117 1.47388 0.336224 0.694492 0.447783 0.442839 0.709792 0.473959 0.334157 0.441831 0.28971 0.391591 0.403437 0.553829 0.378459 0.356476 0.324205 1.12142 1.48078 0.414159 0.412967 0.361935 0.337272 0.348688 0.534425 0.406166 0.497733 0.292581 0.384653 0.406281 0.496195 0.419978 0.410259 0.690687 0.412074 0.546689 0.39449 0.338353 0.33556 0.304491 0.704145 0.496359 0.362904 0.540136 0.497967 0.428977 1.1451 0.365614 0.501202 0.460097 0.973856 0.649867 0.500979 0.492563 0.423079 0.409899 0.854523 0.533879 0.371932 0.496649 0.81052 0.403898 0.403757 0.419663 0.438985 0.408826 0.404273 0.654693 0.399753 0.400694 0.446494 0.398555 0.35666 0.828803 0.408988 0.543623 0.425212 0.483955 0.378143 0.479067 0.378449 0.48404 0.40474 0.472447 0.383726 0.454342 0.419723 0.530475 0.354188 1.11328 0.530323 0.430557 0.300112 0.411299 0.498894 0.45768 1.49609 0.301186 0.374908 0.400053 0.546744 0.345535 0.387372 1.12436 0.325447 0.658905 0.847982 1.47512 0.694832 1.07852 0.498327 0.551671 0.475949 1.05 0.461716 0.354508 0.882512 0.402845 0.383368 0.540981 0.475342 0.436197 0.537715 0.500178 0.407262 0.3503 0.389785 1.09286 0.345275 0.67871 1.47761 0.4758 0.404214 0.403791 0.305995 0.462704 0.400798 0.406143 0.40409 0.480655 0.648272 0.473187 0.522426 0.407468 0.488945 0.437538 0.326202 0.364802 0.400826 0.474918 0.365633 0.405266 0.698462 0.431897 0.381806 0.394484 0.469639 0.554945 0.347354 0.392014 0.37183 0.481013 0.460949 0.699597 0.917249 0.410308 0.352811 0.402044 0.491483 1.41592 0.510328 0.407453 0.907515 0.492166 0.378836 0.371467 0.409074 0.54117 0.476554 0.404718 0.463612 0.300674 0.478141 0.498092 0.707507 1.46016 0.388513 0.391393 0.402905 0.560908 0.393484 0.50313 0.449633 0.344219 0.4328 0.494404 0.401158 0.862252 0.386576 0.365527 0.406001 0.494462 0.869873 0.479019 0.490029 0.495715 0.531042 0.370562 0.472617 1.43496 0.539112 0.399566 0.464069 0.352339 0.367103 0.354442 0.36963 0.378689 0.882015 0.431472 0.374994 0.899678 0.36129 0.377509 1.05521 0.40271 0.375894 0.475956 0.400031 0.362302 0.338985 0.48363 0.550091 1.4941 0.529376 1.04922 0.432203 1.00297 0.36931 0.400555 0.371774 0.401183 0.481812 0.39569 1.46914 0.887422 0.851199 0.137426 0.685245 0.394654 0.451471 0.492899 0.473942 0.140081 0.413602 0.399053 0.554862 0.370664 0.458834 0.476729 0.415723 0.400189 0.696737 0.932317 0.37858 0.300044 0.846416 0.406839 0.383949 0.383706 0.350908 0.628289 0.410806 0.387494 0.8849 0.402445 1.35 1.09059 0.418969 0.475845 0.398101 0.392833 0.39579 0.901 0.375405 0.385578 0.836232 0.413911 0.499075 0.403354 0.392665 0.532878 0.25762 0.364135 0.902945 0.556154 0.707334 0.517903 0.489779 0.534776 0.336457 0.30362 0.402134 1.03002 0.375782 0.698315 0.409244 0.635827 0.359714 0.480445 0.678323 0.396436 0.408538 0.538452 0.405246 0.354827 0.485883 0.346323 0.401442 0.459703 0.541417 0.369309 0.377143 0.894121 0.339621 0.384963 0.542595 0.426834 0.831018 0.480467 0.512434 0.394674 0.378202 0.387747 0.516525 0.409031 0.540968 0.39512 0.4715 0.668832 0.404976 0.422659 0.959659 0.406555 0.928259 0.346007 0.385287 0.519334 0.708997 0.43244 0.651029 0.370474 0.495306 0.466483 0.390983 1.11034 0.405194 0.357515 0.384469 0.447601 1.07793 0.475138 0.352259 0.446168 0.405288 0.300075 1.66 0.945216 0.466393 0.4252 0.450489 0.854108 0.549234 1.36351 0.422953 0.401652 0.477547 1.51218 0.829092 0.554073 0.361776 0.368601 0.322483 0.395888 1.05846 1.4941 0.401007 0.689537 0.522575 0.561926 0.352284
Testing:
Lab Growth Rates:
0.485 0.485 0.485 0.485
Dot Production Prediction of Lab Growth Rates:
0.48782 0.481445 0.476071 0.489882
Best performance so far: 
Obj: 4.67969e-310Rho: 2.122e-314Diff: 4.67969e-310
Test:
 Lab Growth Rates:
0.485 0.485 0.485 0.485Dot Product Prediction of Growth Rate:
0.4878196 0.4814454 0.4760714 0.4898822