seed =  5 traits =  1 
Training: part  77 
Training: part  77 
Round  1 
 Goal of obj  0.99 
Temperature range:  0.125 2.5e-12 
Cycle 1Round 1
Iter 500000 pBad 0.942774 T 0.0364723 Obj 1.17283 Rho 0 GRdif 93.7397 success 147472 failure 1442 obj_new 1.17283 SA_pAcc 1.00429 Delta 0.121971 SA_r 0.0278544 freedomratio 0.365672
Iter 1000000 pBad 0.888494 T 0.0106418 Obj 1.06186 Rho 0 GRdif 35.2944 success 294301 failure 5171 obj_new 1.06186 SA_pAcc 0.965231 Delta 0.77654 SA_r 0.41215 freedomratio 0.3762
Iter 1500000 pBad 0.833397 T 0.00310503 Obj 1.03076 Rho 0 GRdif 17.8118 success 440801 failure 11392 obj_new 1.03076 SA_pAcc 0.983653 Delta 0.574019 SA_r 0.615756 freedomratio 0.374284
Iter 2000000 pBad 0.812201 T 0.000905977 Obj 1.01784 Rho 0 GRdif 10.3959 success 586094 failure 20404 obj_new 1.01784 SA_pAcc 1.00458 Delta 0.549471 SA_r 0.836291 freedomratio 0.377165
Iter 2500000 pBad 0.726291 T 0.000264343 Obj 1.01319 Rho 0 GRdif 7.70455 success 727925 failure 35379 obj_new 1.01319 SA_pAcc 2.65135 Delta -0.68436 SA_r 0.743102 freedomratio 0.365899
Iter 3000000 pBad 0.629197 T 7.71294e-05 Obj 1.01265 Rho 0 GRdif 7.39027 success 865601 failure 60481 obj_new 1.01265 SA_pAcc 1 Delta 0.436314 SA_r 0.742263 freedomratio 0.371681
Iter 3500000 pBad 0.398835 T 2.25046e-05 Obj 1.0113 Rho 0 GRdif 6.60992 success 990086 failure 112539 obj_new 1.0113 SA_pAcc 1.20315 Delta 0.0919163 SA_r 0.863519 freedomratio 0.357664
Iter 4000000 pBad 0.264567 T 6.56634e-06 Obj 1.01069 Rho 0 GRdif 6.265 success 1093643 failure 206517 obj_new 1.01071 SA_pAcc 0.0389786 Delta 0.244865 SA_r 0.143385 freedomratio 0.347107
Iter 4500000 pBad 0.148322 T 1.91591e-06 Obj 1.01004 Rho 0 GRdif 5.87591 success 1173671 failure 349901 obj_new 1.01004 SA_pAcc 3.09861 Delta 0.101021 SA_r 0.996396 freedomratio 0.31664
Iter 5000000 pBad 0.0629336 T 5.59018e-07 Obj 1.00962 Rho 0 GRdif 5.63122 success 1228703 failure 552008 obj_new 1.00962 SA_pAcc 1 Delta -0.0273994 SA_r 0.2416 freedomratio 0.271218
Iter 5500000 pBad 0.039133 T 1.63109e-07 Obj 1.00934 Rho 0 GRdif 5.46645 success 1262216 failure 814491 obj_new 1.00934 SA_pAcc 0.000244587 Delta 0.0283674 SA_r 0.601684 freedomratio 0.240885
Iter 6000000 pBad 0.0128944 T 4.75915e-08 Obj 1.00917 Rho 0 GRdif 5.3701 success 1282233 failure 1119291 obj_new 1.00917 SA_pAcc 1 Delta 0.00831207 SA_r 0.522303 freedomratio 0.219158
Iter 6500000 pBad 0.0105663 T 1.38861e-08 Obj 1.0091 Rho 0 GRdif 5.36992 success 1294190 failure 1456006 obj_new 1.00917 SA_pAcc 0 Delta -0.00518456 SA_r 0.0757019 freedomratio 0.206606
Iter 7000000 pBad 0.0102532 T 4.05165e-09 Obj 1.00904 Rho 0 GRdif 5.3083 success 1302834 failure 1811044 obj_new 1.00907 SA_pAcc 0 Delta -0.00747973 SA_r 0.839616 freedomratio 0.198985
Iter 7500000 pBad 0.00449062 T 1.18218e-09 Obj 1.00899 Rho 0 GRdif 5.27839 success 1309476 failure 2182524 obj_new 1.00902 SA_pAcc 0 Delta -0.00291276 SA_r 0.496 freedomratio 0.191344
Iter 8000000 pBad 0.00117898 T 3.44933e-10 Obj 1.00897 Rho 0 GRdif 5.25015 success 1315268 failure 2566644 obj_new 1.00897 SA_pAcc 1 Delta -0.000318849 SA_r 0.0666113 freedomratio 0.183463
Iter 8500000 pBad 0.000627429 T 1.00644e-10 Obj 1.00895 Rho 0 GRdif 5.24274 success 1319359 failure 2961851 obj_new 1.00896 SA_pAcc 0 Delta 0.000548716 SA_r 0.844973 freedomratio 0.18059
Iter 9000000 pBad 0.000701715 T 2.93655e-11 Obj 1.00894 Rho 0 GRdif 5.23543 success 1323786 failure 3363677 obj_new 1.00894 SA_pAcc 0 Delta -0.000700765 SA_r 0.235157 freedomratio 0.174844
Iter 9500000 pBad 0.000501933 T 8.5682e-12 Obj 1.00894 Rho 0 GRdif 5.23212 success 1326855 failure 3771976 obj_new 1.00894 SA_pAcc 1 Delta -0.000243031 SA_r 0.734574 freedomratio 0.173605
Iter 10000000 pBad 0.000221067 T 2.50001e-12 Obj 1.00893 Rho 0 GRdif 5.27181 success 1332464 failure 4180835 obj_new 1.00901 SA_pAcc 0 Delta -3.46401e-05 SA_r 0.432774 freedomratio 0.168385
Cannot move further
iter 9.99995e+06 obj1.00893 rho 0 GRdif 5.22941
Training:
Lab Growth Rates:
1.42 0.55 0.45 0.47 0.39 0.56 0.59 0.4 0.59 0.45 0.47 0.51 0.52 0.54 1.345 0.377 0.71 0.4 0.68 0.42 0.26 0.1 1.67 0.37 1.345 0.47 0.58 0.5 0.635 0.7 1.46 0.37 0.54 0.55 0.4 0.19 0.33 0.56 0.32 0.301 0.485 0.3 0.5 0.7 0.47 0.4 1.05 0.09 0.4 0.686 0.55 0.19 0.45 0.5 0.4 0.4 0.4 0.901 0.485 0.56 0.1 0.2 0.686 1.345 0.38 0.56 0.4 0.25 0.65 0.47 0.4 0.71 0.11 0.23 0.4 0.58 0.37 0.22 0.54 0.33 0.43 0.37 0.56 1.67 0.59 0.54 0.46 0.901 0.14 0.724 0.52 0.34 0.56 0.41 0.56 0.59 0.34 0.4 0.43 0.5 0.2 0.58 0.5 0.31 0.3 0.901 0.4 0.47 0.48 0.54 0.56 0.5 0.46 0.4 1.483 0.58 0.46 1.03 0.4 0.46 1.483 0.58 0.27 1.483 0.45 0.23 0.37 0.45 0.31 0.4 0.5 0.55 0.6 1.05 0.54 0.47 0.5 0.476 0.55 0.6 1.49 0.4 0.5 0.47 0.53 0.4 0.4 0.5 0.45 0.481 0.58 0.3 0.47 0.46 0.48 0.46 0.52 0.36 0.36 0.4 0.68 1.05 0.42 0.23 0.59 0.1 0.648 0.49 0.42 0.42 0.617 0.4 1.345 0.54 0.4 0.4 0.4 0.47 0.45 0.54 0.45 0.25 0.65 0.53 0.56 0.4 0.65 0.53 1.345 0.4 0.5 0.4 1.44 0.45 0.38 1.483 0.47 0.377 0.4 0.43 0.4 0.46 0.762 0.58 0.59 0.42 0.54 0.5 0.33 1.38 0.54 0.47 0.53 0.4 0.45 0.42 0.485 0.4 1.345 1.483 0.58 0.59 0.43 0.33 0.3 0.45 0.43 0.34 0.58 0.23 0.4 0.636 1.483 0.39 0.65 0.4 0.37 1.345 0.23 0.48 0.47 0.37 0.43 0.4 0.19 0.686 0.53 0.55 0.5 0.46 0.53 1.345 0.33 0.41 0.38 0.32 0.1 0.36 0.33 0.53 0.3 0.45 0.47 0.52 0.724 0.4 0.59 0.4 0.52 0.56 0.42 0.43 0.22 0.4 0.42 0.48 0.42 1.483 0.41 0.4 0.3 0.22 0.46 0.68 0.37 0.54 0.4 0.3 0.4 0.27 1.248 0.54 0.42 0.762 0.5 1.46 0.53 0.4 0.09 0.26 0.23 0.41 0.27 0.11 0.48 0.58 0.42 1.345 0.39 0.39 0.53 1.483 1.248 0.41 0.481 0.54 0.54 0.32 0.41 0.42 0.42 0.43 0.27 0.635 0.47 0.45 0.3 0.51 0.648 1.4 0.31 0.54 0.36 0.476 0.55 0.5 1.248 0.17 0.59 0.5 0.4 1.05 0.36 0.53 0.481 0.46 0.5 0.45 0.46 0.59 0.25 0.45 1.483 0.25 1.46 0.5 0.56 0.17 0.5 0.43 0.43 0.59 0.54 0.901 0.901 1.483 0.25 0.47 0.52 0.25 0.42 0.53 0.42 1.43 0.2 0.59 0.901 0.56 0.56 0.45 0.14 0.65 0.48 0.11 0.59 0.37 0.47 0.46 0.54 0.5 1.345 0.37 0.4 0.54 0.37 0.56 0.52 1.345 0.46 0.4 0.52 0.4 0.301 0.46 0.46 0.59 0.22 1.483 0.36 0.47 0.54 0.4 0.39 0.41 0.65 0.47 0.5 0.724 0.52 0.47 0.46 0.56 0.27 0.1 0.68 0.71 0.52 0.55 0.55 0.46 1.483 0.56 0.53 0.68 0.23 0.65 1.05 0.53 0.58 0.41 0.4 1.66 0.5 0.58 0.27 0.65 0.5 0.33 0.54 0.37 0.37 0.43 0.648 0.762 0.1 0.59 0.4 0.58 0.48 0.49 1.345 0.52 0.4 0.5 0.47 0.5 0.4 0.42 0.54 0.17 0.42 0.38 0.46 0.465 0.476 0.4 0.3 1.248 0.637 0.4 0.4 0.5 1.35 1.66 0.5 0.37 0.46 0.53 0.26 0.6 0.56 0.48 0.3 0.4 0.52 0.1 0.47 0.36 0.36 0.58 0.53 0.4 0.47 0.55 0.3 0.43 0.39 0.45 0.58 0.54 0.762 0.637 0.635 0.301 0.3 0.37 0.58 0.49 0.55 0.7 0.22 0.54 0.45 0.45 0.33 0.54 0.636 0.465 0.47 0.5 0.54 0.636 0.58 0.3 0.58 0.25 0.4 0.22 0.4 0.5 0.377 0.7 0.41 0.5 0.5 0.5 0.54 0.46 0.23 0.4 0.4 0.09 0.37 0.54 0.48 0.465 0.58 1.43 0.56 0.4 0.58 0.46 0.65 0.4 0.4 0.58 0.3 0.23 0.5 0.51 0.22 0.637 0.36 0.33 0.6 0.38 1.248 0.22 0.55 1.46 0.1 0.42 0.485 0.4 0.5 0.59 0.25 0.54
Dot Production Prediction of Lab Growth Rates:
1.47692 0.55146 0.379992 0.376168 0.335571 0.550715 0.358298 0.401872 0.550728 0.400844 0.365832 0.43689 0.379971 0.488026 0.808088 0.471199 0.706866 0.391364 0.681644 0.370745 0.493235 0.436648 1.49075 0.434618 0.795007 0.38913 0.480681 0.380041 0.698363 0.700512 1.01124 0.334062 0.332859 0.551437 0.401372 0.364808 0.385117 0.536113 0.342767 0.471908 0.462155 0.300047 0.543421 0.699416 0.385532 0.390042 1.32725 0.392624 0.401344 0.711458 0.549426 0.363622 0.330145 0.547449 0.401689 0.40088 0.394706 0.899652 0.471853 0.547234 1.41432 0.401313 0.712361 0.82311 0.389992 0.479067 0.40365 0.46307 0.650155 0.449649 0.390448 0.713749 0.41039 0.447806 0.356691 0.375327 0.44421 0.488319 0.539433 0.479349 0.392171 0.429711 0.55304 1.50498 0.388938 0.387379 0.459592 0.903365 0.140746 0.709892 0.382326 0.348831 0.478687 0.372488 0.537145 0.348185 0.364996 0.40197 0.414198 0.486653 0.405852 0.49845 0.479025 0.496279 0.3801 0.901001 0.404944 0.410638 0.366573 0.38767 0.546298 0.388716 0.471365 0.40154 0.792722 0.482896 0.396903 1.03003 0.400737 0.431368 0.794763 0.493376 0.329737 0.806759 1.50921 0.537419 0.434691 1.51438 0.495462 0.400191 0.495112 0.557138 0.306663 1.05 0.540249 0.444636 0.351277 0.474831 0.49461 0.30263 1.50921 0.404035 0.395233 0.401073 0.52689 0.400385 0.403257 0.355747 0.380881 0.464596 0.478772 0.2901 0.356027 0.459847 0.346851 0.404439 0.398116 0.363418 0.394502 0.398339 0.670696 1.01745 0.347259 0.44662 0.348516 1.20319 0.701648 0.414607 0.326716 0.380187 0.617158 0.396696 0.793822 0.547993 0.402809 0.402676 0.400463 0.409685 1.45924 0.476225 1.51003 0.481535 0.654922 0.429651 0.549087 0.398525 0.641757 0.404428 0.824118 0.400866 0.482664 0.402233 1.49611 1.46428 0.342876 0.796071 0.425833 0.469942 0.405211 0.408686 0.403675 0.440079 1.2982 0.409989 0.357793 0.538797 0.493588 0.384352 0.380005 1.01977 0.356045 0.407876 0.54057 0.401664 1.46757 0.365848 0.465315 0.398125 0.800544 0.813135 0.502353 0.372597 0.391173 0.352553 0.301871 0.360058 0.384378 0.353881 0.348374 0.530181 0.402854 0.707791 0.775108 0.353448 0.637074 0.400191 0.418844 0.793283 0.448353 0.360836 0.366776 0.435705 0.394105 0.404089 0.356715 0.712154 0.548309 0.479159 0.3501 0.390854 0.462688 0.803909 0.38747 0.41307 0.358214 0.360718 1.31357 0.367252 0.348407 0.413342 0.314007 1.45437 0.389667 0.389338 0.709009 0.400902 0.557525 0.40431 0.368394 0.500702 0.379241 0.418117 0.486382 0.400825 0.34667 0.373416 0.358593 0.775908 0.464079 0.400319 0.286396 0.415377 0.460189 0.679979 0.437214 0.400291 0.407362 0.301737 0.398782 0.388053 1.21084 0.384559 0.343327 1.27031 0.405223 1.01578 0.540472 0.393421 0.454443 0.427591 0.545581 0.461364 0.396274 0.401169 0.325122 0.462436 0.354164 0.788371 0.335002 0.380356 0.358138 0.775872 1.20202 0.374633 0.467766 0.423375 0.354919 0.37355 0.349398 0.369372 0.373634 0.428382 0.393222 0.700834 0.39136 0.417262 0.301172 0.409296 0.703053 1.51013 0.499313 0.540032 0.373347 0.476936 0.484451 0.532457 1.22594 0.438835 0.370174 0.517687 0.402695 1.05005 0.428582 0.529194 0.468923 0.410332 0.36334 0.40401 0.433885 0.552232 0.394876 0.357279 0.787932 0.613962 0.995712 0.494787 0.543642 0.359631 0.497055 0.444939 0.39631 0.375006 0.395204 0.901327 1.13254 0.794848 0.382414 0.387006 0.384218 1.50279 0.525452 0.351203 0.38987 1.43319 0.37748 0.559745 0.898388 0.542597 0.541705 0.412873 0.13899 0.624778 0.329975 0.362843 0.545772 0.445348 0.380232 0.467635 0.457184 0.542556 0.816049 0.446171 0.397397 0.411213 0.435417 0.490703 0.379021 0.783446 0.465859 0.394209 0.395156 0.351252 0.474326 0.458568 0.362206 0.352741 0.483875 0.803014 0.387245 0.404566 0.398906 0.396489 0.35201 0.397599 0.654675 0.444312 0.486304 0.70971 0.375038 0.421831 0.478447 0.478126 0.535743 1.19004 0.68128 0.70865 0.408271 0.549036 0.483097 0.456586 0.810219 0.497172 0.530543 0.674886 0.54456 0.649174 1.04975 0.481228 0.479812 0.464787 0.40155 1.65998 0.500926 0.375384 0.370894 0.649994 0.493038 0.350238 0.549516 0.402789 0.447155 0.404442 0.705462 1.29422 0.439365 0.553991 0.401723 0.384148 0.324474 0.401163 0.776174 0.384891 0.398485 0.504968 0.389134 0.512155 0.404473 0.410787 0.382013 0.352079 0.532503 0.344976 0.367225 0.4796 0.476097 0.391747 0.267688 1.20024 0.705518 0.400172 0.393676 0.361878 1.35003 1.65818 0.49992 0.500403 0.337246 0.381879 0.378594 0.304303 0.548446 0.345425 0.320307 0.391248 0.401416 1.4458 0.46011 0.417516 0.37423 0.406617 0.312921 0.400171 0.364835 0.555334 0.309577 0.414747 0.362558 0.391055 0.389468 0.533584 1.30242 0.707219 0.701412 0.471111 0.311324 0.406253 0.482386 0.385978 0.483552 0.699892 0.432762 0.384861 0.352448 0.329431 0.437045 0.479287 0.699823 0.473292 0.395885 0.520029 0.366613 0.706437 0.47859 0.402375 0.377303 0.390596 0.399294 0.482355 0.395819 0.531947 0.471624 0.702763 0.399988 0.493472 0.358778 0.542954 0.399093 0.350812 0.542843 0.399015 0.395174 0.375374 0.430403 0.472187 0.389537 0.472367 0.478992 1.42159 0.549499 0.40209 0.339659 0.417095 0.65518 0.401213 0.397911 0.501529 0.343094 0.534025 0.376511 0.413637 0.484925 0.70637 0.375032 0.455951 0.302972 0.393044 1.20329 0.376431 0.472546 1.32742 0.346319 0.38081 0.474422 0.401192 0.475499 0.54852 0.346794 0.537361
Testing:
Lab Growth Rates:
0.1
Dot Production Prediction of Lab Growth Rates:
0.629502
Best performance so far: 
Obj: 4.64859e-310Rho: 2.26291e-314Diff: 4.64859e-310
Anneal again with the best G and E so far as input
Cycle 2Round 1
Iter 500000 pBad 0.947494 T 0.0364723 Obj 1.14504 Rho 0 GRdif 79.6389 success 122401 failure 1182 obj_new 1.14504 SA_pAcc 1.0093 Delta -0.681707 SA_r 0.445887 freedomratio 0.294589
Iter 1000000 pBad 0.885682 T 0.0106418 Obj 1.09798 Rho 0 GRdif 54.9607 success 243927 failure 4768 obj_new 1.09798 SA_pAcc 0.860529 Delta -0.7686 SA_r 0.380043 freedomratio 0.294589
Iter 1500000 pBad 0.849711 T 0.00310503 Obj 1.02699 Rho 0 GRdif 15.6605 success 364335 failure 11917 obj_new 1.02699 SA_pAcc 0.997676 Delta 0.259073 SA_r 0.830318 freedomratio 0.29652
Iter 2000000 pBad 0.789124 T 0.000905977 Obj 1.02246 Rho 0 GRdif 13.0607 success 484569 failure 20305 obj_new 1.02246 SA_pAcc 1 Delta -0.314135 SA_r 0.593356 freedomratio 0.30123
Iter 2500000 pBad 0.719741 T 0.000264343 Obj 1.0152 Rho 0 GRdif 8.86932 success 602619 failure 32504 obj_new 1.0152 SA_pAcc 1 Delta -0.260928 SA_r 0.744422 freedomratio 0.291233
Iter 3000000 pBad 0.555303 T 7.71294e-05 Obj 1.01221 Rho 0 GRdif 7.13875 success 715530 failure 56304 obj_new 1.01221 SA_pAcc 0.82932 Delta -0.112722 SA_r 0.402065 freedomratio 0.286969
Iter 3500000 pBad 0.413473 T 2.25046e-05 Obj 1.01134 Rho 0 GRdif 6.62889 success 815887 failure 104931 obj_new 1.01134 SA_pAcc 1 Delta -0.145065 SA_r 0.293421 freedomratio 0.28739
Iter 4000000 pBad 0.248937 T 6.56634e-06 Obj 1.01062 Rho 0 GRdif 6.21013 success 900893 failure 186806 obj_new 1.01062 SA_pAcc 1 Delta -0.234769 SA_r 0.0101575 freedomratio 0.273871
Iter 4500000 pBad 0.148922 T 1.91591e-06 Obj 1.00999 Rho 0 GRdif 5.84248 success 971954 failure 300179 obj_new 1.00999 SA_pAcc 2.72129 Delta 0.0165496 SA_r 0.415461 freedomratio 0.254545
Iter 5000000 pBad 0.0750487 T 5.59018e-07 Obj 1.00943 Rho 0 GRdif 5.51866 success 1021116 failure 467921 obj_new 1.00943 SA_pAcc 1 Delta -0.0151882 SA_r 0.0613579 freedomratio 0.232411
Iter 5500000 pBad 0.0331933 T 1.63109e-07 Obj 1.00921 Rho 0 GRdif 5.38889 success 1051153 failure 692999 obj_new 1.00921 SA_pAcc 0.192872 Delta -0.0105168 SA_r 0.566978 freedomratio 0.210075
Iter 6000000 pBad 0.0193935 T 4.75915e-08 Obj 1.00907 Rho 0 GRdif 5.31302 success 1069038 failure 959109 obj_new 1.00908 SA_pAcc 1.32997e-16 Delta -0.00792004 SA_r 0.414675 freedomratio 0.196721
Iter 6500000 pBad 0.0142011 T 1.38861e-08 Obj 1.00901 Rho 0 GRdif 5.28757 success 1080034 failure 1256361 obj_new 1.00903 SA_pAcc 0 Delta -0.00745652 SA_r 0.653974 freedomratio 0.184095
Iter 7000000 pBad 0.00680945 T 4.05165e-09 Obj 1.00897 Rho 0 GRdif 5.28369 success 1086793 failure 1574198 obj_new 1.00903 SA_pAcc 0 Delta 0.000398119 SA_r 0.204652 freedomratio 0.177108
Iter 7500000 pBad 0.00401533 T 1.18218e-09 Obj 1.00893 Rho 0 GRdif 5.23851 success 1092997 failure 1903875 obj_new 1.00895 SA_pAcc 0 Delta 0.0023429 SA_r 0.332841 freedomratio 0.169355
Iter 8000000 pBad 0.0015876 T 3.44933e-10 Obj 1.00891 Rho 0 GRdif 5.21682 success 1097730 failure 2251108 obj_new 1.00891 SA_pAcc 0 Delta 0.000927447 SA_r 0.603108 freedomratio 0.165541
Iter 8500000 pBad 0.00115068 T 1.00644e-10 Obj 1.0089 Rho 0 GRdif 5.20972 success 1099513 failure 2606671 obj_new 1.0089 SA_pAcc 0 Delta 0.0011022 SA_r 0.0174317 freedomratio 0.163743
Iter 9000000 pBad 0.000626926 T 2.93655e-11 Obj 1.00889 Rho 0 GRdif 5.20702 success 1101615 failure 2967729 obj_new 1.00889 SA_pAcc 1 Delta -0.00046443 SA_r 0.192182 freedomratio 0.1607
Iter 9500000 pBad 0.000441234 T 8.5682e-12 Obj 1.00889 Rho 0 GRdif 5.2038 success 1104062 failure 3334554 obj_new 1.00889 SA_pAcc 1 Delta -0.000320715 SA_r 0.400607 freedomratio 0.155514
Good enough
iter 9.99997e+06 obj1.00889 rho 0 GRdif 5.20239
Training:
Lab Growth Rates:
1.42 0.55 0.45 0.47 0.39 0.56 0.59 0.4 0.59 0.45 0.47 0.51 0.52 0.54 1.345 0.377 0.71 0.4 0.68 0.42 0.26 0.1 1.67 0.37 1.345 0.47 0.58 0.5 0.635 0.7 1.46 0.37 0.54 0.55 0.4 0.19 0.33 0.56 0.32 0.301 0.485 0.3 0.5 0.7 0.47 0.4 1.05 0.09 0.4 0.686 0.55 0.19 0.45 0.5 0.4 0.4 0.4 0.901 0.485 0.56 0.1 0.2 0.686 1.345 0.38 0.56 0.4 0.25 0.65 0.47 0.4 0.71 0.11 0.23 0.4 0.58 0.37 0.22 0.54 0.33 0.43 0.37 0.56 1.67 0.59 0.54 0.46 0.901 0.14 0.724 0.52 0.34 0.56 0.41 0.56 0.59 0.34 0.4 0.43 0.5 0.2 0.58 0.5 0.31 0.3 0.901 0.4 0.47 0.48 0.54 0.56 0.5 0.46 0.4 1.483 0.58 0.46 1.03 0.4 0.46 1.483 0.58 0.27 1.483 0.45 0.23 0.37 0.45 0.31 0.4 0.5 0.55 0.6 1.05 0.54 0.47 0.5 0.476 0.55 0.6 1.49 0.4 0.5 0.47 0.53 0.4 0.4 0.5 0.45 0.481 0.58 0.3 0.47 0.46 0.48 0.46 0.52 0.36 0.36 0.4 0.68 1.05 0.42 0.23 0.59 0.1 0.648 0.49 0.42 0.42 0.617 0.4 1.345 0.54 0.4 0.4 0.4 0.47 0.45 0.54 0.45 0.25 0.65 0.53 0.56 0.4 0.65 0.53 1.345 0.4 0.5 0.4 1.44 0.45 0.38 1.483 0.47 0.377 0.4 0.43 0.4 0.46 0.762 0.58 0.59 0.42 0.54 0.5 0.33 1.38 0.54 0.47 0.53 0.4 0.45 0.42 0.485 0.4 1.345 1.483 0.58 0.59 0.43 0.33 0.3 0.45 0.43 0.34 0.58 0.23 0.4 0.636 1.483 0.39 0.65 0.4 0.37 1.345 0.23 0.48 0.47 0.37 0.43 0.4 0.19 0.686 0.53 0.55 0.5 0.46 0.53 1.345 0.33 0.41 0.38 0.32 0.1 0.36 0.33 0.53 0.3 0.45 0.47 0.52 0.724 0.4 0.59 0.4 0.52 0.56 0.42 0.43 0.22 0.4 0.42 0.48 0.42 1.483 0.41 0.4 0.3 0.22 0.46 0.68 0.37 0.54 0.4 0.3 0.4 0.27 1.248 0.54 0.42 0.762 0.5 1.46 0.53 0.4 0.09 0.26 0.23 0.41 0.27 0.11 0.48 0.58 0.42 1.345 0.39 0.39 0.53 1.483 1.248 0.41 0.481 0.54 0.54 0.32 0.41 0.42 0.42 0.43 0.27 0.635 0.47 0.45 0.3 0.51 0.648 1.4 0.31 0.54 0.36 0.476 0.55 0.5 1.248 0.17 0.59 0.5 0.4 1.05 0.36 0.53 0.481 0.46 0.5 0.45 0.46 0.59 0.25 0.45 1.483 0.25 1.46 0.5 0.56 0.17 0.5 0.43 0.43 0.59 0.54 0.901 0.901 1.483 0.25 0.47 0.52 0.25 0.42 0.53 0.42 1.43 0.2 0.59 0.901 0.56 0.56 0.45 0.14 0.65 0.48 0.11 0.59 0.37 0.47 0.46 0.54 0.5 1.345 0.37 0.4 0.54 0.37 0.56 0.52 1.345 0.46 0.4 0.52 0.4 0.301 0.46 0.46 0.59 0.22 1.483 0.36 0.47 0.54 0.4 0.39 0.41 0.65 0.47 0.5 0.724 0.52 0.47 0.46 0.56 0.27 0.1 0.68 0.71 0.52 0.55 0.55 0.46 1.483 0.56 0.53 0.68 0.23 0.65 1.05 0.53 0.58 0.41 0.4 1.66 0.5 0.58 0.27 0.65 0.5 0.33 0.54 0.37 0.37 0.43 0.648 0.762 0.1 0.59 0.4 0.58 0.48 0.49 1.345 0.52 0.4 0.5 0.47 0.5 0.4 0.42 0.54 0.17 0.42 0.38 0.46 0.465 0.476 0.4 0.3 1.248 0.637 0.4 0.4 0.5 1.35 1.66 0.5 0.37 0.46 0.53 0.26 0.6 0.56 0.48 0.3 0.4 0.52 0.1 0.47 0.36 0.36 0.58 0.53 0.4 0.47 0.55 0.3 0.43 0.39 0.45 0.58 0.54 0.762 0.637 0.635 0.301 0.3 0.37 0.58 0.49 0.55 0.7 0.22 0.54 0.45 0.45 0.33 0.54 0.636 0.465 0.47 0.5 0.54 0.636 0.58 0.3 0.58 0.25 0.4 0.22 0.4 0.5 0.377 0.7 0.41 0.5 0.5 0.5 0.54 0.46 0.23 0.4 0.4 0.09 0.37 0.54 0.48 0.465 0.58 1.43 0.56 0.4 0.58 0.46 0.65 0.4 0.4 0.58 0.3 0.23 0.5 0.51 0.22 0.637 0.36 0.33 0.6 0.38 1.248 0.22 0.55 1.46 0.1 0.42 0.485 0.4 0.5 0.59 0.25 0.54
Dot Production Prediction of Lab Growth Rates:
1.46473 0.557739 0.377398 0.386267 0.346584 0.545618 0.366459 0.40259 0.539702 0.405688 0.392483 0.433342 0.397395 0.46177 0.739078 0.583157 0.698191 0.393867 0.686446 0.38893 0.497298 0.445178 1.45223 0.43751 0.735951 0.393499 0.463678 0.384689 0.698034 0.699977 0.994127 0.349925 0.341421 0.547345 0.400593 0.362888 0.400285 0.53614 0.355104 0.580606 0.56749 0.299998 0.544512 0.700376 0.402704 0.391436 1.34587 0.404161 0.402742 0.704445 0.545493 0.38415 0.364648 0.523711 0.401253 0.401375 0.395836 0.901661 0.575215 0.5503 1.36373 0.417294 0.703691 0.759895 0.386469 0.464187 0.404464 0.475706 0.660428 0.449589 0.394013 0.704797 0.404828 0.451322 0.376523 0.388216 0.45575 0.465836 0.543001 0.483982 0.404206 0.437719 0.540067 1.46019 0.383258 0.402601 0.461145 0.908305 0.140758 0.706354 0.387658 0.350415 0.466654 0.382704 0.530086 0.35044 0.383807 0.401528 0.422598 0.4736 0.408421 0.477604 0.470908 0.480616 0.394184 0.902644 0.404664 0.425703 0.379837 0.390762 0.537429 0.394446 0.460023 0.401545 0.697646 0.472551 0.398322 1.03001 0.402864 0.4243 0.717684 0.471851 0.331632 0.736155 1.49603 0.528751 0.436161 1.47324 0.47683 0.398636 0.500221 0.563638 0.313167 1.05329 0.537527 0.449715 0.369285 0.584966 0.460123 0.305741 1.49603 0.40227 0.395528 0.413787 0.530058 0.404978 0.403615 0.366427 0.386534 0.57363 0.468567 0.29945 0.362578 0.461427 0.370078 0.427918 0.407375 0.365281 0.39293 0.400146 0.669463 0.998087 0.350833 0.451315 0.360667 0.690007 0.69178 0.422458 0.365135 0.395775 0.617034 0.398032 0.724265 0.545275 0.402613 0.402687 0.398073 0.405872 1.47156 0.447663 1.45488 0.491571 0.650008 0.44776 0.539894 0.399866 0.640865 0.41705 0.760627 0.401203 0.471695 0.403733 1.49097 1.43658 0.346277 0.711533 0.457727 0.580945 0.405061 0.416211 0.404619 0.444868 0.91372 0.423431 0.357786 0.513611 0.464172 0.393509 0.399248 1.00247 0.380812 0.404506 0.533445 0.40187 1.46999 0.373716 0.568278 0.399104 0.724498 0.744813 0.474959 0.35887 0.410263 0.353964 0.300102 0.370403 0.384012 0.36106 0.360076 0.523912 0.401884 0.703992 0.692977 0.369882 0.640706 0.400238 0.420564 0.727415 0.451106 0.37387 0.388185 0.434995 0.396149 0.403592 0.37277 0.702048 0.551038 0.457684 0.362633 0.401162 0.467272 0.730805 0.401984 0.415823 0.35161 0.362502 0.736189 0.369627 0.355392 0.411645 0.32113 1.43324 0.400994 0.397758 0.702093 0.401394 0.548697 0.404707 0.392194 0.479691 0.372903 0.432918 0.46963 0.401212 0.351838 0.372448 0.379569 0.709701 0.578554 0.399713 0.294656 0.409375 0.461949 0.680003 0.436286 0.414555 0.40493 0.302661 0.399832 0.395177 0.93779 0.418303 0.375281 0.903404 0.408172 1.00278 0.533918 0.393975 0.445077 0.438014 0.531586 0.576076 0.401626 0.401065 0.343401 0.459738 0.382931 0.708732 0.358285 0.392861 0.383845 0.706367 0.932259 0.390761 0.571434 0.429594 0.378527 0.371349 0.375597 0.396785 0.392966 0.433003 0.393584 0.693399 0.395077 0.420665 0.301143 0.416411 0.69602 1.42605 0.482614 0.539945 0.381178 0.584366 0.460672 0.527467 0.950069 0.443064 0.366184 0.516136 0.402018 1.05 0.430517 0.525058 0.574083 0.420373 0.35537 0.427616 0.420119 0.557522 0.387508 0.372139 0.713095 0.560697 0.963796 0.482739 0.53263 0.372785 0.478419 0.435849 0.393942 0.376725 0.402326 0.900778 0.901028 0.714192 0.389015 0.398716 0.400044 1.46001 0.504693 0.375424 0.384733 1.43046 0.382031 0.54401 0.899742 0.539021 0.536704 0.409343 0.139731 0.62527 0.352131 0.375767 0.549634 0.454699 0.381575 0.455734 0.448317 0.539135 0.735584 0.458853 0.399891 0.407136 0.441027 0.47462 0.404525 0.717123 0.487463 0.398015 0.39698 0.36305 0.592735 0.475153 0.383955 0.346057 0.467177 0.729481 0.394669 0.410677 0.416075 0.39743 0.351048 0.408663 0.650172 0.462438 0.499696 0.700223 0.363475 0.416119 0.466338 0.464251 0.538905 0.686121 0.685119 0.697423 0.414572 0.54995 0.463557 0.452429 0.740335 0.481471 0.525462 0.679147 0.540332 0.649937 1.04977 0.485582 0.472733 0.57883 0.401703 1.66 0.484473 0.379473 0.379797 0.648869 0.479071 0.380664 0.552637 0.406569 0.457246 0.398333 0.699236 0.91503 0.453805 0.551186 0.401982 0.388296 0.367032 0.407326 0.710784 0.408202 0.399201 0.507102 0.399478 0.517774 0.403345 0.40828 0.383604 0.362718 0.51238 0.362252 0.376725 0.589472 0.585332 0.39545 0.265146 0.935217 0.694113 0.400924 0.395568 0.373986 1.34999 1.65908 0.499147 0.495811 0.350919 0.390034 0.376996 0.30776 0.550271 0.358804 0.318566 0.391076 0.421611 0.81128 0.458633 0.423382 0.369537 0.403399 0.345553 0.399969 0.382658 0.562576 0.30805 0.409034 0.368863 0.390446 0.40204 0.537135 0.911937 0.691326 0.698128 0.579576 0.3159 0.41065 0.463975 0.402533 0.449843 0.703202 0.437365 0.410458 0.384557 0.371967 0.441328 0.449744 0.68416 0.584864 0.397859 0.524612 0.365557 0.700907 0.468099 0.421933 0.395943 0.390836 0.399809 0.465136 0.398246 0.52991 0.585696 0.699016 0.401006 0.496047 0.365036 0.549357 0.404963 0.354708 0.540372 0.399455 0.396376 0.372147 0.436302 0.44347 0.392162 0.583048 0.46504 1.42156 0.554198 0.402773 0.353868 0.413262 0.658013 0.401504 0.399461 0.478445 0.363846 0.525731 0.362181 0.414464 0.467634 0.691224 0.381003 0.464623 0.306433 0.383337 0.936651 0.392694 0.437119 1.29853 0.397371 0.373924 0.577826 0.403203 0.475459 0.543791 0.351054 0.547902
Testing:
Lab Growth Rates:
0.1
Dot Production Prediction of Lab Growth Rates:
0.565451
Best performance so far: 
Obj: 4.64859e-310Rho: 6.5069e-314Diff: 4.64859e-310
Test:
 Lab Growth Rates:
0.1Dot Product Prediction of Growth Rate:
0.5654506