seed =  5 traits =  1 
Training: part  212 
Training: part  212 
Round  1 
 Goal of obj  0.99 
Temperature range:  0.125 2.5e-13 
Cycle 1Round 1
Iter 500000 pBad 0.937296 T 0.0325059 Obj 1.19105 Rho 0 GRdif 102.452 success 147525 failure 1692 obj_new 1.19105 SA_pAcc 0.922389 Delta -0.924506 SA_r 0.331047 freedomratio 0.365109
Iter 1000000 pBad 0.870574 T 0.00845306 Obj 1.06472 Rho 0 GRdif 36.7492 success 294212 failure 5997 obj_new 1.06472 SA_pAcc 0.883646 Delta 0.354292 SA_r 0.677139 freedomratio 0.369716
Iter 1500000 pBad 0.82997 T 0.00219819 Obj 1.03547 Rho 0 GRdif 20.4264 success 439930 failure 13041 obj_new 1.03547 SA_pAcc 0.969842 Delta 0.258366 SA_r 0.202677 freedomratio 0.362176
Iter 2000000 pBad 0.77695 T 0.000571633 Obj 1.02022 Rho 0 GRdif 11.7315 success 584479 failure 22683 obj_new 1.02022 SA_pAcc 1 Delta -0.472511 SA_r 0.721059 freedomratio 0.366479
Iter 2500000 pBad 0.658476 T 0.000148651 Obj 1.0139 Rho 0 GRdif 8.13286 success 725357 failure 40644 obj_new 1.01398 SA_pAcc 0.598669 Delta 0.653841 SA_r 0.667371 freedomratio 0.364655
Iter 3000000 pBad 0.492202 T 3.86563e-05 Obj 1.01125 Rho 0 GRdif 6.55753 success 854304 failure 82541 obj_new 1.01125 SA_pAcc 1.51397 Delta 0.180986 SA_r 0.163155 freedomratio 0.359069
Iter 3500000 pBad 0.290896 T 1.00524e-05 Obj 1.01051 Rho 0 GRdif 6.12609 success 965888 failure 159870 obj_new 1.01051 SA_pAcc 3.50757 Delta 0.252912 SA_r 0.54986 freedomratio 0.349642
Iter 4000000 pBad 0.156717 T 2.61411e-06 Obj 1.00983 Rho 0 GRdif 5.73887 success 1052737 failure 288485 obj_new 1.00984 SA_pAcc 0.0447249 Delta 0.119146 SA_r 0.269294 freedomratio 0.3122
Iter 4500000 pBad 0.0744502 T 6.7979e-07 Obj 1.00942 Rho 0 GRdif 5.49336 success 1110539 failure 482976 obj_new 1.00942 SA_pAcc 1.13808 Delta -0.0731865 SA_r 0.7906 freedomratio 0.276676
Iter 5000000 pBad 0.0432701 T 1.76777e-07 Obj 1.00911 Rho 0 GRdif 5.31339 success 1146546 failure 737163 obj_new 1.00911 SA_pAcc 1 Delta 0.0227538 SA_r 0.0493378 freedomratio 0.245702
Iter 5500000 pBad 0.0209946 T 4.59703e-08 Obj 1.00896 Rho 0 GRdif 5.24133 success 1166824 failure 1040054 obj_new 1.00898 SA_pAcc 4.18324e-198 Delta -0.0129173 SA_r 0.560025 freedomratio 0.224092
Iter 6000000 pBad 0.0149534 T 1.19544e-08 Obj 1.00887 Rho 0 GRdif 5.17521 success 1179983 failure 1370504 obj_new 1.00887 SA_pAcc 1 Delta 0.00581309 SA_r 0.942479 freedomratio 0.211935
Iter 6500000 pBad 0.00424125 T 3.10871e-09 Obj 1.00882 Rho 0 GRdif 5.23877 success 1187879 failure 1725052 obj_new 1.00898 SA_pAcc 0 Delta 0.000510949 SA_r 0.37675 freedomratio 0.199455
Iter 7000000 pBad 0.00219083 T 8.08411e-10 Obj 1.00879 Rho 0 GRdif 5.12974 success 1194007 failure 2094176 obj_new 1.00879 SA_pAcc 1 Delta -0.000980052 SA_r 0.27475 freedomratio 0.191129
Iter 7500000 pBad 0.00126979 T 2.10225e-10 Obj 1.00878 Rho 0 GRdif 5.12109 success 1198347 failure 2477454 obj_new 1.00878 SA_pAcc 1 Delta 0.000999418 SA_r 0.70339 freedomratio 0.185796
Iter 8000000 pBad 0.000550613 T 5.46683e-11 Obj 1.00877 Rho 0 GRdif 5.11768 success 1200528 failure 2868919 obj_new 1.00877 SA_pAcc 1 Delta 0.000326007 SA_r 0.0446063 freedomratio 0.183526
Iter 8500000 pBad 0.00090107 T 1.42163e-11 Obj 1.00877 Rho 0 GRdif 5.11481 success 1202663 failure 3264919 obj_new 1.00877 SA_pAcc 1 Delta -0.000323145 SA_r 0.790105 freedomratio 0.180808
Iter 9000000 pBad 1.84547e-16 T 3.6969e-12 Obj 1.00876 Rho 0 GRdif 5.11304 success 1207121 failure 3654524 obj_new 1.00876 SA_pAcc 1 Delta -1.11022e-16 SA_r 0.403258 freedomratio 0.1702
Iter 9500000 pBad 5.74717e-20 T 9.61368e-13 Obj 1.00876 Rho 0 GRdif 5.11324 success 1211510 failure 4036123 obj_new 1.00876 SA_pAcc 0 Delta 4.13844e-20 SA_r 0.24817 freedomratio 0.167047
Iter 10000000 pBad 1.82224e-60 T 2.50001e-13 Obj 1.00876 Rho 0 GRdif 5.11163 success 1211510 failure 4366535 obj_new 1.00876 SA_pAcc 1 Delta 0 SA_r 0.127371 freedomratio 0.16643
Cannot move further
iter 9.46404e+06 obj1.00876 rho 0 GRdif 5.11163
Training:
Lab Growth Rates:
0.25 0.485 0.55 0.46 0.53 0.37 0.59 0.476 0.3 0.54 1.05 0.4 0.4 0.47 0.45 0.65 0.54 0.39 0.4 0.6 1.49 0.46 0.4 0.3 0.54 1.67 0.49 0.65 0.5 0.41 0.36 0.47 0.17 0.47 0.46 0.52 0.59 1.483 0.54 0.42 0.31 0.56 0.46 0.43 0.724 0.54 1.483 0.58 0.3 0.59 0.4 0.58 0.09 0.45 0.5 0.39 0.32 0.6 0.4 0.4 0.45 0.4 0.5 0.53 0.48 0.48 0.65 0.33 0.4 1.345 0.59 0.5 0.4 0.53 0.42 0.31 0.4 0.3 0.23 0.26 0.4 0.33 0.42 0.36 0.47 0.52 0.724 0.52 0.47 0.23 0.5 0.22 0.54 0.43 0.45 0.53 0.27 0.42 0.47 1.345 1.345 1.345 0.724 1.483 0.58 0.1 0.23 0.45 1.248 0.22 0.42 0.49 0.59 0.39 0.59 0.45 0.56 0.901 0.42 0.54 0.45 0.6 1.483 0.55 0.4 0.11 0.1 0.37 0.46 0.56 0.4 0.4 0.45 0.39 0.3 0.4 1.05 0.37 0.39 0.47 0.54 1.483 1.35 0.41 0.4 0.42 0.14 0.32 0.58 0.47 0.46 0.636 0.52 0.301 0.58 0.43 0.56 0.4 0.46 0.55 0.53 0.476 0.58 0.43 0.59 0.25 0.47 0.43 1.46 0.37 0.47 0.54 0.53 0.465 0.4 0.36 0.4 0.47 0.58 0.26 0.5 0.4 0.4 0.27 0.51 0.37 0.301 0.19 0.4 1.43 0.42 0.54 0.45 0.53 0.5 0.34 1.483 1.345 0.37 0.481 0.48 1.46 0.901 0.33 0.4 0.55 0.3 1.248 0.58 0.4 0.59 0.59 0.5 0.45 0.33 0.635 0.65 0.68 0.58 0.42 0.4 0.41 0.38 0.55 0.377 0.58 0.42 0.762 0.762 0.5 0.3 0.4 0.465 0.55 0.46 0.42 1.66 0.2 0.4 0.41 0.41 0.42 0.37 0.56 0.7 0.617 0.5 0.58 0.4 0.33 0.47 0.38 0.52 0.637 0.36 1.483 0.37 0.37 1.345 0.2 0.54 0.5 0.22 0.52 0.5 0.46 0.47 0.5 0.4 0.42 0.38 0.37 0.762 0.45 0.54 0.59 0.41 0.27 0.58 0.19 0.25 0.59 0.485 0.53 0.52 0.65 0.4 0.43 0.48 0.47 0.58 0.4 0.38 0.52 0.635 0.53 0.46 0.25 0.4 0.4 0.51 0.59 0.4 0.4 0.4 0.58 0.53 0.54 0.26 0.648 0.46 0.47 0.4 0.34 0.54 0.48 0.5 1.483 0.59 0.54 0.46 1.483 0.49 0.5 0.5 0.4 0.46 0.71 0.5 0.23 0.4 0.56 0.25 1.483 0.23 0.54 0.7 0.45 0.47 0.55 0.32 0.5 0.23 0.648 0.46 0.7 0.47 0.19 0.11 0.17 0.47 0.5 0.762 0.5 0.36 1.43 0.47 0.56 1.483 1.67 0.25 1.05 1.345 0.56 0.56 0.4 0.4 0.48 1.345 0.33 0.47 0.38 0.56 0.27 0.45 0.09 0.5 0.485 0.68 0.4 0.31 0.4 1.42 0.58 0.27 0.37 0.5 0.54 0.37 0.14 1.05 0.36 0.3 0.34 0.71 0.47 0.22 0.42 0.53 0.4 0.3 0.377 1.44 0.4 0.55 0.42 0.47 1.483 0.65 0.5 1.345 0.53 1.38 1.05 1.4 0.465 0.22 0.47 0.41 0.65 0.43 0.42 0.5 1.248 0.45 1.248 0.58 0.27 0.54 0.5 0.46 0.5 0.56 0.43 0.37 0.39 0.1 0.42 0.53 0.42 0.5 0.52 0.71 0.52 0.485 0.43 0.481 0.56 0.37 0.3 0.54 0.56 0.46 0.2 0.46 0.53 0.23 0.6 1.66 0.4 0.7 0.22 0.48 0.5 0.58 0.41 0.54 0.45 0.58 0.54 0.686 0.901 0.3 1.46 0.5 0.4 0.52 0.5 0.55 0.37 0.4 0.52 0.22 0.59 0.54 0.4 0.1 0.901 0.901 0.3 0.4 0.65 0.54 0.54 0.3 0.45 0.56 0.686 0.25 0.59 0.68 0.09 0.377 0.45 0.637 0.5 0.3 0.56 1.345 1.345 1.345 0.4 0.5 0.56 0.48 0.54 0.4 0.46 0.56 0.22 0.1 0.648 0.5 0.25 0.59 0.46 0.46 0.637 1.248 0.54 0.4 0.43 0.43 0.481 0.56 0.4 0.51 1.03 0.65 0.68 0.36 0.55 0.41 0.55 0.33 0.636 0.37 0.53 0.301 0.58 0.68 0.11 0.4 0.23 0.45 0.47 1.46 0.4 0.58 0.36 0.58 0.45 0.476 0.4 0.17 0.636 0.33 0.4 0.33 0.4 0.55 0.5 0.635 0.54 0.686 0.4 0.901 0.48 0.23 0.36 0.4 0.4 0.1 0.54 0.43 0.46
Dot Production Prediction of Lab Growth Rates:
0.389919 0.568483 0.551434 0.452958 0.44532 0.425841 0.556062 0.571092 0.395356 0.447536 1.04933 0.403018 0.401499 0.372024 0.347309 0.644263 0.411126 0.329605 0.38906 0.309964 1.50903 0.451485 0.393661 0.301233 0.460295 1.45329 0.396536 0.660558 0.364107 0.373572 0.436848 0.423937 0.357546 0.420889 0.467761 0.395904 0.382616 0.745942 0.463408 0.375346 0.497841 0.531396 0.487626 0.400964 0.705755 0.561956 0.756846 0.477109 0.309972 0.544951 0.400536 0.464036 0.385611 1.43699 0.415983 0.342955 0.35369 0.30373 0.399005 0.402745 1.4471 0.400575 0.408296 0.541132 0.353028 0.379687 0.656209 0.471081 0.405489 0.743069 0.549657 0.483858 0.401631 0.372493 0.361306 0.496007 0.403108 0.319334 0.537501 0.373618 0.403139 0.399928 0.534859 0.385878 0.407003 0.401527 0.701662 0.394183 0.388138 0.450983 0.474009 0.465199 0.374353 0.41031 0.405517 0.484408 0.406578 0.384822 0.466688 0.757892 0.776421 0.75914 0.704747 0.733754 0.393944 0.665124 0.451003 0.348539 0.955959 0.460237 0.338057 0.397727 0.557989 0.390857 0.369535 0.421767 0.540845 0.901985 0.373118 0.540473 0.427791 0.309452 0.730099 0.550069 0.400053 0.355629 0.660495 0.339746 0.459112 0.548225 0.406709 0.40253 0.39503 0.361463 0.299459 0.40302 1.05 0.445073 0.359404 0.381479 0.337465 0.717721 1.34999 0.418803 0.4017 0.370315 0.1392 0.377464 0.407796 0.380823 0.490329 0.703023 0.372583 0.567013 0.386566 0.382409 0.550369 0.396635 0.45075 0.547715 0.529491 0.568278 0.353563 0.450916 0.357954 0.383555 0.421601 0.399061 1.24636 0.441967 0.435354 0.408111 0.550883 0.574354 0.402688 0.380339 0.392053 0.413772 0.478048 0.519305 0.535224 0.402242 0.396728 0.336353 0.422048 0.414923 0.566453 0.351639 0.390426 1.43275 0.376843 0.541605 1.47839 0.502807 0.501453 0.348303 0.736706 0.768836 0.440948 0.560817 0.345292 1.00285 0.900976 0.355537 0.400238 0.440442 0.30228 0.965798 0.471623 0.399169 0.550649 0.365794 0.516215 0.386547 0.361705 0.695054 0.638699 0.683347 0.365462 0.360417 0.405932 0.568088 0.363917 0.45423 0.567649 0.483397 0.37214 0.920477 0.91152 0.542461 0.305085 0.405328 0.567601 0.549323 0.421528 0.423219 1.66 0.387716 0.403279 0.394731 0.39718 0.393503 0.412513 0.543925 0.694597 0.617176 0.360391 0.478333 0.401284 0.399715 0.381983 0.347283 0.409102 0.697471 0.369227 0.760128 0.441477 0.44368 0.745808 0.42428 0.383641 0.491917 0.466931 0.370871 0.540509 0.388548 0.447963 0.355764 0.399366 0.344801 0.392254 0.45484 0.92633 1.45612 0.459291 0.408051 0.561194 0.389606 0.479381 0.367385 0.339764 0.344268 0.558835 0.411642 0.391774 0.626728 0.394785 0.39723 0.364421 0.368214 0.33752 0.368139 0.38966 0.3753 0.697985 0.526178 0.327167 1.46262 0.403913 0.398211 0.436843 0.372745 0.402887 0.39492 0.394259 0.476639 0.529908 0.403718 0.456797 0.695101 0.460367 0.4126 0.390177 0.34929 0.417461 0.325126 0.390073 0.74778 0.397565 0.392979 0.393259 0.772986 0.409801 0.561237 0.357775 0.398238 0.35591 0.706925 0.351987 0.536658 0.40463 0.477961 0.57927 0.748516 0.530032 0.455496 0.694999 1.50903 0.389987 0.549632 0.336372 0.378893 0.540418 0.698739 0.334735 0.701661 0.45353 0.351891 0.39537 0.356455 0.466559 0.478847 0.922543 0.481743 0.35041 1.42329 0.387193 0.545302 0.75333 1.42797 0.394037 1.0306 0.763742 0.479546 0.532368 0.401773 0.415939 0.328145 0.77541 0.347334 0.403809 0.347834 0.538294 0.37104 1.43479 0.367271 0.498224 0.56661 0.676295 0.399427 0.494104 0.400667 1.47338 0.391657 0.539062 0.501931 0.364311 0.545106 0.417741 0.140055 1.05155 0.44797 0.300002 0.361271 0.703772 0.404531 0.451713 0.53709 0.318674 0.396835 0.31639 0.567523 1.51714 0.399783 0.458327 0.3707 0.368075 0.731111 0.649445 0.500406 0.749593 0.420511 1.03061 1.23042 1.43045 0.570466 0.464309 0.425696 0.408311 0.651062 0.438633 0.341388 0.393671 0.960454 0.377704 0.953673 0.478936 0.400226 0.412086 0.480635 0.422915 0.475153 0.484841 0.434855 0.451943 0.360598 0.758872 0.52979 0.38773 0.379509 0.507168 0.409602 0.703036 0.400507 0.558009 0.431114 0.559716 0.551897 0.450909 0.285567 0.368744 0.547231 0.46875 0.424312 0.460448 0.537146 0.542195 0.303182 1.6565 0.402442 0.702797 0.40526 0.346526 0.543268 0.481108 0.562676 0.548514 1.48652 0.474698 0.452094 0.705073 0.89895 0.254702 0.993516 0.493728 0.362812 0.405689 0.53492 0.54884 0.443156 0.395194 0.391182 0.387099 0.547613 0.549766 0.389897 0.697621 0.901181 0.909916 0.361973 0.404153 0.651081 0.420161 0.397867 0.321098 0.358522 0.47617 0.701664 0.497349 0.550917 0.683184 0.447601 0.56393 0.376619 0.693348 0.517934 0.42417 0.47524 0.761421 0.735919 0.725784 0.395246 0.471535 0.539922 0.361477 0.423548 0.402191 0.498488 0.546327 0.475588 0.57787 0.690558 0.499728 0.474269 0.348797 0.437889 0.382788 0.698312 0.957991 0.364229 0.399046 0.399012 0.444526 0.56443 0.481013 0.399874 0.414689 1.03001 0.649821 0.679999 0.363504 0.453445 0.347318 0.465034 0.453645 0.706736 0.449312 0.365305 0.565333 0.386909 0.673283 0.397673 0.400545 0.540817 0.357091 0.377284 1.00869 0.397386 0.38032 0.353688 0.473957 0.422535 0.570021 0.38951 0.438939 0.694502 0.395648 0.402067 0.49655 0.40257 0.448833 0.353399 0.695299 0.365334 0.702708 0.405218 0.900825 0.357505 0.452327 0.389516 0.389452 0.402217 1.37163 0.538693 0.428518 0.4666
Testing:
Lab Growth Rates:
0.1 0.1 0.1
Dot Production Prediction of Lab Growth Rates:
0.373732 0.460735 0.464892
Best performance so far: 
Obj: 4.66373e-310Rho: 2.26291e-314Diff: 4.66373e-310
Anneal again with the best G and E so far as input
Cycle 2Round 1
Iter 500000 pBad 0.927975 T 0.0325059 Obj 1.12439 Rho 0 GRdif 68.7049 success 122884 failure 1637 obj_new 1.12439 SA_pAcc 1.01051 Delta -0.494025 SA_r 0.794467 freedomratio 0.290819
Iter 1000000 pBad 0.871883 T 0.00845306 Obj 1.04682 Rho 0 GRdif 26.8154 success 245465 failure 6136 obj_new 1.04682 SA_pAcc 1 Delta -0.707212 SA_r 0.87204 freedomratio 0.294769
Iter 1500000 pBad 0.842779 T 0.00219819 Obj 1.02699 Rho 0 GRdif 15.6066 success 367521 failure 12144 obj_new 1.02699 SA_pAcc 1 Delta 0.0286882 SA_r 0.0384258 freedomratio 0.299744
Iter 2000000 pBad 0.761686 T 0.000571633 Obj 1.01975 Rho 0 GRdif 11.462 success 488093 failure 21483 obj_new 1.01975 SA_pAcc 0.981383 Delta 0.634415 SA_r 0.545857 freedomratio 0.295363
Iter 2500000 pBad 0.673886 T 0.000148651 Obj 1.01477 Rho 0 GRdif 8.59118 success 604591 failure 39239 obj_new 1.01477 SA_pAcc 1.44932 Delta 0.402153 SA_r 0.600821 freedomratio 0.288244
Iter 3000000 pBad 0.462767 T 3.86563e-05 Obj 1.01172 Rho 0 GRdif 6.82628 success 711288 failure 77378 obj_new 1.01172 SA_pAcc 0.758718 Delta 0.393572 SA_r 0.624167 freedomratio 0.294917
Iter 3500000 pBad 0.28572 T 1.00524e-05 Obj 1.0111 Rho 0 GRdif 6.46712 success 801937 failure 148265 obj_new 1.0111 SA_pAcc 1.00279 Delta 0.267475 SA_r 0.228639 freedomratio 0.274859
Iter 4000000 pBad 0.155334 T 2.61411e-06 Obj 1.01042 Rho 0 GRdif 6.07348 success 874508 failure 258465 obj_new 1.01042 SA_pAcc 2.84196 Delta -0.0828181 SA_r 0.0725525 freedomratio 0.266849
Iter 4500000 pBad 0.0750915 T 6.7979e-07 Obj 1.01 Rho 0 GRdif 5.83391 success 925634 failure 421937 obj_new 1.01001 SA_pAcc 1.57762e-05 Delta -0.0148187 SA_r 0.614132 freedomratio 0.238794
Iter 5000000 pBad 0.0389367 T 1.76777e-07 Obj 1.00977 Rho 0 GRdif 5.69998 success 956524 failure 644605 obj_new 1.00977 SA_pAcc 0.00523403 Delta -0.0280831 SA_r 0.227984 freedomratio 0.20936
Iter 5500000 pBad 0.0255921 T 4.59703e-08 Obj 1.00964 Rho 0 GRdif 5.62125 success 975114 failure 910619 obj_new 1.00964 SA_pAcc 0.216222 Delta -0.00371112 SA_r 0.665404 freedomratio 0.197506
Iter 6000000 pBad 0.0154883 T 1.19544e-08 Obj 1.00957 Rho 0 GRdif 5.58273 success 986991 failure 1207430 obj_new 1.00957 SA_pAcc 1 Delta 0.0107405 SA_r 0.484126 freedomratio 0.183412
Iter 6500000 pBad 0.00353777 T 3.10871e-09 Obj 1.00953 Rho 0 GRdif 5.56024 success 994766 failure 1528705 obj_new 1.00953 SA_pAcc 0 Delta 0.00194281 SA_r 0.708197 freedomratio 0.172505
Iter 7000000 pBad 0.0048571 T 8.08411e-10 Obj 1.00951 Rho 0 GRdif 5.67623 success 1000004 failure 1869125 obj_new 1.00973 SA_pAcc 0 Delta 0.00136849 SA_r 0.497883 freedomratio 0.167956
Iter 7500000 pBad 0.00102028 T 2.10225e-10 Obj 1.00949 Rho 0 GRdif 5.53305 success 1005950 failure 2224553 obj_new 1.00949 SA_pAcc 1 Delta 0.000742868 SA_r 0.240831 freedomratio 0.157612
Iter 8000000 pBad 0.000840668 T 5.46683e-11 Obj 1.00948 Rho 0 GRdif 5.52927 success 1009597 failure 2597866 obj_new 1.00948 SA_pAcc 1 Delta 0.000452642 SA_r 0.297576 freedomratio 0.155232
Iter 8500000 pBad 0.000708202 T 1.42163e-11 Obj 1.00947 Rho 0 GRdif 5.52581 success 1014641 failure 2972516 obj_new 1.00947 SA_pAcc 1 Delta 7.80926e-05 SA_r 0.210178 freedomratio 0.152883
Iter 9000000 pBad 0.000177009 T 3.6969e-12 Obj 1.00947 Rho 0 GRdif 5.52331 success 1020713 failure 3360247 obj_new 1.00947 SA_pAcc 1 Delta -6.23909e-05 SA_r 0.520643 freedomratio 0.146281
Iter 9500000 pBad 6.67904e-25 T 9.61368e-13 Obj 1.00947 Rho 0 GRdif 5.52409 success 1024780 failure 3719551 obj_new 1.00947 SA_pAcc 0 Delta -4.39789e-25 SA_r 0.114132 freedomratio 0.14213
Good enough
iter 9.31856e+06 obj1.00947 rho 0 GRdif 5.52264
Training:
Lab Growth Rates:
0.25 0.485 0.55 0.46 0.53 0.37 0.59 0.476 0.3 0.54 1.05 0.4 0.4 0.47 0.45 0.65 0.54 0.39 0.4 0.6 1.49 0.46 0.4 0.3 0.54 1.67 0.49 0.65 0.5 0.41 0.36 0.47 0.17 0.47 0.46 0.52 0.59 1.483 0.54 0.42 0.31 0.56 0.46 0.43 0.724 0.54 1.483 0.58 0.3 0.59 0.4 0.58 0.09 0.45 0.5 0.39 0.32 0.6 0.4 0.4 0.45 0.4 0.5 0.53 0.48 0.48 0.65 0.33 0.4 1.345 0.59 0.5 0.4 0.53 0.42 0.31 0.4 0.3 0.23 0.26 0.4 0.33 0.42 0.36 0.47 0.52 0.724 0.52 0.47 0.23 0.5 0.22 0.54 0.43 0.45 0.53 0.27 0.42 0.47 1.345 1.345 1.345 0.724 1.483 0.58 0.1 0.23 0.45 1.248 0.22 0.42 0.49 0.59 0.39 0.59 0.45 0.56 0.901 0.42 0.54 0.45 0.6 1.483 0.55 0.4 0.11 0.1 0.37 0.46 0.56 0.4 0.4 0.45 0.39 0.3 0.4 1.05 0.37 0.39 0.47 0.54 1.483 1.35 0.41 0.4 0.42 0.14 0.32 0.58 0.47 0.46 0.636 0.52 0.301 0.58 0.43 0.56 0.4 0.46 0.55 0.53 0.476 0.58 0.43 0.59 0.25 0.47 0.43 1.46 0.37 0.47 0.54 0.53 0.465 0.4 0.36 0.4 0.47 0.58 0.26 0.5 0.4 0.4 0.27 0.51 0.37 0.301 0.19 0.4 1.43 0.42 0.54 0.45 0.53 0.5 0.34 1.483 1.345 0.37 0.481 0.48 1.46 0.901 0.33 0.4 0.55 0.3 1.248 0.58 0.4 0.59 0.59 0.5 0.45 0.33 0.635 0.65 0.68 0.58 0.42 0.4 0.41 0.38 0.55 0.377 0.58 0.42 0.762 0.762 0.5 0.3 0.4 0.465 0.55 0.46 0.42 1.66 0.2 0.4 0.41 0.41 0.42 0.37 0.56 0.7 0.617 0.5 0.58 0.4 0.33 0.47 0.38 0.52 0.637 0.36 1.483 0.37 0.37 1.345 0.2 0.54 0.5 0.22 0.52 0.5 0.46 0.47 0.5 0.4 0.42 0.38 0.37 0.762 0.45 0.54 0.59 0.41 0.27 0.58 0.19 0.25 0.59 0.485 0.53 0.52 0.65 0.4 0.43 0.48 0.47 0.58 0.4 0.38 0.52 0.635 0.53 0.46 0.25 0.4 0.4 0.51 0.59 0.4 0.4 0.4 0.58 0.53 0.54 0.26 0.648 0.46 0.47 0.4 0.34 0.54 0.48 0.5 1.483 0.59 0.54 0.46 1.483 0.49 0.5 0.5 0.4 0.46 0.71 0.5 0.23 0.4 0.56 0.25 1.483 0.23 0.54 0.7 0.45 0.47 0.55 0.32 0.5 0.23 0.648 0.46 0.7 0.47 0.19 0.11 0.17 0.47 0.5 0.762 0.5 0.36 1.43 0.47 0.56 1.483 1.67 0.25 1.05 1.345 0.56 0.56 0.4 0.4 0.48 1.345 0.33 0.47 0.38 0.56 0.27 0.45 0.09 0.5 0.485 0.68 0.4 0.31 0.4 1.42 0.58 0.27 0.37 0.5 0.54 0.37 0.14 1.05 0.36 0.3 0.34 0.71 0.47 0.22 0.42 0.53 0.4 0.3 0.377 1.44 0.4 0.55 0.42 0.47 1.483 0.65 0.5 1.345 0.53 1.38 1.05 1.4 0.465 0.22 0.47 0.41 0.65 0.43 0.42 0.5 1.248 0.45 1.248 0.58 0.27 0.54 0.5 0.46 0.5 0.56 0.43 0.37 0.39 0.1 0.42 0.53 0.42 0.5 0.52 0.71 0.52 0.485 0.43 0.481 0.56 0.37 0.3 0.54 0.56 0.46 0.2 0.46 0.53 0.23 0.6 1.66 0.4 0.7 0.22 0.48 0.5 0.58 0.41 0.54 0.45 0.58 0.54 0.686 0.901 0.3 1.46 0.5 0.4 0.52 0.5 0.55 0.37 0.4 0.52 0.22 0.59 0.54 0.4 0.1 0.901 0.901 0.3 0.4 0.65 0.54 0.54 0.3 0.45 0.56 0.686 0.25 0.59 0.68 0.09 0.377 0.45 0.637 0.5 0.3 0.56 1.345 1.345 1.345 0.4 0.5 0.56 0.48 0.54 0.4 0.46 0.56 0.22 0.1 0.648 0.5 0.25 0.59 0.46 0.46 0.637 1.248 0.54 0.4 0.43 0.43 0.481 0.56 0.4 0.51 1.03 0.65 0.68 0.36 0.55 0.41 0.55 0.33 0.636 0.37 0.53 0.301 0.58 0.68 0.11 0.4 0.23 0.45 0.47 1.46 0.4 0.58 0.36 0.58 0.45 0.476 0.4 0.17 0.636 0.33 0.4 0.33 0.4 0.55 0.5 0.635 0.54 0.686 0.4 0.901 0.48 0.23 0.36 0.4 0.4 0.1 0.54 0.43 0.46
Dot Production Prediction of Lab Growth Rates:
0.386872 0.706615 0.554369 0.43507 0.444437 0.434469 0.551082 0.714469 0.406102 0.444688 1.04768 0.403936 0.403994 0.389458 0.358955 0.641319 0.413285 0.343238 0.398663 0.311868 1.5111 0.450651 0.398093 0.304809 0.453332 1.45368 0.402361 0.661723 0.37641 0.382493 0.424996 0.40168 0.363893 0.404935 0.469741 0.409407 0.366875 0.68219 0.451062 0.375035 0.498226 0.531105 0.470822 0.406312 0.715017 0.547099 0.704567 0.476513 0.310957 0.550662 0.40365 0.464571 0.400944 1.41806 0.411172 0.361416 0.365572 0.308682 0.404633 0.405936 1.43158 0.403751 0.421677 0.542082 0.357954 0.386607 0.666227 0.46198 0.404754 0.69036 0.551297 0.485086 0.405061 0.389222 0.375832 0.493125 0.404957 0.319032 0.536746 0.385507 0.40459 0.406513 0.499053 0.388172 0.405143 0.393522 0.714807 0.400767 0.395204 0.452393 0.48256 0.467819 0.389207 0.396592 0.397502 0.461842 0.400931 0.386838 0.448475 0.692764 0.709565 0.691502 0.714008 0.686792 0.399985 1.534 0.452952 0.365666 0.928682 0.468505 0.346017 0.394331 0.547473 0.39029 0.361293 0.408863 0.537632 0.90666 0.378148 0.545105 0.42568 0.309657 0.681433 0.547108 0.403203 0.371668 1.5275 0.345512 0.460113 0.543511 0.406514 0.403206 0.407803 0.375268 0.303965 0.403506 1.05688 0.450949 0.360535 0.393984 0.342579 0.676582 1.36015 0.415947 0.403992 0.375107 0.139934 0.374787 0.417867 0.370093 0.482033 0.712485 0.374851 0.711594 0.403329 0.394551 0.541684 0.402834 0.437415 0.549134 0.528362 0.712222 0.368834 0.437469 0.36267 0.381976 0.420829 0.391396 1.29335 0.4487 0.43589 0.396994 0.551261 0.710047 0.404892 0.388572 0.401547 0.411255 0.477852 0.491224 0.534461 0.404676 0.400414 0.344056 0.432132 0.41904 0.711488 0.371346 0.398036 1.44086 0.376035 0.544714 1.44954 0.48163 0.5 0.345394 0.688965 0.709151 0.447494 0.702217 0.36163 1.01848 0.906422 0.358772 0.403939 0.44634 0.302469 0.938686 0.474345 0.402739 0.551398 0.363891 0.52404 0.38972 0.361136 0.707404 0.640273 0.687546 0.373402 0.361047 0.405757 0.711903 0.364437 0.452736 0.707853 0.479686 0.375175 0.912907 0.90756 0.538631 0.304461 0.40599 0.708058 0.550462 0.420641 0.420231 1.67192 0.388282 0.404627 0.400227 0.399592 0.398144 0.41492 0.542201 0.703914 0.622048 0.375068 0.478153 0.404201 0.402078 0.387231 0.35734 0.396924 0.705243 0.380383 0.695318 0.442329 0.441838 0.691297 0.409326 0.39945 0.487325 0.470942 0.374494 0.539985 0.400311 0.441347 0.367504 0.402411 0.358653 0.395012 0.456819 0.917423 1.42071 0.451629 0.391778 0.699077 0.401978 0.477743 0.382323 0.353468 0.360638 0.70302 0.419486 0.390072 0.634161 0.40066 0.401931 0.374413 0.379723 0.356349 0.364185 0.391344 0.388731 0.705194 0.534648 0.339552 1.4692 0.404787 0.403098 0.441522 0.363271 0.403161 0.401767 0.399881 0.479563 0.533691 0.395014 0.443814 0.707126 0.465019 0.397002 0.39652 0.353888 0.406991 0.336318 0.40947 0.69124 0.384941 0.400744 0.402738 0.695369 0.415834 0.54189 0.363935 0.402619 0.368983 0.712322 0.363312 0.531389 0.404618 0.483954 0.535495 0.687684 0.526565 0.450026 0.704844 1.5111 0.391157 0.553255 0.346149 0.403222 0.532989 0.706313 0.349558 0.704958 0.441124 0.370657 0.403273 0.363455 0.446992 0.480436 0.923297 0.444305 0.368368 1.42761 0.393931 0.535288 0.691803 1.51423 0.386531 1.01726 0.694594 0.476897 0.5327 0.404853 0.409899 0.351316 0.705148 0.366677 0.397177 0.3517 0.532895 0.377574 1.43023 0.376316 0.516349 0.702978 0.681567 0.403239 0.488933 0.403816 1.47246 0.396522 0.518506 0.496958 0.379808 0.54311 0.412118 0.140803 1.05779 0.432861 0.303325 0.366306 0.712515 0.406933 0.440169 0.508159 0.328628 0.401722 0.308643 0.708265 1.50197 0.404146 0.455033 0.375194 0.376305 0.676798 0.6633 0.511975 0.686242 0.422432 1.01124 1.32158 1.51747 0.707137 0.47101 0.407817 0.418007 0.65532 0.431094 0.349974 0.402992 0.932419 0.381428 0.932658 0.477767 0.401436 0.408194 0.480244 0.421173 0.476861 0.477805 0.426696 0.455412 0.370652 1.77084 0.501117 0.398792 0.376787 0.505106 0.413939 0.711389 0.403052 0.701405 0.420844 0.704323 0.544627 0.454965 0.283892 0.363207 0.543278 0.459698 0.405017 0.462888 0.533813 0.538314 0.308436 1.66891 0.403776 0.707203 0.417418 0.351088 0.544337 0.480904 0.708852 0.538048 1.50356 0.480203 0.450066 0.715076 0.902594 0.266995 1.00697 0.504265 0.362999 0.418054 0.533545 0.54644 0.442063 0.399956 0.402472 0.386901 0.54927 0.553468 0.398654 1.59711 0.906199 0.906372 0.376006 0.403507 0.653764 0.417377 0.397813 0.320663 0.366897 0.478006 0.714571 0.478981 0.551086 0.683847 0.450284 0.707075 0.385709 0.706165 0.516628 0.426343 0.476344 0.686916 0.680023 0.679153 0.401245 0.47388 0.535078 0.381454 0.415166 0.404853 0.488526 0.543337 0.47025 0.532812 0.704881 0.505137 0.469248 0.351028 0.427863 0.386888 0.709066 0.930872 0.364417 0.40306 0.404602 0.439752 0.702904 0.474991 0.401432 0.41852 1.03708 0.654584 0.687353 0.369711 0.457922 0.352735 0.455532 0.43855 0.71397 0.441433 0.368902 0.715488 0.392136 0.680412 0.415896 0.403627 0.539711 0.370166 0.389694 1.02274 0.402935 0.386915 0.372624 0.475164 0.418536 0.711534 0.396769 0.434718 0.699249 0.390381 0.404569 0.473891 0.405883 0.459428 0.372383 0.703383 0.374188 0.713169 0.405739 0.906184 0.37881 0.450264 0.390379 0.398724 0.404896 1.37703 0.539813 0.424882 0.469481
Testing:
Lab Growth Rates:
0.1 0.1 0.1
Dot Production Prediction of Lab Growth Rates:
0.384658 0.438328 0.44353
Best performance so far: 
Obj: 4.66373e-310Rho: 4.24399e-314Diff: 4.66373e-310
Test:
 Lab Growth Rates:
0.1 0.1 0.1Dot Product Prediction of Growth Rate:
0.3846582 0.4383283 0.4435304