seed =  5 traits =  1 
Training: part  19 
Training: part  19 
Round  1 
 Goal of obj  0.99 
Temperature range:  0.125 1e-12 
Cycle 1Round 1
Iter 500000 pBad 0.929753 T 0.034839 Obj 1.08479 Rho 0 GRdif 47.8576 success 148175 failure 1705 obj_new 1.08479 SA_pAcc 0.99322 Delta -0.405823 SA_r 0.234324 freedomratio 0.370044
Iter 1000000 pBad 0.892893 T 0.00971002 Obj 1.04254 Rho 0 GRdif 24.4957 success 294774 failure 6012 obj_new 1.04254 SA_pAcc 0.984663 Delta -0.619385 SA_r 0.936656 freedomratio 0.368883
Iter 1500000 pBad 0.828555 T 0.00270629 Obj 1.04542 Rho 0 GRdif 26.1172 success 441133 failure 12247 obj_new 1.04542 SA_pAcc 1 Delta 0 SA_r 0.223861 freedomratio 0.373571
Iter 2000000 pBad 0.780662 T 0.000754274 Obj 1.02216 Rho 0 GRdif 12.8896 success 586814 failure 21159 obj_new 1.02216 SA_pAcc 1 Delta -0.310421 SA_r 0.271308 freedomratio 0.358537
Iter 2500000 pBad 0.708007 T 0.000210225 Obj 1.0131 Rho 0 GRdif 7.652 success 728551 failure 36864 obj_new 1.0131 SA_pAcc 1 Delta 0.273823 SA_r 0.228181 freedomratio 0.368421
Iter 3000000 pBad 0.545722 T 5.8592e-05 Obj 1.01145 Rho 0 GRdif 6.72439 success 863629 failure 66899 obj_new 1.0115 SA_pAcc 0.429875 Delta -0.263174 SA_r 0.512165 freedomratio 0.375959
Iter 3500000 pBad 0.358484 T 1.63302e-05 Obj 1.01072 Rho 0 GRdif 6.27096 success 983430 failure 127655 obj_new 1.01072 SA_pAcc 1 Delta 0.292727 SA_r 0.589855 freedomratio 0.359633
Iter 4000000 pBad 0.217986 T 4.55142e-06 Obj 1.00997 Rho 0 GRdif 5.83476 success 1082401 failure 230289 obj_new 1.00997 SA_pAcc 1 Delta -0.121726 SA_r 0.867991 freedomratio 0.339296
Iter 4500000 pBad 0.0947756 T 1.26853e-06 Obj 1.00934 Rho 0 GRdif 5.4685 success 1155969 failure 388489 obj_new 1.00934 SA_pAcc 2.66589 Delta -0.0859883 SA_r 0.76102 freedomratio 0.292247
Iter 5000000 pBad 0.0588977 T 3.53554e-07 Obj 1.00902 Rho 0 GRdif 5.32835 success 1201142 failure 615348 obj_new 1.0091 SA_pAcc 1.77352e-105 Delta -0.0383304 SA_r 0.145927 freedomratio 0.263795
Iter 5500000 pBad 0.0205444 T 9.85396e-08 Obj 1.00878 Rho 0 GRdif 5.13996 success 1228687 failure 894986 obj_new 1.00878 SA_pAcc 0.670538 Delta -0.00197809 SA_r 0.367834 freedomratio 0.23177
Iter 6000000 pBad 0.0138135 T 2.74641e-08 Obj 1.00866 Rho 0 GRdif 5.07629 success 1245662 failure 1213058 obj_new 1.00867 SA_pAcc 4.44032e-240 Delta -0.0118801 SA_r 0.984078 freedomratio 0.212581
Iter 6500000 pBad 0.00571903 T 7.65455e-09 Obj 1.00861 Rho 0 GRdif 5.0584 success 1254730 failure 1561643 obj_new 1.00864 SA_pAcc 0 Delta 0.00527093 SA_r 0.324316 freedomratio 0.203179
Iter 7000000 pBad 0.00418704 T 2.13341e-09 Obj 1.00858 Rho 0 GRdif 5.02563 success 1260837 failure 1923929 obj_new 1.00858 SA_pAcc 1 Delta 0.00231378 SA_r 0.957033 freedomratio 0.198113
Iter 7500000 pBad 0.00172891 T 5.94605e-10 Obj 1.00856 Rho 0 GRdif 5.02757 success 1265783 failure 2296252 obj_new 1.00859 SA_pAcc 0 Delta -0.00073484 SA_r 0.700834 freedomratio 0.192471
Iter 8000000 pBad 0.00241341 T 1.65723e-10 Obj 1.00854 Rho 0 GRdif 5.00332 success 1270656 failure 2679398 obj_new 1.00855 SA_pAcc 0 Delta -0.00222845 SA_r 0.81008 freedomratio 0.186963
Iter 8500000 pBad 0.00167645 T 4.61889e-11 Obj 1.00854 Rho 0 GRdif 4.9984 success 1272914 failure 3072458 obj_new 1.00854 SA_pAcc 1 Delta -6.60877e-05 SA_r 0.803987 freedomratio 0.183064
Iter 9000000 pBad 0.000495108 T 1.28734e-11 Obj 1.00853 Rho 0 GRdif 4.99295 success 1278984 failure 3480127 obj_new 1.00853 SA_pAcc 0 Delta -0.000114372 SA_r 0.0763131 freedomratio 0.170831
Iter 9500000 pBad 1.32016e-38 T 3.58795e-12 Obj 1.00853 Rho 0 GRdif 4.9916 success 1283384 failure 3860971 obj_new 1.00853 SA_pAcc 1 Delta 0 SA_r 0.212375 freedomratio 0.16388
Iter 10000000 pBad 1.30043e-48 T 1e-12 Obj 1.00853 Rho 0 GRdif 4.99395 success 1283384 failure 4203982 obj_new 1.00853 SA_pAcc 0 Delta 0 SA_r 0.00189886 freedomratio 0.160349
Cannot move further
iter 9.44934e+06 obj1.00853 rho 0 GRdif 4.9916
Training:
Lab Growth Rates:
0.68 0.59 0.47 0.1 0.301 0.53 0.71 0.37 0.5 0.47 0.17 0.6 0.635 0.36 0.39 0.53 0.56 0.5 0.5 0.5 0.4 0.724 0.3 0.55 0.25 0.42 1.345 0.901 0.53 0.686 0.59 0.54 0.3 0.5 0.5 0.7 0.5 1.483 0.53 0.37 0.58 0.5 0.23 0.43 0.65 0.46 0.52 1.248 0.4 0.52 0.42 0.4 0.54 0.54 0.36 0.22 0.33 0.42 0.39 1.05 0.58 0.4 0.52 1.483 0.648 0.42 0.47 0.1 0.45 1.483 0.55 0.52 0.59 1.66 0.33 0.46 0.5 0.5 0.485 0.31 0.4 0.53 0.19 0.54 0.25 0.22 0.4 1.43 1.49 0.54 0.59 0.4 1.05 0.59 0.25 0.56 0.42 0.5 0.23 0.46 0.5 0.56 0.5 0.45 0.43 0.53 0.54 0.4 1.483 0.686 0.09 0.26 0.65 0.42 0.49 0.37 0.59 0.47 0.48 0.34 1.345 0.54 0.54 0.45 0.465 0.762 0.3 0.4 0.5 1.42 0.55 0.46 0.45 0.4 0.4 0.41 0.1 0.901 0.47 0.46 0.48 0.47 1.44 0.481 0.47 0.54 0.51 0.37 0.45 0.27 0.34 0.4 0.58 0.39 0.485 0.46 0.4 0.43 1.345 0.648 0.52 0.37 0.46 0.2 0.52 0.58 0.42 0.43 1.345 0.56 0.46 0.3 0.54 0.56 0.637 0.33 0.4 0.38 0.45 0.43 0.38 0.38 0.4 0.4 0.59 0.53 0.56 0.4 0.481 1.38 0.23 0.56 0.37 0.42 0.54 0.4 0.4 0.32 0.1 0.25 0.42 0.68 0.58 0.3 0.4 0.5 1.248 1.483 0.4 1.46 0.58 0.14 0.41 0.3 0.42 0.65 1.66 0.4 0.37 0.46 0.41 0.54 1.248 0.53 0.4 0.476 0.56 0.25 1.345 0.23 0.65 0.47 0.4 1.345 0.53 0.52 0.59 0.4 0.33 0.52 0.4 0.58 0.46 0.47 0.54 0.26 0.47 0.45 0.47 0.39 0.636 0.59 0.5 0.23 0.52 0.4 0.11 0.762 0.48 0.59 0.45 0.36 0.4 1.05 0.4 0.4 0.46 0.53 0.5 0.55 0.43 0.4 0.1 0.637 0.59 0.51 0.3 0.56 0.54 1.46 0.42 0.3 0.2 0.5 0.33 0.45 0.47 0.53 0.41 0.54 0.46 0.4 0.43 0.301 0.3 0.47 0.4 0.4 0.54 0.17 0.55 0.54 0.58 0.485 0.47 0.42 0.59 0.47 1.248 0.635 0.1 0.4 0.5 0.4 0.4 0.43 0.4 0.52 1.483 0.724 0.54 0.901 0.33 0.58 0.4 0.59 0.5 0.4 0.4 1.03 0.54 0.5 0.56 1.46 0.45 0.56 0.4 0.49 0.58 1.345 0.36 0.19 0.476 0.43 0.5 1.43 0.1 0.39 0.58 0.3 0.47 0.377 0.37 0.1 0.37 0.4 0.6 0.68 0.4 0.3 0.65 0.48 0.4 0.39 0.5 0.32 0.68 0.31 0.37 0.485 0.65 0.59 0.45 0.901 0.648 0.56 0.41 0.17 0.3 0.4 0.23 0.37 1.345 0.46 0.43 0.37 0.5 0.5 0.38 0.4 0.5 1.483 0.43 0.47 0.46 0.52 0.6 0.47 1.35 0.54 0.55 0.686 0.4 0.635 0.45 0.23 0.53 0.27 0.37 0.48 0.25 0.762 0.47 0.14 0.22 1.67 0.25 0.46 0.4 0.36 0.54 0.4 0.65 0.41 0.55 0.27 1.05 0.25 0.45 0.377 0.19 0.56 0.47 0.6 0.58 0.46 0.48 0.68 0.56 0.34 0.4 0.47 0.54 0.48 0.41 1.4 0.32 0.2 0.65 0.36 0.56 0.22 0.54 0.27 0.42 0.637 0.5 0.55 0.47 0.71 0.54 0.4 0.22 0.46 0.53 0.56 1.46 0.7 0.42 0.53 0.56 1.345 1.345 0.4 0.47 0.55 0.45 0.37 0.636 0.09 0.54 0.56 0.48 0.58 0.71 0.38 0.42 0.59 0.22 1.483 0.45 0.724 0.52 0.4 0.42 0.465 0.55 0.47 0.4 0.11 0.33 0.37 0.37 0.31 1.483 0.49 0.45 0.54 0.5 1.345 0.41 0.58 0.33 1.483 0.5 0.59 0.481 0.36 0.36 1.248 0.46 0.11 0.46 0.23 1.483 0.5 0.58 0.5 0.5 0.1 0.27 0.7 0.617 0.55 0.4 0.58 1.345 0.45 0.636 0.09 0.5 0.4 0.3 1.05 0.4 0.4 0.7 0.46 0.65 0.58 0.762 0.4 0.301 0.4 0.58 0.5 0.54 0.476 0.3 0.54 0.42 0.901 0.4 0.58 0.53 0.26 0.23 0.58 0.48 0.58 0.27 0.45 1.67 0.465 0.22 0.41 0.43 1.483 0.55 0.22 0.46 0.36 0.42 0.377 0.33 0.901 0.51 0.4
Dot Production Prediction of Lab Growth Rates:
0.68726 0.35282 0.395082 0.710236 0.623596 0.408929 0.703953 0.430116 0.413292 0.40509 0.424187 0.305878 0.702195 0.372416 0.362471 0.529383 0.542779 0.493313 0.379557 0.388699 0.398137 0.710067 0.304515 0.457506 0.401969 0.530553 0.812064 0.90933 0.534444 0.713356 0.54398 0.428384 0.300123 0.372583 0.497315 0.696269 0.369068 0.809987 0.469826 0.427606 0.490017 0.522452 0.534771 0.419881 0.635693 0.367297 0.377151 0.928074 0.400962 0.413521 0.354346 0.402694 0.389706 0.378872 0.409111 0.366165 0.483708 0.386959 0.356351 1.01769 0.480485 0.40133 0.430206 0.80852 0.704619 0.406471 0.389279 0.75977 0.387918 0.784134 0.542223 0.385168 0.556679 1.66 0.362723 0.420285 0.499096 0.471263 0.628244 0.503432 0.404978 0.390687 0.381186 0.401339 0.60333 0.479462 0.401146 1.42386 1.50976 0.395472 0.378236 0.404574 1.30821 0.388521 0.509592 0.484087 0.353232 0.524067 0.526319 0.38268 0.471334 0.531698 0.491414 0.363885 0.395762 0.342007 0.458651 0.393865 0.772011 0.712648 0.38374 0.378108 0.651687 0.366619 0.402028 0.342397 0.359516 0.358208 0.354944 0.364045 0.814242 0.391713 0.418266 0.408135 0.630522 0.874205 0.306355 0.402907 0.367449 1.48578 0.545871 0.439909 0.37712 0.401841 0.396029 0.3924 0.446074 0.901245 0.407013 0.484771 0.378225 0.381141 1.49352 0.618244 0.383377 0.534326 0.435332 0.404453 0.391855 0.397187 0.34199 0.399895 0.392212 0.357353 0.612073 0.46002 0.405701 0.413058 0.765948 0.70927 0.393529 0.441926 0.380657 0.411369 0.400014 0.473292 0.534198 0.3929 0.796723 0.534096 0.475912 0.305184 0.398914 0.539031 0.70813 0.401649 0.402052 0.353799 1.43746 0.376318 0.365033 0.388492 0.405207 0.400229 0.354369 0.528458 0.546457 0.396974 0.618291 1.0187 0.440768 0.529347 0.418146 0.368174 0.535937 0.393617 0.403423 0.356236 0.383436 0.397517 0.383973 0.683904 0.480484 0.294181 0.400723 0.395886 0.937637 0.79386 0.402112 1.00925 0.475595 0.140069 0.412435 0.318515 0.371147 0.642286 1.65783 0.398325 0.432537 0.454947 0.619015 0.461573 0.933231 0.426083 0.392019 0.630433 0.492472 0.363244 0.809883 0.531655 0.640151 0.420032 0.393803 0.813112 0.362936 0.399034 0.548557 0.40233 0.392681 0.415847 0.399346 0.40597 0.459913 0.415622 0.543811 0.443208 0.404867 0.412296 0.404427 0.3695 0.703575 0.352666 0.500228 0.523873 0.407548 0.400515 0.376051 0.881591 0.375963 0.554715 1.43066 0.402317 0.398118 1.05005 0.402594 0.405306 0.415939 0.539905 0.536901 0.567128 0.446917 0.402014 1.36316 0.710236 0.350058 0.415999 0.409791 0.548182 0.543907 1.00752 0.387933 0.425493 0.421753 0.500675 0.42997 1.49715 0.389211 0.530094 0.619035 0.376112 0.344552 0.398479 0.452683 0.624672 0.263626 0.456301 0.402195 0.401218 0.460643 0.370708 0.45664 0.396371 0.378035 0.625313 0.389318 0.39385 0.543973 0.40929 0.92974 0.699207 0.854696 0.401917 0.502668 0.391894 0.400647 0.392217 0.381501 0.375578 0.766637 0.71005 0.540648 0.86877 0.34913 0.464468 0.400232 0.552681 0.484204 0.400566 0.39572 1.03 0.407262 0.363932 0.544748 1.27266 0.396827 0.500248 0.400404 0.417467 0.404764 0.79155 0.418677 0.388716 0.635238 0.435888 0.478922 1.43062 0.577909 0.347392 0.49056 0.299996 0.472122 0.618008 0.430644 0.695608 0.429835 0.401252 0.310622 0.671651 0.402334 0.320494 0.649809 0.378164 0.401705 0.353995 0.544847 0.37574 0.677316 0.488814 0.425391 0.611187 0.648008 0.377576 0.375017 0.902006 0.707769 0.476634 0.360203 0.36482 0.300404 0.401295 0.440416 0.429081 0.753001 0.490844 0.426254 0.443592 0.377992 0.517115 0.36178 0.393002 0.366996 0.750916 0.381542 0.409964 0.468808 0.422356 0.307356 0.396653 1.34999 0.38313 0.560131 0.711888 0.420886 0.703278 0.387489 0.441779 0.387383 0.382228 0.420058 0.352728 0.487508 0.856252 0.468945 0.139971 0.402317 1.43845 0.399402 0.36712 0.400163 0.365774 0.534347 0.396618 0.654323 0.371494 0.455835 0.559274 1.04898 1.48999 0.410433 0.618355 0.368628 0.476334 0.409506 0.313875 0.475004 0.467776 0.346076 0.680003 0.532401 0.369546 0.390659 0.390696 0.474935 0.350851 0.396405 1.4413 0.371953 0.401515 0.650282 0.370895 0.546564 0.418986 0.36719 0.391186 0.400858 0.703278 0.485871 0.56366 0.453952 0.707702 0.464884 0.402559 0.468758 0.351327 0.504944 0.540497 0.974463 0.700551 0.545081 0.364033 0.475756 0.837078 0.825739 0.403147 0.39088 0.440035 1.426 0.43069 0.711086 0.36369 0.465698 0.544927 0.357161 0.474509 0.703558 0.396108 0.391418 0.550115 0.46836 0.787975 0.366386 0.713676 0.381329 0.396961 0.395831 0.631221 0.541811 0.436316 0.400074 0.400667 0.398598 0.512989 0.44798 0.484873 0.742497 0.406771 0.415958 0.54858 0.544431 0.755279 0.617565 0.348614 0.358733 0.773925 0.502377 0.347423 0.624116 0.372728 0.399533 0.927176 0.470636 0.388577 0.43732 0.526968 0.8068 0.35835 0.370424 0.529478 0.478572 0.457359 0.338156 0.699851 0.616945 0.465822 0.401395 0.497144 0.794441 1.45103 0.711176 0.426717 0.498071 0.400614 0.375771 1.05 0.3938 0.393564 0.700857 0.42569 0.656185 0.48859 0.87084 0.395975 0.630487 0.39836 0.355749 0.392287 0.41201 0.638414 0.295026 0.33216 0.378608 0.899775 0.40036 0.387462 0.555475 0.49957 0.534652 0.47626 0.381773 0.392182 0.393264 1.54424 1.48599 0.635155 0.470544 0.374869 0.433756 0.79033 0.456803 0.478908 0.405735 0.384147 0.352283 0.617378 0.443516 0.900946 0.41101 0.378966
Testing:
Lab Growth Rates:
0.45
Dot Production Prediction of Lab Growth Rates:
1.50976
Best performance so far: 
Obj: 4.63737e-310Rho: 2.26291e-314Diff: 4.63737e-310
Anneal again with the best G and E so far as input
Cycle 2Round 1
Iter 500000 pBad 0.940583 T 0.034839 Obj 1.13301 Rho 0 GRdif 73.4289 success 124570 failure 1483 obj_new 1.13301 SA_pAcc 0.996766 Delta 0.536158 SA_r 0.954404 freedomratio 0.299847
Iter 1000000 pBad 0.87535 T 0.00971002 Obj 1.04774 Rho 0 GRdif 27.4235 success 249678 failure 5383 obj_new 1.04774 SA_pAcc 0.991007 Delta -0.505012 SA_r 0.758666 freedomratio 0.305455
Iter 1500000 pBad 0.82116 T 0.00270629 Obj 1.02628 Rho 0 GRdif 15.2547 success 374008 failure 11750 obj_new 1.02628 SA_pAcc 1 Delta -0.271065 SA_r 0.370151 freedomratio 0.301693
Iter 2000000 pBad 0.78926 T 0.000754274 Obj 1.01817 Rho 0 GRdif 10.586 success 497292 failure 20755 obj_new 1.01817 SA_pAcc 0.952674 Delta 0.0913159 SA_r 0.875754 freedomratio 0.306889
Iter 2500000 pBad 0.664554 T 0.000210225 Obj 1.01631 Rho 0 GRdif 9.51513 success 617267 failure 37053 obj_new 1.01631 SA_pAcc 1 Delta -0.605872 SA_r 0.227003 freedomratio 0.30419
Iter 3000000 pBad 0.545981 T 5.8592e-05 Obj 1.01285 Rho 0 GRdif 7.50949 success 729373 failure 68395 obj_new 1.01285 SA_pAcc 1.3654 Delta -0.331657 SA_r 0.985999 freedomratio 0.302625
Iter 3500000 pBad 0.376637 T 1.63302e-05 Obj 1.01186 Rho 0 GRdif 6.94388 success 829272 failure 125745 obj_new 1.01188 SA_pAcc 0.311989 Delta -0.364659 SA_r 0.695166 freedomratio 0.294147
Iter 4000000 pBad 0.22094 T 4.55142e-06 Obj 1.01073 Rho 0 GRdif 6.2731 success 916307 failure 210500 obj_new 1.01073 SA_pAcc 1 Delta -0.165113 SA_r 0.492966 freedomratio 0.286689
Iter 4500000 pBad 0.102136 T 1.26853e-06 Obj 1.01003 Rho 0 GRdif 5.87737 success 980657 failure 346804 obj_new 1.01005 SA_pAcc 0.000224312 Delta 0.0464203 SA_r 0.00128268 freedomratio 0.252686
Iter 5000000 pBad 0.0589107 T 3.53554e-07 Obj 1.00987 Rho 0 GRdif 5.77449 success 1019894 failure 548247 obj_new 1.00987 SA_pAcc 1 Delta 0.0566567 SA_r 0.508877 freedomratio 0.222138
Iter 5500000 pBad 0.0244148 T 9.85396e-08 Obj 1.00957 Rho 0 GRdif 5.6177 success 1044508 failure 797651 obj_new 1.0096 SA_pAcc 3.04563e-143 Delta -0.01994 SA_r 0.18385 freedomratio 0.203672
Iter 6000000 pBad 0.0114021 T 2.74641e-08 Obj 1.00946 Rho 0 GRdif 5.59642 success 1058415 failure 1087622 obj_new 1.00956 SA_pAcc 0 Delta -0.0105955 SA_r 0.745227 freedomratio 0.190847
Iter 6500000 pBad 0.00751188 T 7.65455e-09 Obj 1.00941 Rho 0 GRdif 5.50479 success 1066267 failure 1403561 obj_new 1.00941 SA_pAcc 1 Delta -0.000287 SA_r 0.345108 freedomratio 0.183922
Iter 7000000 pBad 0.00248861 T 2.13341e-09 Obj 1.00938 Rho 0 GRdif 5.48995 success 1070519 failure 1735333 obj_new 1.00938 SA_pAcc 1 Delta 0.00151234 SA_r 0.217843 freedomratio 0.178778
Iter 7500000 pBad 0.0022699 T 5.94605e-10 Obj 1.00936 Rho 0 GRdif 5.49609 success 1073092 failure 2076485 obj_new 1.00939 SA_pAcc 0 Delta 0.00171384 SA_r 0.351063 freedomratio 0.176101
Iter 8000000 pBad 0.00111994 T 1.65723e-10 Obj 1.00935 Rho 0 GRdif 5.47216 success 1075319 failure 2423541 obj_new 1.00935 SA_pAcc 1 Delta 0.00112726 SA_r 0.603494 freedomratio 0.173605
Iter 8500000 pBad 0.000361432 T 4.61889e-11 Obj 1.00934 Rho 0 GRdif 5.46419 success 1077768 failure 2778377 obj_new 1.00934 SA_pAcc 7.16385e-87 Delta -0.000288851 SA_r 0.726541 freedomratio 0.168048
Iter 9000000 pBad 0.00177546 T 1.28734e-11 Obj 1.00933 Rho 0 GRdif 5.46049 success 1079165 failure 3140935 obj_new 1.00933 SA_pAcc 0 Delta 0.00155281 SA_r 0.845666 freedomratio 0.166572
Iter 9500000 pBad 0.000209224 T 3.58795e-12 Obj 1.00933 Rho 0 GRdif 5.46473 success 1081953 failure 3509006 obj_new 1.00934 SA_pAcc 0 Delta 0.000109237 SA_r 0.0296086 freedomratio 0.161008
Good enough
iter 9.98805e+06 obj1.00933 rho 0 GRdif 5.45781
Training:
Lab Growth Rates:
0.68 0.59 0.47 0.1 0.301 0.53 0.71 0.37 0.5 0.47 0.17 0.6 0.635 0.36 0.39 0.53 0.56 0.5 0.5 0.5 0.4 0.724 0.3 0.55 0.25 0.42 1.345 0.901 0.53 0.686 0.59 0.54 0.3 0.5 0.5 0.7 0.5 1.483 0.53 0.37 0.58 0.5 0.23 0.43 0.65 0.46 0.52 1.248 0.4 0.52 0.42 0.4 0.54 0.54 0.36 0.22 0.33 0.42 0.39 1.05 0.58 0.4 0.52 1.483 0.648 0.42 0.47 0.1 0.45 1.483 0.55 0.52 0.59 1.66 0.33 0.46 0.5 0.5 0.485 0.31 0.4 0.53 0.19 0.54 0.25 0.22 0.4 1.43 1.49 0.54 0.59 0.4 1.05 0.59 0.25 0.56 0.42 0.5 0.23 0.46 0.5 0.56 0.5 0.45 0.43 0.53 0.54 0.4 1.483 0.686 0.09 0.26 0.65 0.42 0.49 0.37 0.59 0.47 0.48 0.34 1.345 0.54 0.54 0.45 0.465 0.762 0.3 0.4 0.5 1.42 0.55 0.46 0.45 0.4 0.4 0.41 0.1 0.901 0.47 0.46 0.48 0.47 1.44 0.481 0.47 0.54 0.51 0.37 0.45 0.27 0.34 0.4 0.58 0.39 0.485 0.46 0.4 0.43 1.345 0.648 0.52 0.37 0.46 0.2 0.52 0.58 0.42 0.43 1.345 0.56 0.46 0.3 0.54 0.56 0.637 0.33 0.4 0.38 0.45 0.43 0.38 0.38 0.4 0.4 0.59 0.53 0.56 0.4 0.481 1.38 0.23 0.56 0.37 0.42 0.54 0.4 0.4 0.32 0.1 0.25 0.42 0.68 0.58 0.3 0.4 0.5 1.248 1.483 0.4 1.46 0.58 0.14 0.41 0.3 0.42 0.65 1.66 0.4 0.37 0.46 0.41 0.54 1.248 0.53 0.4 0.476 0.56 0.25 1.345 0.23 0.65 0.47 0.4 1.345 0.53 0.52 0.59 0.4 0.33 0.52 0.4 0.58 0.46 0.47 0.54 0.26 0.47 0.45 0.47 0.39 0.636 0.59 0.5 0.23 0.52 0.4 0.11 0.762 0.48 0.59 0.45 0.36 0.4 1.05 0.4 0.4 0.46 0.53 0.5 0.55 0.43 0.4 0.1 0.637 0.59 0.51 0.3 0.56 0.54 1.46 0.42 0.3 0.2 0.5 0.33 0.45 0.47 0.53 0.41 0.54 0.46 0.4 0.43 0.301 0.3 0.47 0.4 0.4 0.54 0.17 0.55 0.54 0.58 0.485 0.47 0.42 0.59 0.47 1.248 0.635 0.1 0.4 0.5 0.4 0.4 0.43 0.4 0.52 1.483 0.724 0.54 0.901 0.33 0.58 0.4 0.59 0.5 0.4 0.4 1.03 0.54 0.5 0.56 1.46 0.45 0.56 0.4 0.49 0.58 1.345 0.36 0.19 0.476 0.43 0.5 1.43 0.1 0.39 0.58 0.3 0.47 0.377 0.37 0.1 0.37 0.4 0.6 0.68 0.4 0.3 0.65 0.48 0.4 0.39 0.5 0.32 0.68 0.31 0.37 0.485 0.65 0.59 0.45 0.901 0.648 0.56 0.41 0.17 0.3 0.4 0.23 0.37 1.345 0.46 0.43 0.37 0.5 0.5 0.38 0.4 0.5 1.483 0.43 0.47 0.46 0.52 0.6 0.47 1.35 0.54 0.55 0.686 0.4 0.635 0.45 0.23 0.53 0.27 0.37 0.48 0.25 0.762 0.47 0.14 0.22 1.67 0.25 0.46 0.4 0.36 0.54 0.4 0.65 0.41 0.55 0.27 1.05 0.25 0.45 0.377 0.19 0.56 0.47 0.6 0.58 0.46 0.48 0.68 0.56 0.34 0.4 0.47 0.54 0.48 0.41 1.4 0.32 0.2 0.65 0.36 0.56 0.22 0.54 0.27 0.42 0.637 0.5 0.55 0.47 0.71 0.54 0.4 0.22 0.46 0.53 0.56 1.46 0.7 0.42 0.53 0.56 1.345 1.345 0.4 0.47 0.55 0.45 0.37 0.636 0.09 0.54 0.56 0.48 0.58 0.71 0.38 0.42 0.59 0.22 1.483 0.45 0.724 0.52 0.4 0.42 0.465 0.55 0.47 0.4 0.11 0.33 0.37 0.37 0.31 1.483 0.49 0.45 0.54 0.5 1.345 0.41 0.58 0.33 1.483 0.5 0.59 0.481 0.36 0.36 1.248 0.46 0.11 0.46 0.23 1.483 0.5 0.58 0.5 0.5 0.1 0.27 0.7 0.617 0.55 0.4 0.58 1.345 0.45 0.636 0.09 0.5 0.4 0.3 1.05 0.4 0.4 0.7 0.46 0.65 0.58 0.762 0.4 0.301 0.4 0.58 0.5 0.54 0.476 0.3 0.54 0.42 0.901 0.4 0.58 0.53 0.26 0.23 0.58 0.48 0.58 0.27 0.45 1.67 0.465 0.22 0.41 0.43 1.483 0.55 0.22 0.46 0.36 0.42 0.377 0.33 0.901 0.51 0.4
Dot Production Prediction of Lab Growth Rates:
0.680235 0.387422 0.401823 0.373239 0.520295 0.421873 0.699179 0.440803 0.432067 0.420611 0.436982 0.313175 0.699699 0.395974 0.384446 0.532268 0.530501 0.475629 0.39912 0.401862 0.399023 0.707205 0.300195 0.472622 0.402097 0.485321 0.748288 0.901455 0.538989 0.703803 0.547216 0.414352 0.294743 0.380535 0.475276 0.703098 0.384582 0.71955 0.450815 0.439736 0.472308 0.533523 0.543188 0.401222 0.64009 0.391774 0.412335 1.24779 0.410315 0.398316 0.378639 0.4103 0.41373 0.392965 0.427598 0.403182 0.469561 0.397979 0.380364 0.995883 0.469299 0.411736 0.421254 0.731571 0.694189 0.416577 0.394312 0.408157 0.396781 0.718374 0.545488 0.405859 0.541057 1.66091 0.386831 0.414729 0.495003 0.500178 0.49727 0.477642 0.4129 0.418123 0.390125 0.403879 0.588029 0.455313 0.409935 1.42869 1.50193 0.417491 0.383847 0.411202 1.31238 0.411254 0.521718 0.471339 0.386719 0.536241 0.528233 0.40585 0.498001 0.528118 0.473189 0.385819 0.408245 0.368134 0.455077 0.400044 0.703365 0.704532 0.403013 0.390298 0.659201 0.389214 0.413025 0.365431 0.376807 0.392216 0.381102 0.37593 0.735381 0.402484 0.408893 0.427167 0.494764 1.45629 0.311056 0.411164 0.387577 1.49761 0.546526 0.42389 0.39365 0.400937 0.397225 0.405865 0.438552 0.901358 0.411255 0.475088 0.389795 0.402285 1.47835 0.493651 0.401528 0.539563 0.438926 0.416017 0.398672 0.408558 0.370814 0.400818 0.407522 0.386776 0.49635 0.457095 0.403927 0.429398 0.729841 0.699026 0.376463 0.457623 0.407966 0.414822 0.418943 0.467579 0.491394 0.402464 0.713498 0.533083 0.462107 0.301485 0.410454 0.540134 0.698789 0.409354 0.410082 0.370375 1.44144 0.398373 0.374996 0.405016 0.411927 0.401158 0.381107 0.524761 0.532017 0.408325 0.49165 1.00884 0.462333 0.521558 0.420164 0.381979 0.533243 0.405778 0.411097 0.373214 0.40923 0.395176 0.394791 0.681503 0.467561 0.300493 0.399983 0.415401 1.26213 0.726455 0.409467 1.0145 0.465133 0.140819 0.41996 0.319862 0.39161 0.638578 1.66093 0.407658 0.44169 0.459693 0.505839 0.463933 1.25022 0.440202 0.399826 0.492697 0.477366 0.379929 0.745341 0.543517 0.639843 0.414234 0.397219 0.722393 0.3972 0.412237 0.553962 0.411982 0.405324 0.394383 0.399981 0.398663 0.456536 0.411221 0.540363 0.435012 0.400723 0.421268 0.409791 0.401767 0.675386 0.380605 0.525225 0.524158 0.408116 0.40196 0.393862 1.4583 0.389411 0.544634 1.42612 0.397084 0.408457 1.05049 0.403743 0.411169 0.426843 0.519692 0.53332 0.550145 0.434385 0.410598 1.42833 0.696961 0.382229 0.417727 0.408024 0.535029 0.545856 1.0094 0.389466 0.417835 0.412664 0.50047 0.446019 1.47854 0.397435 0.534986 0.509181 0.375634 0.371369 0.397157 0.435918 0.516351 0.273493 0.445134 0.411908 0.409538 0.470737 0.381646 0.467659 0.408534 0.389216 0.493632 0.41024 0.389169 0.547269 0.412474 1.2443 0.697428 0.443461 0.409635 0.501207 0.402645 0.411293 0.401314 0.373235 0.403021 0.711141 0.705518 0.541783 1.28547 0.376782 0.457035 0.409474 0.547429 0.470036 0.40866 0.40746 1.03054 0.424556 0.385457 0.539232 1.29028 0.415814 0.478005 0.400026 0.422394 0.421641 0.723968 0.429423 0.393073 0.497277 0.419891 0.466522 1.45412 0.581925 0.383459 0.471403 0.305898 0.442584 0.50791 0.439892 0.379872 0.440064 0.400563 0.310428 0.668826 0.410734 0.315738 0.664614 0.389154 0.408581 0.387568 0.524579 0.391514 0.675755 0.479351 0.436943 0.495651 0.649238 0.400644 0.394701 0.903475 0.697476 0.466315 0.386799 0.388142 0.308042 0.410405 0.459126 0.441215 0.714485 0.479578 0.420177 0.457621 0.391501 0.528114 0.368963 0.399946 0.38715 0.714501 0.402426 0.415218 0.45934 0.426168 0.307549 0.405592 1.35069 0.41076 0.553428 0.703848 0.402081 0.699095 0.401223 0.460144 0.402386 0.391262 0.420267 0.374206 0.485785 1.44176 0.446552 0.137713 0.417332 1.39725 0.400297 0.40626 0.410144 0.38213 0.537952 0.407864 0.650069 0.407863 0.46348 0.540464 1.04856 1.46861 0.411577 0.510121 0.383609 0.466323 0.406492 0.313049 0.461092 0.460254 0.375679 0.681372 0.531259 0.384542 0.397576 0.392281 0.470518 0.368581 0.426923 1.39764 0.381055 0.4033 0.656162 0.383919 0.539153 0.437289 0.383415 0.411573 0.401714 0.694574 0.475338 0.553073 0.45578 0.70527 0.473902 0.41079 0.466722 0.370141 0.470885 0.533314 0.975704 0.700451 0.492247 0.376598 0.464868 0.747146 0.742343 0.399617 0.40229 0.469814 1.45303 0.438867 0.702662 0.392897 0.457737 0.532868 0.378948 0.463839 0.698667 0.403059 0.396242 0.547003 0.469472 0.703691 0.396213 0.705713 0.406322 0.400327 0.403282 0.492824 0.545872 0.454498 0.400251 0.417389 0.409435 0.502396 0.462267 0.474634 0.699444 0.409627 0.409188 0.548187 0.545355 0.704749 0.508493 0.370578 0.380806 0.715494 0.500069 0.388954 0.49158 0.396909 0.400882 1.24878 0.467387 0.409019 0.421268 0.527042 0.696002 0.382215 0.397789 0.539801 0.47185 0.440709 0.371002 0.70019 0.617212 0.471436 0.408454 0.469737 0.723846 1.44965 0.701225 0.444403 0.503556 0.410769 0.392928 1.05256 0.395571 0.401837 0.694352 0.448587 0.650222 0.476104 1.45407 0.405916 0.513171 0.408326 0.383267 0.407278 0.406945 0.497639 0.29033 0.366651 0.394163 0.901263 0.408372 0.403286 0.547182 0.479848 0.527916 0.46328 0.396781 0.40589 0.403243 1.48558 1.49856 0.497313 0.471383 0.392753 0.425171 0.689873 0.464192 0.456585 0.414641 0.383341 0.374506 0.510186 0.464766 0.881492 0.430695 0.377281
Testing:
Lab Growth Rates:
0.45
Dot Production Prediction of Lab Growth Rates:
1.50126
Best performance so far: 
Obj: 4.63737e-310Rho: 8.6289e-314Diff: 4.63737e-310
Test:
 Lab Growth Rates:
0.45Dot Product Prediction of Growth Rate:
1.501262