seed =  5 traits =  1 
Training: part  142 
Training: part  142 
Round  1 
 Goal of obj  0.99 
Temperature range:  0.125 5e-11 
Cycle 1Round 1
Iter 500000 pBad 0.948575 T 0.0423657 Obj 1.1766 Rho 0 GRdif 95.2984 success 147896 failure 1489 obj_new 1.1766 SA_pAcc 1.00017 Delta 0.201338 SA_r 0.851017 freedomratio 0.370183
Iter 1000000 pBad 0.898014 T 0.0143588 Obj 1.13255 Rho 0 GRdif 72.9396 success 293980 failure 5367 obj_new 1.13255 SA_pAcc 1 Delta -0.122218 SA_r 0.168564 freedomratio 0.365109
Iter 1500000 pBad 0.857776 T 0.00486654 Obj 1.03513 Rho 0 GRdif 20.2349 success 440774 failure 10148 obj_new 1.03513 SA_pAcc 1.00007 Delta 0.115575 SA_r 0.996187 freedomratio 0.367629
Iter 2000000 pBad 0.835565 T 0.00164939 Obj 1.02436 Rho 0 GRdif 14.1044 success 586074 failure 17868 obj_new 1.02436 SA_pAcc 0.985067 Delta -0.083219 SA_r 0.0862618 freedomratio 0.372774
Iter 2500000 pBad 0.789486 T 0.000559018 Obj 1.01824 Rho 0 GRdif 10.5927 success 730668 failure 28329 obj_new 1.01824 SA_pAcc 1 Delta 0.437072 SA_r 0.167107 freedomratio 0.379043
Iter 3000000 pBad 0.691078 T 0.000189465 Obj 1.01306 Rho 0 GRdif 7.60182 success 872126 failure 45582 obj_new 1.01306 SA_pAcc 1 Delta -0.613882 SA_r 0.475204 freedomratio 0.359951
Iter 3500000 pBad 0.520093 T 6.42143e-05 Obj 1.01254 Rho 0 GRdif 7.30276 success 1004846 failure 79261 obj_new 1.01254 SA_pAcc 1.21596 Delta 0.407146 SA_r 0.721678 freedomratio 0.367859
Iter 4000000 pBad 0.364796 T 2.17638e-05 Obj 1.01155 Rho 0 GRdif 6.73222 success 1122641 failure 143447 obj_new 1.01155 SA_pAcc 0.715573 Delta 0.11477 SA_r 0.429653 freedomratio 0.353865
Iter 4500000 pBad 0.275811 T 7.37629e-06 Obj 1.01081 Rho 0 GRdif 6.29781 success 1227669 failure 233460 obj_new 1.01081 SA_pAcc 1 Delta 0.110482 SA_r 0.463869 freedomratio 0.343494
Iter 5000000 pBad 0.179773 T 2.50001e-06 Obj 1.00987 Rho 0 GRdif 5.75317 success 1314830 failure 361721 obj_new 1.00987 SA_pAcc 1 Delta -0.153648 SA_r 0.650615 freedomratio 0.320744
Iter 5500000 pBad 0.0949419 T 8.47313e-07 Obj 1.0094 Rho 0 GRdif 5.54747 success 1375943 failure 548443 obj_new 1.00951 SA_pAcc 4.40581e-60 Delta 0.0268198 SA_r 0.903616 freedomratio 0.284328
Iter 6000000 pBad 0.0605639 T 2.87175e-07 Obj 1.00914 Rho 0 GRdif 5.33079 success 1418378 failure 781945 obj_new 1.00914 SA_pAcc 0.00183797 Delta 0.0249275 SA_r 0.804658 freedomratio 0.258036
Iter 6500000 pBad 0.0235127 T 9.73307e-08 Obj 1.00899 Rho 0 GRdif 5.24528 success 1443812 failure 1066927 obj_new 1.00899 SA_pAcc 7.49386 Delta 0.0192001 SA_r 0.0847201 freedomratio 0.23089
Iter 7000000 pBad 0.0113991 T 3.29878e-08 Obj 1.00891 Rho 0 GRdif 5.19838 success 1459501 failure 1387278 obj_new 1.00891 SA_pAcc 1 Delta -0.00148042 SA_r 0.0815364 freedomratio 0.214731
Iter 7500000 pBad 0.00711085 T 1.11804e-08 Obj 1.00884 Rho 0 GRdif 5.1567 success 1468925 failure 1730095 obj_new 1.00884 SA_pAcc 1 Delta -0.00394927 SA_r 0.997212 freedomratio 0.206629
Iter 8000000 pBad 0.00573766 T 3.7893e-09 Obj 1.00881 Rho 0 GRdif 5.22896 success 1475927 failure 2086502 obj_new 1.00896 SA_pAcc 0 Delta -0.00137338 SA_r 0.564115 freedomratio 0.200205
Iter 8500000 pBad 0.00451892 T 1.28429e-09 Obj 1.00879 Rho 0 GRdif 5.13008 success 1480320 failure 2454705 obj_new 1.00879 SA_pAcc 1.77357e-17 Delta -0.00311407 SA_r 0.714753 freedomratio 0.196447
Iter 9000000 pBad 0.00343594 T 4.35276e-10 Obj 1.00878 Rho 0 GRdif 5.12463 success 1483155 failure 2831110 obj_new 1.00878 SA_pAcc 2.28258e-321 Delta 0.00273907 SA_r 0.615653 freedomratio 0.193719
Iter 9500000 pBad 0.00264624 T 1.47526e-10 Obj 1.00877 Rho 0 GRdif 5.11751 success 1486775 failure 3213655 obj_new 1.00877 SA_pAcc 1 Delta -8.54915e-05 SA_r 0.850929 freedomratio 0.185796
Iter 10000000 pBad 0.000756464 T 5.00001e-11 Obj 1.00876 Rho 0 GRdif 5.11211 success 1490494 failure 3603945 obj_new 1.00876 SA_pAcc 2.2673e-283 Delta -0.000275077 SA_r 0.696939 freedomratio 0.182044
Cannot move further
iter 9.99994e+06 obj1.00876 rho 0 GRdif 5.11209
Training:
Lab Growth Rates:
0.25 0.485 0.55 0.1 0.46 0.09 0.59 0.476 0.58 0.54 1.05 0.4 0.4 0.52 0.45 0.65 0.42 0.47 0.4 0.6 1.49 0.26 0.4 0.3 0.54 1.67 0.45 0.65 0.47 0.43 0.33 0.5 0.22 0.47 0.46 0.52 0.59 1.483 0.54 0.33 0.17 0.56 0.3 0.46 0.724 0.54 1.483 0.58 0.3 0.59 0.4 0.58 0.11 0.45 0.47 0.47 0.34 0.6 0.4 0.4 0.45 0.4 0.47 0.53 0.42 0.42 0.65 0.46 0.4 1.345 0.59 0.5 0.4 0.46 0.53 0.17 0.4 0.3 0.23 0.31 0.4 0.5 0.2 0.33 0.47 0.49 0.724 0.46 0.48 0.23 0.5 0.22 0.52 0.42 0.45 0.48 0.27 0.42 0.5 1.345 1.345 1.345 0.724 1.483 0.39 0.1 0.23 0.45 1.248 0.22 0.39 0.45 0.59 0.53 0.59 0.45 0.56 0.901 0.54 0.54 0.27 0.6 1.483 0.55 0.4 0.36 0.1 0.42 0.46 0.56 0.4 0.4 0.27 0.53 0.3 0.4 1.05 0.37 0.47 0.48 0.52 1.483 1.35 0.45 0.4 0.42 0.14 0.34 0.39 0.47 0.3 0.636 0.49 0.301 0.46 0.46 0.56 0.4 0.1 0.55 0.53 0.476 0.39 0.43 0.48 0.25 0.19 0.42 1.46 0.37 0.41 0.54 0.53 0.465 0.4 0.58 0.4 0.47 0.58 0.31 0.5 0.4 0.4 0.27 0.59 0.09 0.301 0.51 0.4 1.43 0.33 0.54 0.45 0.48 0.5 0.47 1.483 1.345 0.37 0.481 0.36 1.46 0.901 0.5 0.4 0.55 0.3 1.248 0.58 0.4 0.59 0.48 0.5 0.45 0.5 0.635 0.65 0.68 0.54 0.39 0.4 0.41 0.42 0.55 0.377 0.58 0.54 0.762 0.762 0.5 0.3 0.4 0.465 0.55 0.1 0.54 1.66 0.37 0.4 0.45 0.43 0.53 0.37 0.56 0.7 0.617 0.37 0.58 0.4 0.5 0.47 0.38 0.32 0.637 0.47 1.483 0.37 0.37 1.345 0.38 0.52 0.5 0.22 0.32 0.5 0.26 0.41 0.33 0.4 0.53 0.38 0.37 0.762 0.45 0.54 0.59 0.41 0.43 0.58 0.51 0.25 0.59 0.485 0.46 0.32 0.65 0.4 0.36 0.42 0.52 0.46 0.4 0.38 0.46 0.635 0.53 0.47 0.25 0.4 0.4 0.59 0.59 0.4 0.4 0.4 0.58 0.53 0.42 0.31 0.648 0.46 0.47 0.4 0.47 0.54 0.54 0.37 1.483 0.59 0.52 0.26 1.483 0.45 0.5 0.47 0.4 0.47 0.71 0.33 0.23 0.4 0.56 0.25 1.483 0.23 0.54 0.7 0.45 0.52 0.55 0.34 0.37 0.23 0.648 0.47 0.7 0.5 0.51 0.36 0.22 0.5 0.5 0.762 0.5 0.47 1.43 0.48 0.56 1.483 1.67 0.25 1.05 1.345 0.56 0.56 0.4 0.4 0.54 1.345 0.5 0.5 0.42 0.56 0.27 0.45 0.11 0.5 0.485 0.68 0.4 0.17 0.4 1.42 0.54 0.43 0.37 0.47 0.54 0.37 0.14 1.05 0.33 0.3 0.47 0.71 0.19 0.43 0.2 0.48 0.4 0.3 0.377 1.44 0.4 0.55 0.42 0.41 1.483 0.65 0.5 1.345 0.58 1.38 1.05 1.4 0.465 0.22 0.5 0.43 0.65 0.43 0.39 0.33 1.248 0.45 1.248 0.58 0.43 0.54 0.5 0.41 0.5 0.56 0.42 0.37 0.53 0.1 0.2 0.58 0.33 0.5 0.52 0.71 0.49 0.485 0.43 0.481 0.56 0.37 0.3 0.42 0.56 0.46 0.38 0.46 0.53 0.23 0.6 1.66 0.4 0.7 0.43 0.54 0.5 0.58 0.41 0.54 0.45 0.58 0.54 0.686 0.901 0.3 1.46 0.5 0.4 0.52 0.5 0.55 0.37 0.4 0.46 0.43 0.59 0.54 0.4 0.1 0.901 0.901 0.58 0.4 0.65 0.42 0.52 0.3 0.54 0.56 0.686 0.25 0.59 0.68 0.11 0.377 0.54 0.637 0.5 0.58 0.56 1.345 1.345 1.345 0.4 0.5 0.56 0.36 0.42 0.53 0.3 0.56 0.22 0.1 0.648 0.5 0.25 0.48 0.41 0.41 0.637 1.248 0.42 0.53 0.46 0.36 0.481 0.56 0.53 0.59 1.03 0.65 0.68 0.58 0.55 0.45 0.55 0.46 0.636 0.09 0.58 0.301 0.46 0.68 0.36 0.4 0.23 0.54 0.19 1.46 0.4 0.54 0.47 0.58 0.27 0.476 0.4 0.22 0.636 0.5 0.4 0.46 0.4 0.55 0.47 0.635 0.52 0.686 0.4 0.901 0.36 0.23 0.58 0.4 0.4 0.1 0.54 0.36 0.46
Dot Production Prediction of Lab Growth Rates:
0.387675 0.441859 0.555858 0.452198 0.467736 0.387976 0.553406 0.447538 0.346406 0.440057 1.04977 0.400739 0.399301 0.393904 0.349104 0.639861 0.557985 0.3981 0.396646 0.308368 1.50642 0.438342 0.396492 0.298833 0.448323 1.50942 0.369558 0.663241 0.446133 0.397547 0.367356 0.405153 0.380435 0.411441 0.46591 0.386906 0.361276 0.799948 0.455735 0.439081 0.346753 0.534427 0.353004 0.449134 0.723821 0.540061 0.794353 0.470459 0.312043 0.545996 0.398251 0.464832 0.408569 1.46216 0.455568 0.398439 0.348747 0.304549 0.400955 0.40198 1.46274 0.401546 0.376686 0.532688 0.337264 0.356645 0.655264 0.416526 0.401978 0.781725 0.54712 0.481944 0.400148 0.482076 0.417662 0.442696 0.4008 0.316493 0.518975 0.494872 0.402635 0.392659 0.415951 0.404918 0.408136 0.427579 0.719734 0.337552 0.382103 0.426632 0.473494 0.464537 0.39914 0.369264 0.407811 0.338323 0.389742 0.384536 0.358396 0.830115 0.831862 0.819627 0.716828 0.80043 0.345998 1.68686 0.424637 0.344927 0.963593 0.458844 0.39064 0.378975 0.543566 0.497383 0.358962 0.417342 0.531191 0.90363 0.355431 0.543313 0.391319 0.307373 0.755776 0.544723 0.397464 0.361613 1.65635 0.362332 0.457008 0.542688 0.404063 0.402965 0.562131 0.327217 0.301158 0.399502 1.05157 0.422297 0.393561 0.35012 0.377566 0.760218 1.34999 0.420503 0.398696 0.370523 0.137895 0.346614 0.331158 0.352255 0.406156 0.718547 0.40706 0.432354 0.440276 0.396665 0.533838 0.399617 0.443849 0.546804 0.520381 0.445597 0.340073 0.433419 0.363392 0.385131 0.378258 0.364989 1.40336 0.417112 0.407481 0.38446 0.544883 0.447562 0.401505 0.422039 0.397015 0.406923 0.476032 0.497402 0.527306 0.402035 0.400257 0.336135 0.354946 0.457663 0.433862 0.441453 0.393828 1.43257 0.487231 0.548184 1.49716 0.329539 0.493763 0.479969 0.777177 0.819893 0.412223 0.430475 0.437452 0.995479 0.901775 0.362719 0.400058 0.422767 0.300027 0.978412 0.477733 0.395942 0.551666 0.356068 0.515842 0.393923 0.374722 0.715937 0.765466 0.673048 0.409245 0.361788 0.401205 0.432417 0.390099 0.438574 0.438346 0.478641 0.4329 0.914186 0.902685 0.526906 0.30611 0.402528 0.443101 0.554749 0.369401 0.392346 1.66 0.343444 0.400803 0.412165 0.382836 0.448812 0.398815 0.529134 0.700153 0.617048 0.429188 0.47575 0.401577 0.355511 0.385629 0.364829 0.367741 0.708361 0.411655 0.8151 0.414697 0.413053 0.801311 0.349059 0.391825 0.475461 0.463974 0.378648 0.522235 0.524001 0.383367 0.394178 0.400256 0.371722 0.383681 0.435997 0.929989 1.46319 0.450557 0.382454 0.432922 0.4038 0.470605 0.42028 0.349273 0.347642 0.425391 0.487492 0.341684 0.628938 0.39548 0.378874 0.338748 0.419732 0.414829 0.370218 0.379992 0.357812 0.714475 0.514028 0.383517 1.50619 0.40192 0.400362 0.366779 0.352398 0.398327 0.398119 0.395598 0.482054 0.525909 0.374318 0.496568 0.716014 0.459841 0.393358 0.399202 0.460472 0.394703 0.367599 0.445008 0.803389 0.372534 0.403748 0.37525 0.816307 0.371211 0.559278 0.41425 0.400042 0.392283 0.718624 0.358741 0.50609 0.401034 0.477682 0.542619 0.784329 0.495642 0.449312 0.701729 1.50642 0.412789 0.561794 0.361207 0.451808 0.515285 0.720759 0.388874 0.699882 0.389655 0.418256 0.368536 0.440111 0.378107 0.482507 0.938649 0.474924 0.409887 1.4006 0.390022 0.535625 0.811054 1.6089 0.390313 0.996719 0.822764 0.484862 0.518863 0.401209 0.412802 0.413213 0.823199 0.411418 0.354432 0.339623 0.542478 0.371198 1.49048 0.404739 0.50578 0.43986 0.662442 0.400647 0.356298 0.399299 1.46893 0.383166 0.408013 0.50859 0.402145 0.54624 0.389342 0.140418 1.05 0.405974 0.301926 0.482623 0.717048 0.371235 0.39467 0.424416 0.346781 0.398128 0.307546 0.434761 1.51231 0.399887 0.436546 0.374876 0.337981 0.766968 0.787415 0.500786 0.814997 0.377727 1.0247 1.39423 1.57978 0.444779 0.455477 0.350506 0.400229 0.657872 0.420506 0.366817 0.356361 0.972494 0.367636 0.9623 0.472415 0.441304 0.398725 0.47791 0.397817 0.474037 0.482928 0.410219 0.4352 0.481405 2.08573 0.381089 0.391556 0.465519 0.501197 0.404451 0.710935 0.40233 0.426163 0.405448 0.432621 0.534857 0.434637 0.283053 0.367794 0.543288 0.466849 0.362963 0.45866 0.516492 0.535799 0.301526 1.65944 0.400659 0.698073 0.435883 0.416121 0.550603 0.479119 0.430927 0.531298 1.52746 0.471081 0.442886 0.721242 0.895674 0.251248 0.943388 0.502902 0.366766 0.400549 0.529091 0.543992 0.41302 0.399705 0.337227 0.413681 0.549039 0.550416 0.400063 1.81754 0.901002 0.904564 0.389041 0.39994 0.788877 0.375921 0.403912 0.321749 0.397858 0.465301 0.723603 0.53366 0.545653 0.672877 0.373558 0.439264 0.390264 0.709175 0.513922 0.392293 0.469246 0.814618 0.781694 0.775871 0.398877 0.470714 0.515876 0.384291 0.56865 0.412108 0.383372 0.543173 0.464409 0.546397 0.715018 0.500057 0.489688 0.338122 0.404516 0.372569 0.710422 0.967456 0.549702 0.368275 0.401917 0.397812 0.435985 0.46961 0.387909 0.351066 1.03 0.658071 0.673044 0.365055 0.437163 0.39696 0.436058 0.366098 0.723091 0.373263 0.384377 0.439887 0.437664 0.655162 0.378961 0.400014 0.531194 0.396285 0.373669 0.984258 0.39773 0.347787 0.422621 0.474155 0.394817 0.446455 0.3974 0.410782 0.688729 0.366998 0.400313 0.415056 0.400652 0.436953 0.385231 0.710799 0.392453 0.721021 0.40139 0.898316 0.423197 0.42758 0.406513 0.401148 0.401595 1.41087 0.54105 0.402455 0.460131
Testing:
Lab Growth Rates:
0.4 0.4 0.4
Dot Production Prediction of Lab Growth Rates:
0.398069 0.39752 0.396861
Best performance so far: 
Obj: 4.673e-310Rho: 2.26291e-314Diff: 4.673e-310
Anneal again with the best G and E so far as input
Cycle 2Round 1
Iter 500000 pBad 0.946484 T 0.0423657 Obj 1.17207 Rho 0 GRdif 93.0411 success 113219 failure 1076 obj_new 1.17207 SA_pAcc 0.975012 Delta -0.926349 SA_r 0.839305 freedomratio 0.266122
Iter 1000000 pBad 0.870909 T 0.0143588 Obj 1.07742 Rho 0 GRdif 43.6962 success 226643 failure 4766 obj_new 1.07742 SA_pAcc 1 Delta 0.857306 SA_r 0.543276 freedomratio 0.272939
Iter 1500000 pBad 0.842495 T 0.00486654 Obj 1.03224 Rho 0 GRdif 18.5957 success 339393 failure 10446 obj_new 1.03224 SA_pAcc 0.925861 Delta 0.193996 SA_r 0.776603 freedomratio 0.265639
Iter 2000000 pBad 0.808746 T 0.00164939 Obj 1.02825 Rho 0 GRdif 16.3253 success 451476 failure 17958 obj_new 1.02825 SA_pAcc 1 Delta 0.483526 SA_r 0.167855 freedomratio 0.272558
Iter 2500000 pBad 0.758918 T 0.000559018 Obj 1.01911 Rho 0 GRdif 11.0905 success 562378 failure 27835 obj_new 1.01911 SA_pAcc 1 Delta -0.331088 SA_r 0.108776 freedomratio 0.268931
Iter 3000000 pBad 0.690115 T 0.000189465 Obj 1.01317 Rho 0 GRdif 7.6663 success 671767 failure 41818 obj_new 1.01317 SA_pAcc 1 Delta 0.0263868 SA_r 0.308516 freedomratio 0.268931
Iter 3500000 pBad 0.535726 T 6.42143e-05 Obj 1.01222 Rho 0 GRdif 7.11803 success 773899 failure 69973 obj_new 1.01222 SA_pAcc 1 Delta 0.303283 SA_r 0.594159 freedomratio 0.263845
Iter 4000000 pBad 0.391346 T 2.17638e-05 Obj 1.01163 Rho 0 GRdif 6.7767 success 865163 failure 120428 obj_new 1.01163 SA_pAcc 0.371681 Delta -0.178826 SA_r 0.311922 freedomratio 0.260098
Iter 4500000 pBad 0.275165 T 7.37629e-06 Obj 1.0108 Rho 0 GRdif 6.2963 success 945755 failure 193778 obj_new 1.0108 SA_pAcc 1 Delta 0.185342 SA_r 0.808977 freedomratio 0.25556
Iter 5000000 pBad 0.156662 T 2.50001e-06 Obj 1.01009 Rho 0 GRdif 5.88272 success 1015153 failure 292827 obj_new 1.01009 SA_pAcc 1 Delta -0.11858 SA_r 0.578702 freedomratio 0.244472
Iter 5500000 pBad 0.0930145 T 8.47313e-07 Obj 1.00968 Rho 0 GRdif 5.64473 success 1064842 failure 440927 obj_new 1.00968 SA_pAcc 1.00947 Delta 0.015393 SA_r 0.804656 freedomratio 0.227838
Iter 6000000 pBad 0.0508048 T 2.87175e-07 Obj 1.0095 Rho 0 GRdif 5.54155 success 1099150 failure 635108 obj_new 1.0095 SA_pAcc 1 Delta 0.00392185 SA_r 0.00661833 freedomratio 0.206048
Iter 6500000 pBad 0.0373071 T 9.73307e-08 Obj 1.00928 Rho 0 GRdif 5.4143 success 1121711 failure 869960 obj_new 1.00928 SA_pAcc 1 Delta -0.0144064 SA_r 0.207643 freedomratio 0.190879
Iter 7000000 pBad 0.0213321 T 3.29878e-08 Obj 1.00913 Rho 0 GRdif 5.32443 success 1136787 failure 1134489 obj_new 1.00913 SA_pAcc 1 Delta 0.000366785 SA_r 0.22247 freedomratio 0.180252
Iter 7500000 pBad 0.0122545 T 1.11804e-08 Obj 1.00905 Rho 0 GRdif 5.2837 success 1147308 failure 1425325 obj_new 1.00906 SA_pAcc 3.71863e-107 Delta 0.00404561 SA_r 0.796651 freedomratio 0.171596
Iter 8000000 pBad 0.00428758 T 3.7893e-09 Obj 1.00902 Rho 0 GRdif 5.26059 success 1153682 failure 1736581 obj_new 1.00902 SA_pAcc 1 Delta 0.000695549 SA_r 0.402013 freedomratio 0.164838
Iter 8500000 pBad 0.00394502 T 1.28429e-09 Obj 1.00899 Rho 0 GRdif 5.24342 success 1158548 failure 2061596 obj_new 1.00899 SA_pAcc 3.20319e-05 Delta -0.0010561 SA_r 0.959343 freedomratio 0.161923
Iter 9000000 pBad 0.00449355 T 4.35276e-10 Obj 1.00897 Rho 0 GRdif 5.2331 success 1161822 failure 2396375 obj_new 1.00897 SA_pAcc 1 Delta -0.002572 SA_r 0.862522 freedomratio 0.157866
Iter 9500000 pBad 0.000886245 T 1.47526e-10 Obj 1.00896 Rho 0 GRdif 5.23569 success 1166485 failure 2740276 obj_new 1.00897 SA_pAcc 0 Delta -0.000694447 SA_r 0.193988 freedomratio 0.151265
Good enough
iter 9.99919e+06 obj1.00895 rho 0 GRdif 5.22372
Training:
Lab Growth Rates:
0.25 0.485 0.55 0.1 0.46 0.09 0.59 0.476 0.58 0.54 1.05 0.4 0.4 0.52 0.45 0.65 0.42 0.47 0.4 0.6 1.49 0.26 0.4 0.3 0.54 1.67 0.45 0.65 0.47 0.43 0.33 0.5 0.22 0.47 0.46 0.52 0.59 1.483 0.54 0.33 0.17 0.56 0.3 0.46 0.724 0.54 1.483 0.58 0.3 0.59 0.4 0.58 0.11 0.45 0.47 0.47 0.34 0.6 0.4 0.4 0.45 0.4 0.47 0.53 0.42 0.42 0.65 0.46 0.4 1.345 0.59 0.5 0.4 0.46 0.53 0.17 0.4 0.3 0.23 0.31 0.4 0.5 0.2 0.33 0.47 0.49 0.724 0.46 0.48 0.23 0.5 0.22 0.52 0.42 0.45 0.48 0.27 0.42 0.5 1.345 1.345 1.345 0.724 1.483 0.39 0.1 0.23 0.45 1.248 0.22 0.39 0.45 0.59 0.53 0.59 0.45 0.56 0.901 0.54 0.54 0.27 0.6 1.483 0.55 0.4 0.36 0.1 0.42 0.46 0.56 0.4 0.4 0.27 0.53 0.3 0.4 1.05 0.37 0.47 0.48 0.52 1.483 1.35 0.45 0.4 0.42 0.14 0.34 0.39 0.47 0.3 0.636 0.49 0.301 0.46 0.46 0.56 0.4 0.1 0.55 0.53 0.476 0.39 0.43 0.48 0.25 0.19 0.42 1.46 0.37 0.41 0.54 0.53 0.465 0.4 0.58 0.4 0.47 0.58 0.31 0.5 0.4 0.4 0.27 0.59 0.09 0.301 0.51 0.4 1.43 0.33 0.54 0.45 0.48 0.5 0.47 1.483 1.345 0.37 0.481 0.36 1.46 0.901 0.5 0.4 0.55 0.3 1.248 0.58 0.4 0.59 0.48 0.5 0.45 0.5 0.635 0.65 0.68 0.54 0.39 0.4 0.41 0.42 0.55 0.377 0.58 0.54 0.762 0.762 0.5 0.3 0.4 0.465 0.55 0.1 0.54 1.66 0.37 0.4 0.45 0.43 0.53 0.37 0.56 0.7 0.617 0.37 0.58 0.4 0.5 0.47 0.38 0.32 0.637 0.47 1.483 0.37 0.37 1.345 0.38 0.52 0.5 0.22 0.32 0.5 0.26 0.41 0.33 0.4 0.53 0.38 0.37 0.762 0.45 0.54 0.59 0.41 0.43 0.58 0.51 0.25 0.59 0.485 0.46 0.32 0.65 0.4 0.36 0.42 0.52 0.46 0.4 0.38 0.46 0.635 0.53 0.47 0.25 0.4 0.4 0.59 0.59 0.4 0.4 0.4 0.58 0.53 0.42 0.31 0.648 0.46 0.47 0.4 0.47 0.54 0.54 0.37 1.483 0.59 0.52 0.26 1.483 0.45 0.5 0.47 0.4 0.47 0.71 0.33 0.23 0.4 0.56 0.25 1.483 0.23 0.54 0.7 0.45 0.52 0.55 0.34 0.37 0.23 0.648 0.47 0.7 0.5 0.51 0.36 0.22 0.5 0.5 0.762 0.5 0.47 1.43 0.48 0.56 1.483 1.67 0.25 1.05 1.345 0.56 0.56 0.4 0.4 0.54 1.345 0.5 0.5 0.42 0.56 0.27 0.45 0.11 0.5 0.485 0.68 0.4 0.17 0.4 1.42 0.54 0.43 0.37 0.47 0.54 0.37 0.14 1.05 0.33 0.3 0.47 0.71 0.19 0.43 0.2 0.48 0.4 0.3 0.377 1.44 0.4 0.55 0.42 0.41 1.483 0.65 0.5 1.345 0.58 1.38 1.05 1.4 0.465 0.22 0.5 0.43 0.65 0.43 0.39 0.33 1.248 0.45 1.248 0.58 0.43 0.54 0.5 0.41 0.5 0.56 0.42 0.37 0.53 0.1 0.2 0.58 0.33 0.5 0.52 0.71 0.49 0.485 0.43 0.481 0.56 0.37 0.3 0.42 0.56 0.46 0.38 0.46 0.53 0.23 0.6 1.66 0.4 0.7 0.43 0.54 0.5 0.58 0.41 0.54 0.45 0.58 0.54 0.686 0.901 0.3 1.46 0.5 0.4 0.52 0.5 0.55 0.37 0.4 0.46 0.43 0.59 0.54 0.4 0.1 0.901 0.901 0.58 0.4 0.65 0.42 0.52 0.3 0.54 0.56 0.686 0.25 0.59 0.68 0.11 0.377 0.54 0.637 0.5 0.58 0.56 1.345 1.345 1.345 0.4 0.5 0.56 0.36 0.42 0.53 0.3 0.56 0.22 0.1 0.648 0.5 0.25 0.48 0.41 0.41 0.637 1.248 0.42 0.53 0.46 0.36 0.481 0.56 0.53 0.59 1.03 0.65 0.68 0.58 0.55 0.45 0.55 0.46 0.636 0.09 0.58 0.301 0.46 0.68 0.36 0.4 0.23 0.54 0.19 1.46 0.4 0.54 0.47 0.58 0.27 0.476 0.4 0.22 0.636 0.5 0.4 0.46 0.4 0.55 0.47 0.635 0.52 0.686 0.4 0.901 0.36 0.23 0.58 0.4 0.4 0.1 0.54 0.36 0.46
Dot Production Prediction of Lab Growth Rates:
0.391476 0.458529 0.551773 0.426938 0.448599 0.395236 0.548516 0.464634 0.367638 0.462525 1.04984 0.401971 0.401677 0.407714 0.354824 0.634514 0.52769 0.408079 0.394481 0.30807 1.49186 0.428711 0.395214 0.29096 0.465954 1.45223 0.379982 0.66187 0.451101 0.408961 0.37574 0.416955 0.39382 0.428904 0.464782 0.386337 0.38616 0.679655 0.455321 0.434953 0.364532 0.531299 0.359359 0.444809 0.712017 0.539658 0.711145 0.472432 0.303737 0.551957 0.401415 0.470277 0.413589 1.42205 0.460191 0.406365 0.374858 0.303157 0.400093 0.401914 1.41811 0.401859 0.393342 0.530259 0.365482 0.373002 0.668307 0.412489 0.403345 0.700378 0.54983 0.485003 0.401979 0.456269 0.410766 0.436207 0.399948 0.315653 0.530531 0.467371 0.400739 0.401766 0.405835 0.400972 0.407908 0.416291 0.711814 0.350126 0.399006 0.456618 0.47397 0.475938 0.411183 0.373323 0.409577 0.350761 0.405566 0.390295 0.369301 0.706207 0.725979 0.693632 0.71114 0.685248 0.36698 0.655062 0.45764 0.358683 0.941047 0.464488 0.393049 0.384639 0.54535 0.469404 0.360602 0.420794 0.530759 0.905678 0.370101 0.543549 0.396722 0.303893 0.679491 0.548201 0.399488 0.378091 0.635851 0.370279 0.460523 0.538823 0.403444 0.400789 0.52928 0.341779 0.299896 0.401887 1.05 0.448667 0.400372 0.370176 0.382436 0.687406 1.35 0.422781 0.400449 0.379712 0.139297 0.38061 0.35501 0.37969 0.402314 0.709542 0.4067 0.466899 0.428492 0.397982 0.536365 0.39844 0.4215 0.548165 0.520977 0.462795 0.353504 0.42119 0.384413 0.387268 0.380462 0.368018 1.32678 0.445489 0.406861 0.384236 0.5492 0.462877 0.399945 0.421554 0.396527 0.412372 0.477658 0.470758 0.531505 0.403251 0.398847 0.366672 0.372954 0.450173 0.466135 0.431018 0.392297 1.4272 0.465756 0.544693 1.43521 0.349833 0.485308 0.449351 0.688541 0.725859 0.443354 0.451778 0.434332 0.990006 0.901055 0.37529 0.398808 0.45805 0.300023 0.953035 0.481135 0.398327 0.548609 0.370801 0.520782 0.405865 0.389493 0.70733 0.638923 0.679905 0.39861 0.376866 0.403425 0.4609 0.378873 0.463285 0.466394 0.482423 0.429163 0.912565 0.905345 0.530896 0.306607 0.402927 0.459485 0.552017 0.365064 0.401093 1.66 0.359064 0.401671 0.421854 0.396614 0.425473 0.408845 0.534826 0.702421 0.616865 0.426733 0.477544 0.401774 0.373683 0.392215 0.377126 0.374827 0.704907 0.397487 0.699494 0.43906 0.439779 0.709479 0.363073 0.388637 0.491238 0.481024 0.394866 0.527586 0.484576 0.390985 0.388525 0.400438 0.379929 0.395183 0.46714 0.919752 1.43513 0.447383 0.382336 0.45725 0.397831 0.472541 0.417205 0.369994 0.374411 0.451262 0.464941 0.354531 0.640591 0.398072 0.37992 0.36473 0.428793 0.412865 0.368367 0.394678 0.3762 0.708037 0.526607 0.379382 1.44561 0.40254 0.400017 0.387685 0.379367 0.400633 0.398205 0.395636 0.479147 0.531041 0.385513 0.465526 0.709092 0.459006 0.399174 0.395476 0.440375 0.395155 0.370068 0.43698 0.688537 0.375221 0.401963 0.391364 0.695882 0.378309 0.510896 0.421421 0.397938 0.39231 0.718422 0.372449 0.523369 0.403091 0.480276 0.554845 0.688613 0.51766 0.469129 0.69997 1.49186 0.431459 0.549597 0.380915 0.441472 0.52611 0.709603 0.389569 0.696817 0.398995 0.415822 0.384671 0.436282 0.39358 0.482021 0.917258 0.485891 0.385768 1.43136 0.407891 0.538667 0.692596 1.45372 0.394008 0.996002 0.716904 0.476957 0.523506 0.399767 0.405288 0.393572 0.71917 0.41516 0.375306 0.355571 0.540496 0.38196 1.41134 0.412299 0.501495 0.45466 0.67737 0.400331 0.379437 0.401268 1.44083 0.389993 0.398032 0.49565 0.410342 0.540343 0.411396 0.140969 1.05001 0.408035 0.305696 0.44958 0.709257 0.385954 0.393015 0.413067 0.351474 0.398175 0.307512 0.466072 1.4742 0.399548 0.456772 0.384805 0.364931 0.671156 0.649933 0.502779 0.690433 0.388894 1.0009 1.35536 1.43102 0.459934 0.46566 0.369433 0.408713 0.649236 0.410214 0.380927 0.377519 0.946259 0.371854 0.944843 0.471805 0.427096 0.395948 0.485763 0.406632 0.478757 0.483451 0.413676 0.46127 0.44882 0.745962 0.386132 0.401558 0.45517 0.499185 0.400642 0.708826 0.400013 0.452184 0.405624 0.451799 0.544589 0.464277 0.289563 0.387401 0.538601 0.460636 0.361937 0.456211 0.530393 0.537537 0.304537 1.65707 0.401695 0.700435 0.425226 0.407598 0.542094 0.479029 0.460408 0.534531 1.46361 0.476126 0.456116 0.71359 0.899266 0.267339 0.955708 0.500018 0.372135 0.39747 0.530686 0.544247 0.438112 0.398293 0.365539 0.40678 0.54867 0.545968 0.400037 0.661099 0.901 0.907889 0.388788 0.40047 0.65588 0.374366 0.392021 0.317432 0.397393 0.47333 0.714571 0.489525 0.554406 0.683 0.377531 0.464654 0.394417 0.703359 0.521276 0.391547 0.472665 0.691963 0.691799 0.69607 0.396306 0.472667 0.524287 0.39938 0.523666 0.41577 0.379721 0.535025 0.483267 0.551977 0.705921 0.49977 0.457719 0.366097 0.406002 0.375818 0.7054 0.943067 0.510334 0.366402 0.40885 0.39852 0.454191 0.472839 0.399165 0.37115 1.03004 0.649968 0.681013 0.378286 0.462301 0.403358 0.455715 0.384973 0.710589 0.389251 0.394145 0.472188 0.427805 0.674895 0.388088 0.400576 0.5391 0.399812 0.387814 0.983651 0.399541 0.368288 0.399519 0.477493 0.400032 0.463772 0.395518 0.418532 0.686571 0.383271 0.399601 0.403749 0.400015 0.465709 0.392809 0.70637 0.386263 0.714781 0.40321 0.895437 0.42208 0.456763 0.408329 0.400122 0.401078 1.35898 0.531752 0.394421 0.463746
Testing:
Lab Growth Rates:
0.4 0.4 0.4
Dot Production Prediction of Lab Growth Rates:
0.395621 0.395846 0.395657
Best performance so far: 
Obj: 4.673e-310Rho: 9.88131e-324Diff: 4.673e-310
Test:
 Lab Growth Rates:
0.4 0.4 0.4Dot Product Prediction of Growth Rate:
0.3956208 0.3958461 0.395657