seed =  5 traits =  1 
Training: part  144 
Training: part  144 
Round  1 
 Goal of obj  0.99 
Temperature range:  0.125 2.5e-11 
Cycle 1Round 1
Iter 500000 pBad 0.947423 T 0.0409225 Obj 1.07522 Rho 0 GRdif 42.5025 success 147989 failure 1454 obj_new 1.07522 SA_pAcc 0.987277 Delta 0.861846 SA_r 0.851474 freedomratio 0.364882
Iter 1000000 pBad 0.870235 T 0.0133972 Obj 1.08406 Rho 0 GRdif 47.2957 success 294206 failure 5599 obj_new 1.08406 SA_pAcc 1.01706 Delta 0.664443 SA_r 0.466052 freedomratio 0.369949
Iter 1500000 pBad 0.875133 T 0.00438597 Obj 1.03794 Rho 0 GRdif 21.8189 success 440563 failure 11438 obj_new 1.03794 SA_pAcc 0.994578 Delta 0.452809 SA_r 0.363134 freedomratio 0.36625
Iter 2000000 pBad 0.844879 T 0.00143588 Obj 1.02295 Rho 0 GRdif 13.2951 success 585846 failure 18943 obj_new 1.02295 SA_pAcc 1 Delta 0.754049 SA_r 0.0520894 freedomratio 0.362624
Iter 2500000 pBad 0.780708 T 0.000470076 Obj 1.01803 Rho 0 GRdif 10.4728 success 728769 failure 30805 obj_new 1.01803 SA_pAcc 1.01729 Delta -0.226268 SA_r 0.543253 freedomratio 0.37516
Iter 3000000 pBad 0.690684 T 0.000153893 Obj 1.01447 Rho 0 GRdif 8.41865 success 869012 failure 49932 obj_new 1.01447 SA_pAcc 1 Delta 0.438217 SA_r 0.511719 freedomratio 0.376849
Iter 3500000 pBad 0.504453 T 5.03815e-05 Obj 1.01236 Rho 0 GRdif 7.19816 success 1001150 failure 85497 obj_new 1.01236 SA_pAcc 1.38148 Delta -0.418434 SA_r 0.345388 freedomratio 0.366708
Iter 4000000 pBad 0.440174 T 1.64939e-05 Obj 1.01167 Rho 0 GRdif 6.79896 success 1125446 failure 137663 obj_new 1.01167 SA_pAcc 1 Delta 0.0967193 SA_r 0.304446 freedomratio 0.366938
Iter 4500000 pBad 0.297962 T 5.39976e-06 Obj 1.01078 Rho 0 GRdif 6.28154 success 1230342 failure 228561 obj_new 1.01078 SA_pAcc 1 Delta -0.190902 SA_r 0.11726 freedomratio 0.349434
Iter 5000000 pBad 0.121713 T 1.76777e-06 Obj 1.01008 Rho 0 GRdif 5.88104 success 1312630 failure 366796 obj_new 1.01009 SA_pAcc 0.210095 Delta 0.0630852 SA_r 0.624184 freedomratio 0.307612
Iter 5500000 pBad 0.0820221 T 5.78732e-07 Obj 1.00964 Rho 0 GRdif 5.62261 success 1366704 failure 569062 obj_new 1.00964 SA_pAcc 1 Delta 0.00048157 SA_r 0.705369 freedomratio 0.277725
Iter 6000000 pBad 0.0376829 T 1.89465e-07 Obj 1.00939 Rho 0 GRdif 5.53472 success 1401057 failure 827454 obj_new 1.00949 SA_pAcc 6.30991e-227 Delta 0.0181305 SA_r 0.114677 freedomratio 0.240756
Iter 6500000 pBad 0.0245434 T 6.2027e-08 Obj 1.00922 Rho 0 GRdif 5.38084 success 1421864 failure 1127928 obj_new 1.00922 SA_pAcc 0.000450524 Delta -0.00159449 SA_r 0.990644 freedomratio 0.222898
Iter 7000000 pBad 0.0138636 T 2.03064e-08 Obj 1.00911 Rho 0 GRdif 5.37029 success 1435581 failure 1456579 obj_new 1.00921 SA_pAcc 0 Delta 0.00456219 SA_r 0.745325 freedomratio 0.211171
Iter 7500000 pBad 0.00998323 T 6.64788e-09 Obj 1.00907 Rho 0 GRdif 5.292 success 1443277 failure 1808460 obj_new 1.00907 SA_pAcc 0.280669 Delta -0.00211459 SA_r 0.484893 freedomratio 0.203755
Iter 8000000 pBad 0.0044142 T 2.17638e-09 Obj 1.00905 Rho 0 GRdif 5.28152 success 1448727 failure 2171210 obj_new 1.00905 SA_pAcc 0 Delta 0.00140021 SA_r 0.929199 freedomratio 0.199795
Iter 8500000 pBad 0.00178544 T 7.12503e-10 Obj 1.00904 Rho 0 GRdif 5.27192 success 1452849 failure 2543478 obj_new 1.00904 SA_pAcc 1 Delta -2.91692e-05 SA_r 0.826163 freedomratio 0.193719
Iter 9000000 pBad 0.00154887 T 2.33259e-10 Obj 1.00902 Rho 0 GRdif 5.2645 success 1456609 failure 2923022 obj_new 1.00902 SA_pAcc 1.44341e-06 Delta -0.000179329 SA_r 0.391818 freedomratio 0.189583
Iter 9500000 pBad 0.00128055 T 7.63641e-11 Obj 1.00901 Rho 0 GRdif 5.25545 success 1461299 failure 3309289 obj_new 1.00901 SA_pAcc 1 Delta 0.00114609 SA_r 0.281974 freedomratio 0.185443
Iter 10000000 pBad 0.000311711 T 2.50001e-11 Obj 1.009 Rho 0 GRdif 5.2548 success 1464195 failure 3703116 obj_new 1.00901 SA_pAcc 0 Delta 0.000254842 SA_r 0.866075 freedomratio 0.182839
Cannot move further
iter 9.99992e+06 obj1.009 rho 0 GRdif 5.25094
Training:
Lab Growth Rates:
0.4 0.33 0.5 0.43 0.48 0.31 0.46 0.56 0.465 0.37 0.4 0.36 0.5 0.65 0.45 0.54 0.41 0.48 0.1 0.4 0.53 0.22 0.59 0.23 0.25 0.901 0.46 0.47 0.54 0.53 0.648 0.901 0.59 0.5 0.19 0.42 0.11 0.1 0.724 1.345 0.46 0.4 0.54 0.54 1.345 0.4 0.4 0.39 0.5 0.54 0.485 0.4 0.7 0.37 0.59 0.4 1.03 1.345 0.25 0.58 1.345 0.47 0.4 0.54 0.52 0.27 0.46 0.4 0.45 0.52 0.49 0.54 0.47 0.637 0.48 0.4 0.1 0.4 0.58 0.45 0.55 0.3 0.45 0.41 0.42 1.483 1.43 0.901 0.6 0.23 0.301 0.52 0.65 0.648 0.25 0.41 1.42 0.45 0.4 0.485 0.68 0.43 0.65 0.4 0.65 0.54 0.55 0.3 0.4 1.4 0.3 0.42 0.4 0.33 0.59 0.39 0.58 0.36 0.55 0.56 0.36 0.43 0.3 0.4 0.46 0.5 0.4 0.38 1.345 0.47 1.483 0.46 0.37 0.301 0.4 0.37 0.686 0.4 0.4 0.37 0.58 0.58 0.55 0.54 0.476 0.45 0.4 0.33 0.26 0.27 0.377 0.56 0.33 0.5 0.43 0.42 1.345 0.42 0.636 0.485 0.22 0.42 0.4 0.26 0.42 1.05 0.4 0.2 0.33 0.53 0.485 0.3 0.56 0.27 0.5 0.46 0.17 1.35 0.22 0.53 0.3 0.5 0.39 0.68 0.36 0.58 0.54 0.47 0.637 0.59 0.901 0.54 0.43 0.47 0.4 0.25 0.1 0.19 0.54 0.46 0.686 0.43 0.58 0.11 0.37 0.4 0.56 0.47 1.46 0.4 0.14 0.5 0.42 0.19 0.2 0.4 0.39 0.23 0.09 1.483 0.59 0.54 0.3 0.42 0.17 0.41 0.25 0.4 0.4 0.55 0.37 0.42 1.483 0.4 0.39 0.3 0.37 0.42 0.54 0.56 0.4 0.47 0.65 0.45 0.4 0.45 0.5 0.5 0.56 0.52 0.5 0.617 1.483 0.635 0.37 0.59 0.54 0.22 0.58 0.52 0.5 1.46 0.23 0.45 0.46 0.68 0.4 0.52 0.3 0.6 0.42 0.59 0.22 0.46 0.38 0.636 0.58 0.42 0.58 0.31 1.05 0.6 0.22 0.6 0.4 0.45 0.762 0.47 0.46 0.46 0.56 0.4 0.762 0.481 0.53 0.11 0.46 0.47 0.47 0.53 0.58 0.32 0.54 0.5 0.45 0.37 0.4 0.56 0.58 0.45 0.48 0.3 0.37 0.46 0.3 0.53 0.5 0.4 0.58 0.4 0.476 0.55 0.59 0.45 0.47 1.483 0.45 0.55 0.5 0.56 0.54 0.636 0.41 0.25 0.3 0.56 0.377 0.46 0.58 0.58 0.37 0.59 0.5 0.301 1.49 0.5 0.59 0.56 0.58 0.4 0.58 0.4 1.248 0.55 0.56 0.47 0.762 0.25 0.41 0.476 0.5 0.51 0.1 0.36 1.05 0.46 0.56 0.686 0.56 0.54 0.4 0.33 0.901 0.45 0.42 0.42 0.55 0.648 0.22 0.54 0.52 0.53 0.65 0.635 0.27 1.38 1.67 0.52 0.17 0.09 1.46 0.27 0.46 0.47 0.42 0.38 0.48 0.58 0.25 0.465 1.05 0.37 0.3 0.47 0.54 1.248 0.5 0.5 0.56 0.36 1.248 0.481 0.901 0.23 1.345 0.14 0.4 0.58 0.33 0.65 0.53 1.345 0.3 0.71 0.45 0.34 0.23 0.1 0.7 0.762 0.52 0.4 0.5 0.43 0.68 0.53 0.58 1.345 1.44 0.1 0.1 0.51 0.37 0.34 0.33 0.37 0.36 1.66 0.36 0.31 0.4 0.46 0.71 0.26 0.22 0.34 0.27 0.23 0.49 0.38 0.4 0.46 0.4 0.43 0.635 0.48 0.5 0.4 0.65 0.54 0.4 0.4 1.248 0.49 0.54 0.47 0.5 0.5 0.55 0.5 1.483 0.56 0.5 0.47 0.5 0.724 0.53 0.32 1.43 0.47 0.45 0.56 0.46 0.09 1.46 0.4 1.05 0.59 0.43 0.52 0.47 0.32 0.59 1.66 0.637 0.36 0.54 1.483 0.59 0.481 0.42 0.724 0.43 0.52 0.54 0.4 0.4 0.47 0.5 0.4 0.4 0.45 0.47 0.58 0.43 0.47 0.48 0.54 0.45 0.2 0.43 0.48 0.7 0.54 0.37 0.41 1.345 0.41 0.54 1.483 0.59 0.33 0.23 0.4 0.4 1.483 0.5 0.54 0.5 0.5 0.48 0.4 0.55 0.51 0.71 0.65 0.47 1.67 1.248 1.483 1.345 0.23 0.52 0.377 0.4 0.7 0.53 0.59 0.46 0.5 0.68 0.39 0.1 1.345 0.4 0.38 0.465 0.4 1.483 0.41 0.47 0.42 0.4 0.4 0.5 0.55
Dot Production Prediction of Lab Growth Rates:
0.400262 0.336585 0.554886 0.38263 0.328027 0.535706 0.393184 0.532974 0.577535 0.427129 0.402419 0.393916 0.475775 0.647135 0.422583 0.42545 0.376102 0.374355 0.459431 0.401932 0.546534 0.47292 0.3576 0.531976 0.345815 1.31823 0.503614 0.387995 0.334916 0.463716 0.707565 0.903373 0.369671 0.417098 0.366772 0.358167 0.363287 0.69408 0.704071 0.947982 0.452206 0.40478 0.388826 0.384055 0.895096 0.400517 0.401254 0.330986 0.518114 0.359107 0.5856 0.391417 0.682505 0.518628 0.344577 0.404362 1.03002 0.884281 0.384499 0.345595 0.884511 0.377523 0.401172 0.395511 0.39688 0.565451 0.474151 0.398658 1.45161 0.393772 0.396597 0.363143 0.430286 0.708625 0.333652 0.346047 0.727487 0.401606 0.458768 1.52488 0.544233 0.308858 0.354228 0.617813 0.35523 0.900621 1.41807 0.901 0.304486 0.455381 0.630719 0.393718 0.649196 0.706216 0.383748 0.399789 1.51237 1.486 0.395418 0.5956 0.68533 0.395924 0.653764 0.404857 0.644045 0.471596 0.483128 0.30201 0.404629 1.3983 0.304739 0.523475 0.404669 0.346314 0.39152 0.391055 0.446332 0.364428 0.556904 0.538396 0.391271 0.433196 0.252266 0.4041 0.428152 0.491691 0.405194 0.402334 0.893971 0.476698 0.88665 0.352309 0.402852 0.635114 0.399602 0.416367 0.703035 0.399391 0.400496 0.413611 0.403763 0.460088 0.551126 0.470556 0.58802 0.356388 0.39423 0.379451 0.522738 0.322913 0.610397 0.53934 0.338877 0.364543 0.41266 0.522461 0.906911 0.354794 0.705362 0.594149 0.492682 0.343112 0.399723 0.367017 0.524774 1.33508 0.399707 0.401181 0.392782 0.47965 0.580465 0.278128 0.46452 0.353916 0.529045 0.314521 0.33922 1.35 0.451208 0.326268 0.357195 0.464151 0.348953 0.680002 0.370959 0.471047 0.461436 0.395284 0.70921 0.362809 0.899761 0.376618 0.43025 0.471982 0.400122 0.476224 0.361983 0.383363 0.536397 0.466069 0.701301 0.400902 0.457585 0.397945 0.453346 0.399441 0.544099 0.376386 1.31548 0.401809 0.140138 0.537808 0.353462 0.355943 0.377205 0.402783 0.370231 0.453635 0.362399 0.853526 0.54477 0.380629 0.30438 0.380121 0.443438 0.616263 0.526158 0.400962 0.394157 0.485155 0.432677 0.361365 0.890039 0.400637 0.322193 0.307427 0.425124 0.335005 0.474934 0.457526 0.401491 0.438778 0.644744 0.413292 0.400073 0.357979 0.346918 0.349809 0.460437 0.417385 0.53579 0.616994 0.853238 0.711245 0.45046 0.548725 0.391032 0.479424 0.370401 0.413438 0.499972 1.00937 0.54 0.366258 0.386863 0.665787 0.404277 0.3673 0.30001 0.306349 0.335119 0.540541 0.485371 0.333211 0.351026 0.692489 0.467926 0.377982 0.391247 0.51688 1.05217 0.298301 0.415301 0.294806 0.391223 0.413027 1.49608 0.368853 0.442296 0.444594 0.545928 0.400894 1.48896 0.57958 0.387417 0.400309 0.518296 0.420132 0.404914 0.455266 0.376424 0.354461 0.545226 0.389888 0.343593 0.442773 0.400714 0.544076 0.393428 0.412655 0.356562 0.320959 0.426083 0.467213 0.406701 0.529567 0.476557 0.396947 0.395202 0.402419 0.581875 0.484138 0.543951 0.400009 0.390147 0.84108 1.45356 0.551497 0.53973 0.524176 0.377995 0.706092 0.401787 1.47714 0.385778 0.529085 0.60008 0.462422 0.460442 0.455734 0.432188 0.327276 0.469109 0.633765 1.52488 0.499998 0.35634 0.522447 0.471776 0.400846 0.417337 0.397604 1.24813 0.478008 0.472023 0.403101 1.48209 0.690131 0.418871 0.582453 0.528378 0.446182 0.690614 0.39509 1.04805 0.404624 0.473708 0.700658 0.540212 0.538141 0.403665 0.520103 0.881229 1.42016 0.367565 0.3642 0.548441 0.70441 0.469183 0.413677 0.425097 0.530285 0.640311 0.714852 0.393665 1.00838 1.39216 0.407944 0.348426 0.382394 0.924884 0.395937 0.429698 0.442118 0.334841 0.346434 0.381522 0.460455 0.373908 0.583403 1.05 0.455232 0.298429 0.379842 0.465537 1.23293 0.507519 0.342634 0.459646 0.341518 1.26187 0.584663 0.894214 0.531526 0.88988 0.138345 0.40412 0.474469 0.506567 0.667691 0.519845 0.85633 0.306456 0.696383 0.368923 0.343091 0.454891 0.452557 0.702193 1.47778 0.413102 0.403854 0.500829 0.438583 0.681459 0.542742 0.346905 0.939471 1.48432 0.802293 1.38917 0.437625 0.334361 0.339494 0.397852 0.432618 0.443193 1.66 0.44596 0.53939 0.402528 0.502569 0.698345 0.447651 0.39281 0.355096 0.396178 0.53909 0.41963 0.381244 0.341391 0.455066 0.402144 0.397548 0.711455 0.339 0.361554 0.400694 0.661993 0.538508 0.400617 0.404557 1.23904 0.404327 0.551491 0.461796 0.495919 0.358172 0.47937 0.402745 0.896623 0.52885 0.353933 0.376363 0.462372 0.707001 0.521255 0.327198 1.44454 0.402547 1.48132 0.540876 0.459547 0.461704 1.00704 0.400226 0.975926 0.328005 0.39852 0.380523 0.397721 0.365675 0.544181 1.65998 0.710334 0.346143 0.356925 0.875641 0.54489 0.579377 0.370879 0.702977 0.426404 0.39546 0.534547 0.396179 0.396828 0.376357 0.442065 0.400854 0.402059 1.46625 0.408256 0.456915 0.410676 0.377841 0.348148 0.474798 0.422432 0.402866 0.450361 0.348285 0.70618 0.372978 0.427363 0.323233 0.90438 0.633412 0.545604 0.913276 0.547479 0.475955 0.534613 0.404604 0.40112 0.92334 0.388263 0.419548 0.459556 0.535755 0.330429 0.395903 0.549842 0.419271 0.706538 0.654783 0.397788 1.49504 1.2504 0.926468 0.931621 0.545197 0.388734 0.608164 0.398252 0.687673 0.438601 0.405924 0.44972 0.470513 0.675361 0.372439 0.671235 0.897802 0.39904 0.342977 0.579964 0.403297 0.902301 0.413297 0.413346 0.416173 0.401327 0.399979 0.419297 0.482407
Testing:
Lab Growth Rates:
0.53 0.53 0.53
Dot Production Prediction of Lab Growth Rates:
0.418576 0.384718 0.354752
Best performance so far: 
Obj: 4.673e-310Rho: 2.26291e-314Diff: 4.673e-310
Anneal again with the best G and E so far as input
Cycle 2Round 1
Iter 500000 pBad 0.94485 T 0.0409225 Obj 1.20092 Rho 0 GRdif 107.291 success 112931 failure 1306 obj_new 1.20092 SA_pAcc 1 Delta -0.0625108 SA_r 0.101068 freedomratio 0.267947
Iter 1000000 pBad 0.884828 T 0.0133972 Obj 1.09581 Rho 0 GRdif 53.614 success 226295 failure 4755 obj_new 1.09581 SA_pAcc 1.06949 Delta -0.765468 SA_r 0.563843 freedomratio 0.268192
Iter 1500000 pBad 0.854577 T 0.00438597 Obj 1.06344 Rho 0 GRdif 36.0429 success 338828 failure 10120 obj_new 1.06344 SA_pAcc 1 Delta -0.261729 SA_r 0.13039 freedomratio 0.27092
Iter 2000000 pBad 0.801739 T 0.00143588 Obj 1.02354 Rho 0 GRdif 13.6326 success 450478 failure 17724 obj_new 1.02354 SA_pAcc 1.0237 Delta -0.796133 SA_r 0.190616 freedomratio 0.267092
Iter 2500000 pBad 0.73705 T 0.000470076 Obj 1.01751 Rho 0 GRdif 10.1703 success 560384 failure 28508 obj_new 1.01751 SA_pAcc 1.00314 Delta -0.118914 SA_r 0.740743 freedomratio 0.26456
Iter 3000000 pBad 0.620126 T 0.000153893 Obj 1.01408 Rho 0 GRdif 8.19135 success 668434 failure 43983 obj_new 1.01408 SA_pAcc 1 Delta -0.201426 SA_r 0.781506 freedomratio 0.26588
Iter 3500000 pBad 0.470491 T 5.03815e-05 Obj 1.01236 Rho 0 GRdif 7.19833 success 769579 failure 73422 obj_new 1.01236 SA_pAcc 1 Delta -0.237467 SA_r 0.335471 freedomratio 0.265278
Iter 4000000 pBad 0.357283 T 1.64939e-05 Obj 1.01111 Rho 0 GRdif 6.47719 success 860470 failure 124078 obj_new 1.01111 SA_pAcc 1 Delta -0.308827 SA_r 0.509602 freedomratio 0.258036
Iter 4500000 pBad 0.244263 T 5.39976e-06 Obj 1.01064 Rho 0 GRdif 6.20109 success 937846 failure 203532 obj_new 1.01064 SA_pAcc 0.807405 Delta -0.0702264 SA_r 0.528509 freedomratio 0.254783
Iter 5000000 pBad 0.130617 T 1.76777e-06 Obj 1.01006 Rho 0 GRdif 5.86725 success 997928 failure 323876 obj_new 1.01006 SA_pAcc 0.959935 Delta -0.0770593 SA_r 0.0153957 freedomratio 0.236672
Iter 5500000 pBad 0.0785936 T 5.78732e-07 Obj 1.00983 Rho 0 GRdif 5.73044 success 1042006 failure 488036 obj_new 1.00983 SA_pAcc 0.866359 Delta 0.0134857 SA_r 0.43098 freedomratio 0.217925
Iter 6000000 pBad 0.0380461 T 1.89465e-07 Obj 1.0096 Rho 0 GRdif 5.5966 success 1071372 failure 700407 obj_new 1.0096 SA_pAcc 1 Delta -0.00924894 SA_r 0.430523 freedomratio 0.198644
Iter 6500000 pBad 0.0253192 T 6.2027e-08 Obj 1.0094 Rho 0 GRdif 5.48853 success 1091198 failure 947511 obj_new 1.00941 SA_pAcc 1.97131e-76 Delta 0.00743055 SA_r 0.530623 freedomratio 0.186091
Iter 7000000 pBad 0.0124553 T 2.03064e-08 Obj 1.00927 Rho 0 GRdif 5.4095 success 1104859 failure 1225209 obj_new 1.00927 SA_pAcc 0.000701151 Delta 0.00441611 SA_r 0.782036 freedomratio 0.170696
Iter 7500000 pBad 0.00883931 T 6.64788e-09 Obj 1.00922 Rho 0 GRdif 5.37708 success 1113607 failure 1530919 obj_new 1.00922 SA_pAcc 1 Delta -0.00189712 SA_r 0.520021 freedomratio 0.164192
Iter 8000000 pBad 0.00613718 T 2.17638e-09 Obj 1.00918 Rho 0 GRdif 5.35708 success 1119872 failure 1854145 obj_new 1.00918 SA_pAcc 1.79588e-12 Delta 0.000434774 SA_r 0.563699 freedomratio 0.159412
Iter 8500000 pBad 0.0016055 T 7.12503e-10 Obj 1.00917 Rho 0 GRdif 5.34803 success 1123439 failure 2191412 obj_new 1.00917 SA_pAcc 8.12502e-14 Delta -0.00119998 SA_r 0.19481 freedomratio 0.15635
Iter 9000000 pBad 0.000842646 T 2.33259e-10 Obj 1.00915 Rho 0 GRdif 5.34037 success 1125835 failure 2534619 obj_new 1.00915 SA_pAcc 8.31626e-294 Delta 0.000379862 SA_r 0.190536 freedomratio 0.153887
Iter 9500000 pBad 0.00129296 T 7.63641e-11 Obj 1.00915 Rho 0 GRdif 5.33785 success 1127417 failure 2883398 obj_new 1.00915 SA_pAcc 0 Delta -0.000944706 SA_r 0.802318 freedomratio 0.152883
Good enough
iter 9.99752e+06 obj1.00914 rho 0 GRdif 5.33156
Training:
Lab Growth Rates:
0.4 0.33 0.5 0.43 0.48 0.31 0.46 0.56 0.465 0.37 0.4 0.36 0.5 0.65 0.45 0.54 0.41 0.48 0.1 0.4 0.53 0.22 0.59 0.23 0.25 0.901 0.46 0.47 0.54 0.53 0.648 0.901 0.59 0.5 0.19 0.42 0.11 0.1 0.724 1.345 0.46 0.4 0.54 0.54 1.345 0.4 0.4 0.39 0.5 0.54 0.485 0.4 0.7 0.37 0.59 0.4 1.03 1.345 0.25 0.58 1.345 0.47 0.4 0.54 0.52 0.27 0.46 0.4 0.45 0.52 0.49 0.54 0.47 0.637 0.48 0.4 0.1 0.4 0.58 0.45 0.55 0.3 0.45 0.41 0.42 1.483 1.43 0.901 0.6 0.23 0.301 0.52 0.65 0.648 0.25 0.41 1.42 0.45 0.4 0.485 0.68 0.43 0.65 0.4 0.65 0.54 0.55 0.3 0.4 1.4 0.3 0.42 0.4 0.33 0.59 0.39 0.58 0.36 0.55 0.56 0.36 0.43 0.3 0.4 0.46 0.5 0.4 0.38 1.345 0.47 1.483 0.46 0.37 0.301 0.4 0.37 0.686 0.4 0.4 0.37 0.58 0.58 0.55 0.54 0.476 0.45 0.4 0.33 0.26 0.27 0.377 0.56 0.33 0.5 0.43 0.42 1.345 0.42 0.636 0.485 0.22 0.42 0.4 0.26 0.42 1.05 0.4 0.2 0.33 0.53 0.485 0.3 0.56 0.27 0.5 0.46 0.17 1.35 0.22 0.53 0.3 0.5 0.39 0.68 0.36 0.58 0.54 0.47 0.637 0.59 0.901 0.54 0.43 0.47 0.4 0.25 0.1 0.19 0.54 0.46 0.686 0.43 0.58 0.11 0.37 0.4 0.56 0.47 1.46 0.4 0.14 0.5 0.42 0.19 0.2 0.4 0.39 0.23 0.09 1.483 0.59 0.54 0.3 0.42 0.17 0.41 0.25 0.4 0.4 0.55 0.37 0.42 1.483 0.4 0.39 0.3 0.37 0.42 0.54 0.56 0.4 0.47 0.65 0.45 0.4 0.45 0.5 0.5 0.56 0.52 0.5 0.617 1.483 0.635 0.37 0.59 0.54 0.22 0.58 0.52 0.5 1.46 0.23 0.45 0.46 0.68 0.4 0.52 0.3 0.6 0.42 0.59 0.22 0.46 0.38 0.636 0.58 0.42 0.58 0.31 1.05 0.6 0.22 0.6 0.4 0.45 0.762 0.47 0.46 0.46 0.56 0.4 0.762 0.481 0.53 0.11 0.46 0.47 0.47 0.53 0.58 0.32 0.54 0.5 0.45 0.37 0.4 0.56 0.58 0.45 0.48 0.3 0.37 0.46 0.3 0.53 0.5 0.4 0.58 0.4 0.476 0.55 0.59 0.45 0.47 1.483 0.45 0.55 0.5 0.56 0.54 0.636 0.41 0.25 0.3 0.56 0.377 0.46 0.58 0.58 0.37 0.59 0.5 0.301 1.49 0.5 0.59 0.56 0.58 0.4 0.58 0.4 1.248 0.55 0.56 0.47 0.762 0.25 0.41 0.476 0.5 0.51 0.1 0.36 1.05 0.46 0.56 0.686 0.56 0.54 0.4 0.33 0.901 0.45 0.42 0.42 0.55 0.648 0.22 0.54 0.52 0.53 0.65 0.635 0.27 1.38 1.67 0.52 0.17 0.09 1.46 0.27 0.46 0.47 0.42 0.38 0.48 0.58 0.25 0.465 1.05 0.37 0.3 0.47 0.54 1.248 0.5 0.5 0.56 0.36 1.248 0.481 0.901 0.23 1.345 0.14 0.4 0.58 0.33 0.65 0.53 1.345 0.3 0.71 0.45 0.34 0.23 0.1 0.7 0.762 0.52 0.4 0.5 0.43 0.68 0.53 0.58 1.345 1.44 0.1 0.1 0.51 0.37 0.34 0.33 0.37 0.36 1.66 0.36 0.31 0.4 0.46 0.71 0.26 0.22 0.34 0.27 0.23 0.49 0.38 0.4 0.46 0.4 0.43 0.635 0.48 0.5 0.4 0.65 0.54 0.4 0.4 1.248 0.49 0.54 0.47 0.5 0.5 0.55 0.5 1.483 0.56 0.5 0.47 0.5 0.724 0.53 0.32 1.43 0.47 0.45 0.56 0.46 0.09 1.46 0.4 1.05 0.59 0.43 0.52 0.47 0.32 0.59 1.66 0.637 0.36 0.54 1.483 0.59 0.481 0.42 0.724 0.43 0.52 0.54 0.4 0.4 0.47 0.5 0.4 0.4 0.45 0.47 0.58 0.43 0.47 0.48 0.54 0.45 0.2 0.43 0.48 0.7 0.54 0.37 0.41 1.345 0.41 0.54 1.483 0.59 0.33 0.23 0.4 0.4 1.483 0.5 0.54 0.5 0.5 0.48 0.4 0.55 0.51 0.71 0.65 0.47 1.67 1.248 1.483 1.345 0.23 0.52 0.377 0.4 0.7 0.53 0.59 0.46 0.5 0.68 0.39 0.1 1.345 0.4 0.38 0.465 0.4 1.483 0.41 0.47 0.42 0.4 0.4 0.5 0.55
Dot Production Prediction of Lab Growth Rates:
0.401544 0.356929 0.536409 0.391353 0.351994 0.495285 0.388537 0.536954 0.537677 0.441436 0.400946 0.387466 0.472219 0.650861 0.404867 0.415272 0.382394 0.388117 0.433787 0.402349 0.532329 0.470771 0.368104 0.531978 0.359996 0.902984 0.477992 0.400897 0.350199 0.463888 0.698997 0.906011 0.372836 0.409079 0.368768 0.368079 0.384061 0.557316 0.709855 0.701144 0.43043 0.403068 0.398353 0.392903 0.676485 0.403187 0.40157 0.356181 0.511441 0.368059 0.54019 0.394913 0.695422 0.50762 0.36301 0.402247 1.03256 0.691513 0.383589 0.361593 0.699791 0.379582 0.403261 0.412236 0.395011 0.526939 0.445401 0.400981 1.47968 0.40391 0.400907 0.379461 0.412894 0.698434 0.362187 0.375148 1.33709 0.401082 0.474509 1.55544 0.546797 0.314355 0.383306 0.539204 0.373566 0.696827 1.43407 0.903374 0.314912 0.453111 0.545262 0.397686 0.638615 0.698667 0.386014 0.389575 1.52097 1.51716 0.398873 0.530198 0.681607 0.398124 0.651198 0.40178 0.643746 0.457779 0.451253 0.295627 0.403769 1.59904 0.300902 0.514326 0.404011 0.365505 0.392696 0.394072 0.477779 0.389152 0.548281 0.538645 0.388849 0.422752 0.260855 0.405416 0.422269 0.493256 0.404054 0.392259 0.699198 0.444806 0.68884 0.371718 0.398331 0.539208 0.400815 0.424149 0.707684 0.39878 0.399819 0.396095 0.395093 0.474829 0.547277 0.446998 0.541812 0.380619 0.39824 0.400223 0.501757 0.34775 0.537866 0.533633 0.368264 0.38292 0.405082 0.509972 0.692354 0.366155 0.705703 0.532217 0.467794 0.379229 0.401674 0.376921 0.522456 1.20604 0.400002 0.41026 0.403085 0.487162 0.539297 0.286877 0.477842 0.379811 0.521119 0.351346 0.359467 1.35366 0.447421 0.345714 0.366088 0.476702 0.357636 0.687631 0.379455 0.476237 0.447321 0.380134 0.696925 0.363268 0.904404 0.391433 0.424407 0.440273 0.400235 0.470921 0.404282 0.378744 0.540734 0.460804 0.707386 0.396517 0.475011 0.406048 0.452366 0.400702 0.544544 0.388535 1.20464 0.401982 0.140414 0.542694 0.370095 0.374843 0.378282 0.401259 0.370327 0.451549 0.384328 0.681607 0.54935 0.405093 0.305818 0.388193 0.442369 0.539734 0.493467 0.400598 0.395868 0.457922 0.439392 0.370646 0.678689 0.401032 0.345989 0.305478 0.44095 0.362821 0.450927 0.47308 0.401799 0.453123 0.633128 0.409502 0.399501 0.36654 0.366845 0.367408 0.471272 0.404104 0.536215 0.618587 0.681913 0.698896 0.450907 0.544055 0.399174 0.464022 0.379749 0.404843 0.501192 1.01099 0.527749 0.378709 0.404554 0.67747 0.403676 0.381797 0.306897 0.309507 0.36572 0.546254 0.471637 0.361808 0.359557 0.693048 0.472594 0.392032 0.400363 0.50026 1.05385 0.310036 0.417768 0.3085 0.396197 0.386785 0.9188 0.368908 0.427446 0.422955 0.545909 0.409688 0.916047 0.53551 0.382906 0.414691 0.486948 0.414842 0.403964 0.438187 0.383914 0.370848 0.546222 0.390299 0.36051 0.447812 0.401466 0.546272 0.386782 0.396538 0.357726 0.324389 0.441205 0.461801 0.414602 0.53105 0.482899 0.398836 0.391355 0.401627 0.540263 0.460499 0.553564 0.405023 0.396791 0.683494 1.47222 0.547546 0.533886 0.548262 0.391539 0.706525 0.401879 1.52156 0.391777 0.541957 0.537933 0.458942 0.474772 0.457198 0.446135 0.351958 0.478262 0.5408 1.55544 0.509362 0.371331 0.541271 0.478317 0.401669 0.419764 0.399849 0.944404 0.448527 0.476355 0.403763 0.909504 0.551987 0.407117 0.543493 0.531844 0.432735 1.22612 0.398485 1.05211 0.397913 0.474204 0.709332 0.529427 0.540846 0.403038 0.479922 0.907977 1.49198 0.380672 0.374926 0.546463 0.696044 0.466651 0.410485 0.402328 0.543809 0.657613 0.701453 0.396671 1.02832 1.60084 0.411158 0.365041 0.396229 1.0102 0.394077 0.415426 0.45172 0.363992 0.354728 0.402202 0.476179 0.383383 0.544844 1.05268 0.453619 0.301388 0.392371 0.45318 0.943932 0.502283 0.35873 0.475344 0.373744 0.949657 0.533862 0.902763 0.522144 0.68824 0.139419 0.401435 0.470068 0.469604 0.658436 0.531369 0.687498 0.317465 0.706703 0.385796 0.360204 0.453109 0.431817 0.706987 0.913908 0.405149 0.401166 0.507552 0.427173 0.680183 0.547561 0.368179 0.708059 1.55018 1.42054 1.40362 0.423869 0.348694 0.350322 0.402405 0.438405 0.421005 1.6643 0.429958 0.501147 0.403396 0.46789 0.708843 0.439748 0.400732 0.381143 0.394639 0.539946 0.418839 0.391429 0.365992 0.466772 0.400501 0.404547 0.699581 0.359158 0.369089 0.400711 0.655693 0.535214 0.401328 0.403964 0.944055 0.402916 0.550845 0.446345 0.488125 0.36511 0.447785 0.399747 0.684732 0.542913 0.371011 0.384903 0.471164 0.708931 0.53502 0.353681 1.4328 0.404451 1.47531 0.542025 0.455444 0.445312 1.01943 0.400203 1.01587 0.358769 0.397486 0.390251 0.397455 0.376771 0.548906 1.66276 0.698645 0.375845 0.378177 0.672632 0.551138 0.533411 0.378635 0.708496 0.413154 0.383862 0.542153 0.39747 0.396585 0.38807 0.471104 0.402331 0.401994 1.50827 0.424721 0.474131 0.396812 0.404845 0.373512 0.450221 0.417347 0.413171 0.448236 0.36822 0.702262 0.392093 0.440521 0.367978 0.68522 0.533472 0.544734 0.693451 0.549981 0.447772 0.533773 0.402919 0.401447 0.695602 0.385559 0.428821 0.477786 0.544943 0.35488 0.396358 0.544907 0.416086 0.711728 0.650236 0.401828 1.51067 0.945914 0.694468 0.688788 0.541998 0.389747 0.535462 0.402674 0.701647 0.412494 0.401386 0.466352 0.47082 0.687873 0.374725 1.23322 0.704241 0.400573 0.361164 0.540798 0.40178 0.681923 0.41518 0.415218 0.409055 0.401778 0.400991 0.395606 0.451722
Testing:
Lab Growth Rates:
0.53 0.53 0.53
Dot Production Prediction of Lab Growth Rates:
0.407431 0.386883 0.370782
Best performance so far: 
Obj: 4.673e-310Rho: 6.5069e-314Diff: 4.673e-310
Test:
 Lab Growth Rates:
0.53 0.53 0.53Dot Product Prediction of Growth Rate:
0.4074311 0.3868828 0.370782