seed =  5 traits =  1 
Training: part  199 
Training: part  199 
Round  1 
 Goal of obj  0.99 
Temperature range:  0.125 5e-13 
Cycle 1Round 1
Iter 500000 pBad 0.937824 T 0.0336523 Obj 1.14329 Rho 0 GRdif 78.4699 success 146905 failure 1757 obj_new 1.14329 SA_pAcc 0.997906 Delta -0.295397 SA_r 0.238773 freedomratio 0.365565
Iter 1000000 pBad 0.896952 T 0.00905977 Obj 1.03654 Rho 0 GRdif 21.0322 success 293991 failure 5528 obj_new 1.03654 SA_pAcc 1.01424 Delta 0.137359 SA_r 0.193056 freedomratio 0.367398
Iter 1500000 pBad 0.847427 T 0.00243905 Obj 1.02181 Rho 0 GRdif 12.6429 success 439673 failure 12951 obj_new 1.02181 SA_pAcc 1.10528 Delta 0.734347 SA_r 0.745197 freedomratio 0.369018
Iter 2000000 pBad 0.789756 T 0.000656634 Obj 1.01858 Rho 0 GRdif 10.7894 success 584221 failure 23454 obj_new 1.01858 SA_pAcc 0.955125 Delta -0.217488 SA_r 0.0585083 freedomratio 0.370183
Iter 2500000 pBad 0.70047 T 0.000176777 Obj 1.01505 Rho 0 GRdif 8.7529 success 724376 failure 42051 obj_new 1.01505 SA_pAcc 0.776539 Delta -0.598423 SA_r 0.722323 freedomratio 0.364882
Iter 3000000 pBad 0.593529 T 4.75915e-05 Obj 1.01214 Rho 0 GRdif 7.07056 success 856630 failure 77304 obj_new 1.01214 SA_pAcc 1.08662 Delta 0.384363 SA_r 0.708575 freedomratio 0.370651
Iter 3500000 pBad 0.352245 T 1.28124e-05 Obj 1.01105 Rho 0 GRdif 6.44131 success 972591 failure 146507 obj_new 1.01105 SA_pAcc 0.437983 Delta 0.329295 SA_r 0.0559865 freedomratio 0.359509
Iter 4000000 pBad 0.215427 T 3.44933e-06 Obj 1.01045 Rho 0 GRdif 6.09008 success 1064440 failure 264414 obj_new 1.01045 SA_pAcc 0.92161 Delta 0.105309 SA_r 0.777336 freedomratio 0.331261
Iter 4500000 pBad 0.105894 T 9.2862e-07 Obj 1.00995 Rho 0 GRdif 5.81955 success 1132868 failure 433210 obj_new 1.00998 SA_pAcc 5.82427e-14 Delta 0.0672647 SA_r 0.0870772 freedomratio 0.29462
Iter 5000000 pBad 0.0588241 T 2.50001e-07 Obj 1.00962 Rho 0 GRdif 5.64446 success 1179242 failure 657609 obj_new 1.00968 SA_pAcc 2.07352e-99 Delta 0.0312658 SA_r 0.868123 freedomratio 0.259752
Iter 5500000 pBad 0.0258944 T 6.73045e-08 Obj 1.00937 Rho 0 GRdif 5.46466 success 1205946 failure 939965 obj_new 1.00937 SA_pAcc 0.00725365 Delta 0.0108583 SA_r 0.538153 freedomratio 0.230527
Iter 6000000 pBad 0.0097492 T 1.81195e-08 Obj 1.00923 Rho 0 GRdif 5.38418 success 1221353 failure 1261203 obj_new 1.00923 SA_pAcc 0.000227957 Delta 0.00541623 SA_r 0.770503 freedomratio 0.214181
Iter 6500000 pBad 0.00619962 T 4.87809e-09 Obj 1.00918 Rho 0 GRdif 5.38744 success 1230383 failure 1608492 obj_new 1.00924 SA_pAcc 0 Delta -0.000823692 SA_r 0.315566 freedomratio 0.203614
Iter 7000000 pBad 0.00518348 T 1.31327e-09 Obj 1.0091 Rho 0 GRdif 5.31209 success 1238741 failure 1970682 obj_new 1.00911 SA_pAcc 0 Delta 0.00404738 SA_r 0.337607 freedomratio 0.196052
Iter 7500000 pBad 0.00424345 T 3.53554e-10 Obj 1.00905 Rho 0 GRdif 5.3145 success 1246052 failure 2345538 obj_new 1.00911 SA_pAcc 0 Delta -0.00387 SA_r 0.738627 freedomratio 0.18722
Iter 8000000 pBad 0.00168794 T 9.51829e-11 Obj 1.00901 Rho 0 GRdif 5.31228 success 1253063 failure 2734350 obj_new 1.00911 SA_pAcc 0 Delta 0.000557499 SA_r 0.119925 freedomratio 0.183412
Iter 8500000 pBad 0.000339505 T 2.56249e-11 Obj 1.00899 Rho 0 GRdif 5.24362 success 1259672 failure 3135520 obj_new 1.00899 SA_pAcc 1.19984e-291 Delta 0.000281936 SA_r 0.384627 freedomratio 0.169954
Iter 9000000 pBad 1.96746e-15 T 6.89867e-12 Obj 1.00898 Rho 0 GRdif 5.27193 success 1266988 failure 3539401 obj_new 1.00904 SA_pAcc 0 Delta 6.1509e-16 SA_r 0.762685 freedomratio 0.162327
Iter 9500000 pBad 1.75143e-29 T 1.85724e-12 Obj 1.00898 Rho 0 GRdif 5.23758 success 1269242 failure 3880842 obj_new 1.00898 SA_pAcc 0 Delta 0 SA_r 0.997065 freedomratio 0.163322
Iter 10000000 pBad 2.95734e-99 T 5.00001e-13 Obj 1.00898 Rho 0 GRdif 5.2508 success 1269242 failure 4223310 obj_new 1.009 SA_pAcc 0 Delta 0 SA_r 0.826786 freedomratio 0.150992
Cannot move further
iter 9.12679e+06 obj1.00898 rho 0 GRdif 5.23757
Training:
Lab Growth Rates:
0.1 0.301 0.53 0.71 0.37 0.5 0.47 0.17 0.6 0.635 0.36 0.53 0.53 0.56 0.5 0.47 0.5 0.4 0.724 0.3 0.54 0.42 0.2 1.345 0.901 0.56 0.686 0.59 0.54 0.3 0.5 0.5 0.617 0.5 1.483 0.53 0.37 0.58 0.5 0.23 0.43 0.65 0.52 0.52 1.248 0.4 0.52 0.42 0.4 0.42 0.54 0.48 0.17 0.33 0.54 0.39 0.1 0.58 0.4 0.52 1.483 0.648 0.42 0.47 0.1 0.25 1.483 0.55 0.54 0.56 1.66 0.33 0.1 0.5 0.485 0.31 0.4 0.46 0.19 0.54 1.43 0.22 0.4 1.35 1.42 0.42 0.59 0.4 1.03 0.47 0.59 0.56 0.53 0.5 0.23 0.46 0.5 0.56 0.58 0.25 0.43 0.48 0.54 0.4 1.483 0.686 0.09 0.26 0.65 0.43 0.49 0.42 0.47 0.43 0.59 0.34 1.345 0.45 0.4 0.45 0.465 0.762 0.3 0.4 0.5 1.44 0.55 0.1 0.45 0.4 0.4 0.41 0.42 0.901 0.43 0.3 0.52 0.47 1.483 0.481 0.48 0.54 0.51 0.59 0.49 0.27 0.34 0.4 0.47 0.39 0.485 0.46 0.4 0.42 1.345 0.648 0.54 0.37 0.46 0.38 0.47 0.58 0.25 0.22 0.45 0.56 0.58 0.3 0.54 0.56 0.637 0.25 0.4 0.42 0.45 0.58 0.42 0.59 0.4 0.4 0.4 0.53 0.56 0.4 0.481 1.46 0.37 0.55 0.48 0.42 0.54 0.4 0.4 0.52 0.47 0.42 0.42 0.68 0.58 1.46 0.4 0.47 1.248 1.483 0.4 1.05 0.58 0.25 0.46 0.3 0.53 0.65 0.1 0.4 0.37 0.46 0.41 0.54 1.248 0.54 0.4 0.476 0.55 0.59 1.345 0.23 0.46 0.32 0.4 1.345 0.46 0.47 0.59 0.4 0.33 0.52 0.4 0.58 0.46 0.38 0.54 0.31 0.47 0.43 0.47 0.48 0.636 0.31 0.5 0.23 0.47 0.4 0.11 0.762 0.36 0.59 0.45 0.4 0.4 1.05 0.4 0.4 0.46 0.53 0.5 0.55 0.36 0.4 1.67 0.637 0.27 0.5 0.42 0.56 0.54 1.46 0.68 0.46 0.33 0.5 0.33 0.45 0.38 0.53 0.41 0.2 0.47 0.43 0.37 0.301 0.3 0.51 0.4 0.46 0.54 0.37 0.55 0.52 0.58 0.485 0.47 0.41 0.59 0.38 1.248 0.635 1.05 0.19 0.5 0.5 0.46 0.27 0.45 0.46 1.483 0.724 0.54 0.901 0.5 0.58 0.4 0.59 0.5 0.4 0.4 1.38 0.54 0.4 0.56 1.46 0.45 0.56 0.4 0.45 0.39 1.345 0.36 0.5 0.476 0.5 0.5 1.43 0.25 0.58 0.46 0.3 0.47 0.377 0.37 0.1 0.37 0.4 0.5 0.68 0.4 0.4 0.65 0.3 0.34 0.4 0.3 0.32 0.68 1.66 0.42 0.485 0.65 0.45 0.23 0.901 0.648 0.56 0.41 0.46 0.43 0.45 0.23 0.23 1.345 0.3 0.37 0.37 0.5 0.4 0.52 0.4 0.59 1.483 0.33 0.65 0.27 0.47 0.6 0.47 0.54 0.42 0.55 0.686 0.45 0.635 0.4 0.54 0.5 0.6 0.11 0.47 0.59 0.762 0.52 0.14 0.54 0.33 0.42 0.37 0.26 0.53 0.54 0.4 0.7 0.4 0.55 0.4 0.56 0.1 0.47 0.377 0.52 0.56 0.4 0.55 0.58 0.6 0.19 0.68 0.56 0.5 0.3 0.3 0.54 0.1 0.43 0.47 0.54 0.37 1.4 0.27 0.56 0.65 0.58 0.49 0.5 0.637 0.5 0.55 0.41 0.71 0.4 0.22 0.4 0.23 0.58 1.67 0.37 0.23 0.4 0.4 0.54 1.345 1.345 0.45 0.54 0.55 0.45 0.09 0.636 0.43 0.36 0.14 0.3 0.36 0.71 0.27 0.56 0.5 0.5 1.483 0.53 0.724 0.55 0.47 0.53 0.465 1.49 0.58 0.4 0.36 0.7 0.58 0.4 0.58 0.4 0.59 0.58 0.25 0.22 0.5 1.345 0.41 0.59 0.42 0.45 0.58 0.37 0.7 0.481 0.38 0.36 1.248 0.32 0.46 0.17 0.54 0.43 0.43 0.51 0.48 0.33 1.483 0.53 0.11 1.483 1.05 1.05 0.5 1.345 0.45 0.636 0.09 0.53 0.41 0.33 0.36 0.22 0.53 0.7 0.41 0.65 0.65 0.762 0.4 0.301 0.25 0.48 0.4 0.22 0.476 0.46 0.2 0.26 0.901 0.47 0.58 0.56 0.48 0.46 0.4 0.46 0.4 0.22 0.45 0.22 0.465 0.52 0.5 0.54 1.345 0.5 0.59 0.4 1.483 0.48 0.377 0.46 0.901 0.37 0.45
Dot Production Prediction of Lab Growth Rates:
0.462453 0.532533 0.344734 0.693286 0.428565 0.358485 0.384623 0.341096 0.316159 0.687383 0.351195 0.456804 0.532378 0.543272 0.480114 0.450316 0.352474 0.398503 0.695092 0.303611 0.447424 0.355816 0.396884 0.777783 0.900804 0.533089 0.694616 0.542291 0.405273 0.309135 0.35175 0.475732 0.616792 0.351462 0.764417 0.49371 0.426085 0.475598 0.536629 0.537096 0.431337 0.638449 0.376864 0.384351 1.24596 0.401958 0.374224 0.336926 0.399371 0.525267 0.383186 0.374291 0.425669 0.453096 0.374104 0.338695 0.57384 0.464237 0.398926 0.375536 0.745245 0.686243 0.354272 0.37422 0.514853 0.36648 0.761502 0.544308 0.386442 0.54675 1.65599 0.38995 0.37754 0.499059 0.523693 0.524078 0.398768 0.487764 0.364347 0.334387 1.43179 0.467742 0.400927 1.35013 1.63745 0.533058 0.359787 0.401919 1.06525 0.394649 0.355 0.475567 0.359218 0.54149 0.537831 0.362752 0.507726 0.537215 0.464781 0.364339 0.386205 0.324791 0.434938 0.397727 0.779312 0.694382 0.443154 0.51228 0.650546 0.421163 0.386144 0.350131 0.393985 0.441391 0.363044 0.337925 0.763328 0.360108 0.400094 0.395937 0.520104 1.41484 0.278331 0.399954 0.38615 1.63431 0.541734 0.432885 0.359407 0.40207 0.399768 0.341084 0.328601 0.899996 0.428937 0.408492 0.391348 0.36858 0.753196 0.521694 0.357662 0.547102 0.406014 0.362827 0.399719 0.522178 0.356518 0.399178 0.364519 0.330183 0.525863 0.465423 0.399501 0.35164 0.792166 0.688489 0.363815 0.434768 0.376859 0.334 0.403412 0.466649 0.488518 0.430905 1.5541 0.535668 0.462902 0.29918 0.387625 0.536706 0.690534 0.358984 0.400853 0.329324 1.60936 0.346347 0.381239 0.347926 0.399532 0.39998 0.346105 0.539864 0.539255 0.400825 0.519748 1.12388 0.425499 0.548989 0.327624 0.334037 0.541767 0.401399 0.399719 0.396364 0.345917 0.350262 0.408058 0.682984 0.465743 1.04352 0.402278 0.418678 1.26031 0.773154 0.40061 1.05156 0.450651 1.63087 0.406594 0.300544 0.398881 0.664144 0.446485 0.397855 0.426465 0.45753 0.532245 0.435652 1.25212 0.412271 0.40053 0.518183 0.460558 0.406805 0.770505 0.537746 0.459292 0.366484 0.400329 0.758053 0.480198 0.391291 0.542746 0.401758 0.34229 0.40047 0.399651 0.370422 0.455764 0.392644 0.539175 0.528856 0.386411 0.413617 0.37417 0.338798 0.695103 0.524437 0.523712 0.543336 0.377635 0.40149 0.396561 1.41559 0.419876 0.549069 1.57729 0.396093 0.396891 1.04972 0.399206 0.398276 0.411882 0.545091 0.548014 0.549219 0.377118 0.402865 1.60647 0.689929 0.356566 0.391825 0.368507 0.54595 0.543552 1.02002 0.680006 0.441102 0.397222 0.520617 0.489633 1.5926 0.383144 0.527768 0.530867 0.395756 0.388267 0.393879 0.502999 0.529353 0.300244 0.429144 0.402747 0.417689 0.443014 0.421471 0.462474 0.372683 0.387302 0.520221 0.40602 0.399423 0.542056 0.343304 1.24128 0.689885 1.11237 0.353243 0.494367 0.486543 0.484014 0.389154 0.393196 0.338748 0.77798 0.69485 0.541928 1.2472 0.365245 0.476122 0.40038 0.543696 0.460259 0.399269 0.401941 1.07009 0.349261 0.39661 0.533 1.02472 0.415711 0.480547 0.4023 0.360402 0.349713 0.761528 0.379514 0.355436 0.522099 0.451186 0.471143 1.42124 0.592421 0.372862 0.463317 0.324082 0.451146 0.521018 0.409195 0.44527 0.434178 0.402081 0.50027 0.672011 0.399325 0.400623 0.648916 0.307183 0.347176 0.401408 0.355212 0.353846 0.676231 1.66 0.516017 0.52615 0.627468 0.342709 0.441527 0.902083 0.685327 0.483685 0.386849 0.435233 0.384432 0.355 0.443665 0.439882 0.765819 0.384803 0.402397 0.432319 0.428484 0.39959 0.404561 0.393333 0.347111 0.784845 0.326266 0.658759 0.386674 0.374267 0.313138 0.366802 0.400105 0.356369 0.553972 0.694872 0.389347 0.690813 0.402868 0.406632 0.383503 0.306559 0.388736 0.438452 0.389979 1.40136 0.392251 0.139667 0.393777 0.355158 0.370407 0.431613 0.453404 0.385817 0.538363 0.39938 0.701837 0.400781 0.453808 0.400544 0.46309 1.51204 0.452612 0.521601 0.386132 0.465993 0.398881 0.460917 0.475319 0.309966 0.352853 0.683627 0.534819 0.405741 0.299977 0.316535 0.446693 0.43864 0.382404 0.37196 0.399254 0.324341 1.4077 0.380281 0.53425 0.624828 0.332671 0.391907 0.476818 0.685196 0.553638 0.546907 0.404992 0.699628 0.399435 0.471704 0.402594 0.536843 0.386631 1.46077 0.424021 0.538814 0.397963 0.401649 0.538003 0.769187 0.790271 0.414766 0.440745 0.46568 1.66053 0.366665 0.694347 0.401118 0.388162 0.140176 0.261038 0.427507 0.69689 0.336248 0.537766 0.5001 0.53982 0.766761 0.531833 0.698892 0.459333 0.368062 0.429988 0.524182 1.66402 0.393637 0.39783 0.36582 0.699182 0.461891 0.400846 0.375062 0.33478 0.342513 0.479086 0.350229 0.471758 0.356596 0.765777 0.52874 0.547988 0.375812 0.355533 0.38589 0.393066 0.705383 0.521558 0.332593 0.370007 1.24329 0.335799 0.381247 0.346784 0.361111 0.386148 0.401266 0.421537 0.325072 0.364638 0.753966 0.409879 0.354554 0.764785 1.05318 1.04468 0.522312 0.767499 1.59609 0.694458 0.383649 0.5306 0.372142 0.473753 0.354525 0.403751 0.327194 0.700173 0.409629 0.674746 0.645047 1.40145 0.39801 0.528761 0.47835 0.364091 0.401627 0.365576 0.520727 0.36218 0.382496 0.380398 0.900495 0.383648 0.460939 0.464804 0.361883 0.461911 0.399687 0.318708 0.402405 0.46449 1.66402 0.464903 0.523346 0.392915 0.538084 0.383662 0.776829 0.467371 0.548251 0.399916 0.749064 0.346218 0.52055 0.43291 0.892119 0.425252 0.405324
Testing:
Lab Growth Rates:
0.39 0.39 0.39
Dot Production Prediction of Lab Growth Rates:
0.360199 0.368264 0.347163
Best performance so far: 
Obj: 4.64054e-310Rho: 2.26291e-314Diff: 4.64054e-310
Anneal again with the best G and E so far as input
Cycle 2Round 1
Iter 500000 pBad 0.944327 T 0.0336523 Obj 1.12897 Rho 0 GRdif 71.0828 success 124344 failure 1359 obj_new 1.12897 SA_pAcc 0.906291 Delta 0.877499 SA_r 0.82611 freedomratio 0.29716
Iter 1000000 pBad 0.87501 T 0.00905977 Obj 1.07865 Rho 0 GRdif 44.3661 success 248267 failure 5748 obj_new 1.07865 SA_pAcc 1 Delta 0.558156 SA_r 0.517639 freedomratio 0.301906
Iter 1500000 pBad 0.84102 T 0.00243905 Obj 1.035 Rho 0 GRdif 20.1615 success 371352 failure 11858 obj_new 1.035 SA_pAcc 0.88509 Delta 0.639532 SA_r 0.498597 freedomratio 0.298371
Iter 2000000 pBad 0.758289 T 0.000656634 Obj 1.02091 Rho 0 GRdif 12.1262 success 493120 failure 21681 obj_new 1.02091 SA_pAcc 1.04999 Delta -0.194683 SA_r 0.466736 freedomratio 0.297311
Iter 2500000 pBad 0.655177 T 0.000176777 Obj 1.01428 Rho 0 GRdif 8.30726 success 612887 failure 36223 obj_new 1.01428 SA_pAcc 1 Delta -0.302688 SA_r 0.670389 freedomratio 0.299132
Iter 3000000 pBad 0.529107 T 4.75915e-05 Obj 1.01183 Rho 0 GRdif 6.89258 success 722726 failure 70998 obj_new 1.01183 SA_pAcc 0.996432 Delta 0.022627 SA_r 0.827966 freedomratio 0.29898
Iter 3500000 pBad 0.340632 T 1.28124e-05 Obj 1.011 Rho 0 GRdif 6.41025 success 821111 failure 129448 obj_new 1.011 SA_pAcc 1 Delta 0.0245268 SA_r 0.17684 freedomratio 0.292415
Iter 4000000 pBad 0.181797 T 3.44933e-06 Obj 1.01028 Rho 0 GRdif 5.99065 success 899684 failure 229603 obj_new 1.01028 SA_pAcc 1 Delta -0.133714 SA_r 0.775374 freedomratio 0.27067
Iter 4500000 pBad 0.0849324 T 9.2862e-07 Obj 1.00977 Rho 0 GRdif 5.69991 success 956783 failure 380703 obj_new 1.00977 SA_pAcc 0.030474 Delta -0.0459055 SA_r 0.20047 freedomratio 0.246737
Iter 5000000 pBad 0.0378935 T 2.50001e-07 Obj 1.00951 Rho 0 GRdif 5.54937 success 992880 failure 590381 obj_new 1.00951 SA_pAcc 1.59899e-05 Delta -0.000953682 SA_r 0.85604 freedomratio 0.221718
Iter 5500000 pBad 0.0215842 T 6.73045e-08 Obj 1.00934 Rho 0 GRdif 5.44846 success 1015060 failure 845364 obj_new 1.00934 SA_pAcc 3.13676e-05 Delta 0.0192294 SA_r 0.102594 freedomratio 0.20312
Iter 6000000 pBad 0.0111952 T 1.81195e-08 Obj 1.00917 Rho 0 GRdif 5.34921 success 1028832 failure 1135611 obj_new 1.00917 SA_pAcc 9.31779e-79 Delta 0.00911896 SA_r 0.373732 freedomratio 0.1874
Iter 6500000 pBad 0.00894013 T 4.87809e-09 Obj 1.00905 Rho 0 GRdif 5.27737 success 1039329 failure 1450450 obj_new 1.00905 SA_pAcc 1 Delta -0.0009645 SA_r 0.142223 freedomratio 0.177953
Iter 7000000 pBad 0.00611349 T 1.31327e-09 Obj 1.00898 Rho 0 GRdif 5.24195 success 1046979 failure 1790095 obj_new 1.00899 SA_pAcc 0 Delta -0.000333233 SA_r 0.104589 freedomratio 0.167285
Iter 7500000 pBad 0.00128455 T 3.53554e-10 Obj 1.00896 Rho 0 GRdif 5.24454 success 1051438 failure 2148242 obj_new 1.00899 SA_pAcc 0 Delta 0.00118725 SA_r 0.347709 freedomratio 0.163004
Iter 8000000 pBad 0.00113993 T 9.51829e-11 Obj 1.00895 Rho 0 GRdif 5.22313 success 1054778 failure 2515916 obj_new 1.00895 SA_pAcc 1 Delta 0.000774356 SA_r 0.0407724 freedomratio 0.159239
Iter 8500000 pBad 0.000463761 T 2.56249e-11 Obj 1.00895 Rho 0 GRdif 5.21889 success 1058397 failure 2890600 obj_new 1.00895 SA_pAcc 1 Delta 5.46249e-05 SA_r 0.571872 freedomratio 0.15552
Iter 9000000 pBad 1.18349e-10 T 6.89867e-12 Obj 1.00894 Rho 0 GRdif 5.21655 success 1061681 failure 3268653 obj_new 1.00894 SA_pAcc 1 Delta 3.20965e-11 SA_r 0.522695 freedomratio 0.153483
Iter 9500000 pBad 1.75815e-15 T 1.85724e-12 Obj 1.00894 Rho 0 GRdif 5.22092 success 1069825 failure 3611680 obj_new 1.00895 SA_pAcc 0 Delta -1.42874e-15 SA_r 0.309589 freedomratio 0.147607
Good enough
iter 9.5348e+06 obj1.00894 rho 0 GRdif 5.21553
Training:
Lab Growth Rates:
0.1 0.301 0.53 0.71 0.37 0.5 0.47 0.17 0.6 0.635 0.36 0.53 0.53 0.56 0.5 0.47 0.5 0.4 0.724 0.3 0.54 0.42 0.2 1.345 0.901 0.56 0.686 0.59 0.54 0.3 0.5 0.5 0.617 0.5 1.483 0.53 0.37 0.58 0.5 0.23 0.43 0.65 0.52 0.52 1.248 0.4 0.52 0.42 0.4 0.42 0.54 0.48 0.17 0.33 0.54 0.39 0.1 0.58 0.4 0.52 1.483 0.648 0.42 0.47 0.1 0.25 1.483 0.55 0.54 0.56 1.66 0.33 0.1 0.5 0.485 0.31 0.4 0.46 0.19 0.54 1.43 0.22 0.4 1.35 1.42 0.42 0.59 0.4 1.03 0.47 0.59 0.56 0.53 0.5 0.23 0.46 0.5 0.56 0.58 0.25 0.43 0.48 0.54 0.4 1.483 0.686 0.09 0.26 0.65 0.43 0.49 0.42 0.47 0.43 0.59 0.34 1.345 0.45 0.4 0.45 0.465 0.762 0.3 0.4 0.5 1.44 0.55 0.1 0.45 0.4 0.4 0.41 0.42 0.901 0.43 0.3 0.52 0.47 1.483 0.481 0.48 0.54 0.51 0.59 0.49 0.27 0.34 0.4 0.47 0.39 0.485 0.46 0.4 0.42 1.345 0.648 0.54 0.37 0.46 0.38 0.47 0.58 0.25 0.22 0.45 0.56 0.58 0.3 0.54 0.56 0.637 0.25 0.4 0.42 0.45 0.58 0.42 0.59 0.4 0.4 0.4 0.53 0.56 0.4 0.481 1.46 0.37 0.55 0.48 0.42 0.54 0.4 0.4 0.52 0.47 0.42 0.42 0.68 0.58 1.46 0.4 0.47 1.248 1.483 0.4 1.05 0.58 0.25 0.46 0.3 0.53 0.65 0.1 0.4 0.37 0.46 0.41 0.54 1.248 0.54 0.4 0.476 0.55 0.59 1.345 0.23 0.46 0.32 0.4 1.345 0.46 0.47 0.59 0.4 0.33 0.52 0.4 0.58 0.46 0.38 0.54 0.31 0.47 0.43 0.47 0.48 0.636 0.31 0.5 0.23 0.47 0.4 0.11 0.762 0.36 0.59 0.45 0.4 0.4 1.05 0.4 0.4 0.46 0.53 0.5 0.55 0.36 0.4 1.67 0.637 0.27 0.5 0.42 0.56 0.54 1.46 0.68 0.46 0.33 0.5 0.33 0.45 0.38 0.53 0.41 0.2 0.47 0.43 0.37 0.301 0.3 0.51 0.4 0.46 0.54 0.37 0.55 0.52 0.58 0.485 0.47 0.41 0.59 0.38 1.248 0.635 1.05 0.19 0.5 0.5 0.46 0.27 0.45 0.46 1.483 0.724 0.54 0.901 0.5 0.58 0.4 0.59 0.5 0.4 0.4 1.38 0.54 0.4 0.56 1.46 0.45 0.56 0.4 0.45 0.39 1.345 0.36 0.5 0.476 0.5 0.5 1.43 0.25 0.58 0.46 0.3 0.47 0.377 0.37 0.1 0.37 0.4 0.5 0.68 0.4 0.4 0.65 0.3 0.34 0.4 0.3 0.32 0.68 1.66 0.42 0.485 0.65 0.45 0.23 0.901 0.648 0.56 0.41 0.46 0.43 0.45 0.23 0.23 1.345 0.3 0.37 0.37 0.5 0.4 0.52 0.4 0.59 1.483 0.33 0.65 0.27 0.47 0.6 0.47 0.54 0.42 0.55 0.686 0.45 0.635 0.4 0.54 0.5 0.6 0.11 0.47 0.59 0.762 0.52 0.14 0.54 0.33 0.42 0.37 0.26 0.53 0.54 0.4 0.7 0.4 0.55 0.4 0.56 0.1 0.47 0.377 0.52 0.56 0.4 0.55 0.58 0.6 0.19 0.68 0.56 0.5 0.3 0.3 0.54 0.1 0.43 0.47 0.54 0.37 1.4 0.27 0.56 0.65 0.58 0.49 0.5 0.637 0.5 0.55 0.41 0.71 0.4 0.22 0.4 0.23 0.58 1.67 0.37 0.23 0.4 0.4 0.54 1.345 1.345 0.45 0.54 0.55 0.45 0.09 0.636 0.43 0.36 0.14 0.3 0.36 0.71 0.27 0.56 0.5 0.5 1.483 0.53 0.724 0.55 0.47 0.53 0.465 1.49 0.58 0.4 0.36 0.7 0.58 0.4 0.58 0.4 0.59 0.58 0.25 0.22 0.5 1.345 0.41 0.59 0.42 0.45 0.58 0.37 0.7 0.481 0.38 0.36 1.248 0.32 0.46 0.17 0.54 0.43 0.43 0.51 0.48 0.33 1.483 0.53 0.11 1.483 1.05 1.05 0.5 1.345 0.45 0.636 0.09 0.53 0.41 0.33 0.36 0.22 0.53 0.7 0.41 0.65 0.65 0.762 0.4 0.301 0.25 0.48 0.4 0.22 0.476 0.46 0.2 0.26 0.901 0.47 0.58 0.56 0.48 0.46 0.4 0.46 0.4 0.22 0.45 0.22 0.465 0.52 0.5 0.54 1.345 0.5 0.59 0.4 1.483 0.48 0.377 0.46 0.901 0.37 0.45
Dot Production Prediction of Lab Growth Rates:
0.885038 0.320203 0.377107 0.716251 0.430362 0.365605 0.40963 0.370408 0.318024 0.714137 0.368549 0.467351 0.532833 0.548827 0.479712 0.439011 0.372561 0.401316 0.723698 0.310957 0.44851 0.370868 0.41966 0.753635 0.904194 0.533075 0.72368 0.543551 0.4129 0.308265 0.34458 0.475959 0.617226 0.363772 0.733204 0.495372 0.425807 0.46978 0.550715 0.530726 0.420903 0.649557 0.421421 0.396457 0.93452 0.4063 0.372383 0.364242 0.402767 0.527167 0.401356 0.363677 0.45128 0.445483 0.420838 0.356172 0.578413 0.475269 0.402021 0.384841 0.723933 0.712061 0.378759 0.392683 0.947074 0.386915 0.712778 0.53873 0.38832 0.55035 1.65423 0.401324 0.404923 0.490365 0.320622 0.489442 0.401905 0.492125 0.381134 0.353522 1.43434 0.467707 0.403355 1.35002 1.48559 0.532789 0.366152 0.405232 1.03 0.40066 0.37119 0.477573 0.394375 0.542101 0.530445 0.407718 0.498437 0.541982 0.465799 0.384112 0.401095 0.34062 0.460568 0.399604 0.723769 0.721211 0.456089 0.500114 0.656421 0.420619 0.407077 0.388239 0.402826 0.436112 0.351555 0.350735 0.739426 0.377957 0.417356 0.408212 0.323004 0.911109 0.282513 0.403338 0.388721 1.51525 0.540487 0.438452 0.378634 0.404976 0.402977 0.362146 0.357659 0.901901 0.433052 0.427925 0.418566 0.409421 0.70183 0.318759 0.398946 0.555438 0.418922 0.37124 0.421786 0.539554 0.36286 0.400052 0.402384 0.339552 0.31653 0.470615 0.395743 0.365161 0.74394 0.713984 0.375176 0.439064 0.412903 0.359652 0.419461 0.468095 0.52298 0.447938 1.42867 0.543592 0.471627 0.301507 0.389935 0.541329 0.708195 0.388796 0.399603 0.379536 1.45228 0.37149 0.402006 0.361296 0.402962 0.400214 0.36898 0.531916 0.541712 0.400706 0.318362 1.30204 0.42431 0.561102 0.362096 0.351815 0.546866 0.403959 0.405586 0.415001 0.372547 0.374309 0.409013 0.633852 0.469821 0.978172 0.402964 0.453542 0.941496 0.707117 0.403783 1.05017 0.455433 1.48321 0.424392 0.302831 0.433226 0.667267 0.80565 0.395438 0.425588 0.461114 0.315303 0.453239 0.936924 0.441915 0.403672 0.323689 0.462662 0.398607 0.733514 0.532846 0.464017 0.373488 0.399029 0.727451 0.481614 0.395599 0.546935 0.402851 0.357003 0.398396 0.400678 0.372404 0.45315 0.388606 0.539598 0.492438 0.410916 0.419245 0.389499 0.355393 0.713565 0.492172 0.514972 0.534613 0.41609 0.403216 0.417652 0.920456 0.437829 0.551446 1.4432 0.39669 0.396353 1.04872 0.394577 0.402785 0.421013 0.541981 0.54338 0.550298 0.391431 0.403619 1.47195 0.709715 0.374957 0.394869 0.375906 0.54961 0.551481 0.99703 0.633787 0.46381 0.401825 0.517878 0.481606 1.44904 0.380369 0.522182 0.318973 0.414109 0.386272 0.401277 0.520796 0.322383 0.300208 0.440877 0.404659 0.438533 0.443497 0.445328 0.457552 0.392109 0.380863 0.32035 0.425146 0.41159 0.548665 0.36049 0.938354 0.713013 1.32453 0.371763 0.506529 0.480043 0.468797 0.398582 0.403467 0.342698 0.742825 0.720228 0.544235 0.900373 0.375879 0.476154 0.401657 0.544792 0.463588 0.403116 0.403932 1.01958 0.368321 0.396351 0.535594 1.00149 0.425776 0.476603 0.401366 0.384499 0.361091 0.701626 0.396253 0.367715 0.32403 0.469731 0.467967 1.42438 0.570555 0.401413 0.458257 0.322036 0.452831 0.32383 0.421455 0.801367 0.441474 0.406914 0.496764 0.625035 0.400281 0.404254 0.65098 0.300022 0.342609 0.405621 0.370118 0.366064 0.630428 1.66 0.520678 0.315151 0.636144 0.369429 0.438956 0.902229 0.711357 0.479928 0.391561 0.434176 0.394033 0.377506 0.438067 0.438916 0.722839 0.402594 0.397652 0.438298 0.407905 0.396239 0.411228 0.394796 0.354213 0.728638 0.36449 0.64696 0.401991 0.383545 0.307281 0.389308 0.422452 0.375217 0.553504 0.72418 0.402388 0.713326 0.403307 0.411188 0.400573 0.309161 0.413549 0.452141 0.387733 0.900372 0.412903 0.140454 0.389727 0.35821 0.378678 0.436808 0.440877 0.393744 0.538589 0.400367 0.694688 0.398962 0.447517 0.403403 0.464507 1.41317 0.461982 0.323053 0.404764 0.463378 0.398273 0.461758 0.471848 0.308693 0.372069 0.634724 0.538296 0.404527 0.299932 0.316582 0.449959 0.439446 0.38813 0.383275 0.416536 0.355315 1.40893 0.40669 0.541831 0.626065 0.360395 0.411725 0.468398 0.707241 0.536127 0.540193 0.414309 0.72212 0.402631 0.473816 0.406443 0.534222 0.390643 1.4108 0.424668 0.532515 0.398152 0.405752 0.54339 0.741641 0.755011 0.423922 0.465248 0.463403 1.51314 0.377319 0.722908 0.396167 0.39015 0.138845 0.262066 0.4253 0.715536 0.346783 0.537027 0.498466 0.529665 0.724713 0.526114 0.719907 0.459143 0.405796 0.444925 0.323953 1.4985 0.427733 0.396287 0.364035 0.695599 0.471277 0.404385 0.411013 0.370338 0.347175 0.473885 0.346575 0.469196 0.356543 0.715795 0.316902 0.552872 0.380672 0.384793 0.386871 0.395152 0.701094 0.320351 0.371567 0.381065 0.933327 0.339096 0.397482 0.355952 0.369085 0.387858 0.407986 0.431229 0.366244 0.393959 0.722219 0.424693 0.383044 0.710374 1.05 0.998218 0.500529 0.750111 1.46673 0.719134 0.392624 0.526091 0.380056 0.469009 0.371364 0.413961 0.339283 0.700197 0.41625 0.652738 0.647982 0.910799 0.39802 0.323254 0.498602 0.374476 0.403539 0.398713 0.324295 0.362487 0.385916 0.371639 0.900139 0.426197 0.469849 0.467228 0.362244 0.468452 0.396548 0.340312 0.404958 0.468554 1.4985 0.472181 0.326772 0.391609 0.530805 0.403478 0.730423 0.468778 0.548282 0.399503 0.720395 0.353452 0.324763 0.439868 0.901 0.426448 0.412453
Testing:
Lab Growth Rates:
0.39 0.39 0.39
Dot Production Prediction of Lab Growth Rates:
0.369731 0.394687 0.376996
Best performance so far: 
Obj: 4.64054e-310Rho: 2.26291e-314Diff: 4.64054e-310
Test:
 Lab Growth Rates:
0.39 0.39 0.39Dot Product Prediction of Growth Rate:
0.3697307 0.3946869 0.3769955