seed =  5 traits =  1 
Training: part  41 
Training: part  41 
Round  1 
 Goal of obj  0.99 
Temperature range:  0.125 1e-13 
Cycle 1Round 1
Iter 500000 pBad 0.921693 T 0.0310503 Obj 1.09742 Rho 0 GRdif 54.4781 success 148006 failure 1856 obj_new 1.09742 SA_pAcc 1 Delta 0.440224 SA_r 0.925985 freedomratio 0.372063
Iter 1000000 pBad 0.882211 T 0.00771294 Obj 1.12304 Rho 0 GRdif 67.9996 success 294605 failure 6137 obj_new 1.12304 SA_pAcc 1 Delta -0.349565 SA_r 0.573425 freedomratio 0.367859
Iter 1500000 pBad 0.826485 T 0.00191591 Obj 1.02326 Rho 0 GRdif 13.5276 success 440742 failure 12787 obj_new 1.02335 SA_pAcc 0.950092 Delta -0.636028 SA_r 0.950353 freedomratio 0.369949
Iter 2000000 pBad 0.771894 T 0.000475915 Obj 1.018 Rho 0 GRdif 10.4564 success 584955 failure 23523 obj_new 1.018 SA_pAcc 0.90175 Delta -0.479179 SA_r 0.628827 freedomratio 0.370651
Iter 2500000 pBad 0.666173 T 0.000118218 Obj 1.0132 Rho 0 GRdif 7.6841 success 724138 failure 45007 obj_new 1.0132 SA_pAcc 1 Delta -0.560174 SA_r 0.113274 freedomratio 0.374202
Iter 3000000 pBad 0.432832 T 2.93656e-05 Obj 1.01112 Rho 0 GRdif 6.48319 success 852476 failure 89533 obj_new 1.01112 SA_pAcc 1.00948 Delta -0.265768 SA_r 0.395059 freedomratio 0.354722
Iter 3500000 pBad 0.305417 T 7.29445e-06 Obj 1.01033 Rho 0 GRdif 6.0199 success 960266 failure 174164 obj_new 1.01033 SA_pAcc 0.390542 Delta 0.149869 SA_r 0.310043 freedomratio 0.355367
Iter 4000000 pBad 0.135553 T 1.81195e-06 Obj 1.0098 Rho 0 GRdif 5.71735 success 1042722 failure 312112 obj_new 1.0098 SA_pAcc 0.797989 Delta 0.00926688 SA_r 0.44358 freedomratio 0.314041
Iter 4500000 pBad 0.0471721 T 4.50092e-07 Obj 1.00937 Rho 0 GRdif 5.46463 success 1096412 failure 517213 obj_new 1.00937 SA_pAcc 1 Delta 0.0362988 SA_r 0.743031 freedomratio 0.269301
Iter 5000000 pBad 0.0281661 T 1.11804e-07 Obj 1.00908 Rho 0 GRdif 5.29803 success 1126669 failure 786887 obj_new 1.00908 SA_pAcc 1 Delta 0.0161371 SA_r 0.473829 freedomratio 0.234776
Iter 5500000 pBad 0.017096 T 2.77722e-08 Obj 1.00897 Rho 0 GRdif 5.23153 success 1143836 failure 1102351 obj_new 1.00897 SA_pAcc 1.15406e-08 Delta 0.0156023 SA_r 0.679905 freedomratio 0.214338
Iter 6000000 pBad 0.00923052 T 6.89867e-09 Obj 1.00892 Rho 0 GRdif 5.21224 success 1153158 failure 1447445 obj_new 1.00893 SA_pAcc 0 Delta -0.00382768 SA_r 0.36395 freedomratio 0.205614
Iter 6500000 pBad 0.00738063 T 1.71364e-09 Obj 1.00889 Rho 0 GRdif 5.18811 success 1159193 failure 1808138 obj_new 1.00889 SA_pAcc 1 Delta 0.00417769 SA_r 0.648598 freedomratio 0.198914
Iter 7000000 pBad 0.0033097 T 4.25671e-10 Obj 1.00887 Rho 0 GRdif 5.1791 success 1163776 failure 2180924 obj_new 1.00888 SA_pAcc 0 Delta -0.00109608 SA_r 0.26124 freedomratio 0.193527
Iter 7500000 pBad 0.0011552 T 1.05737e-10 Obj 1.00886 Rho 0 GRdif 5.16781 success 1167081 failure 2561535 obj_new 1.00886 SA_pAcc 0 Delta -0.000614017 SA_r 0.634656 freedomratio 0.190198
Iter 8000000 pBad 0.00111662 T 2.62654e-11 Obj 1.00885 Rho 0 GRdif 5.16452 success 1171098 failure 2948653 obj_new 1.00885 SA_pAcc 0 Delta -0.000768877 SA_r 0.382468 freedomratio 0.183699
Iter 8500000 pBad 0.000531114 T 6.52436e-12 Obj 1.00885 Rho 0 GRdif 5.16089 success 1177950 failure 3345377 obj_new 1.00885 SA_pAcc 1 Delta -3.43982e-05 SA_r 0.0913254 freedomratio 0.174353
Iter 9000000 pBad 4.10726e-14 T 1.62066e-12 Obj 1.00884 Rho 0 GRdif 5.18463 success 1184204 failure 3728797 obj_new 1.00889 SA_pAcc 0 Delta 2.62524e-14 SA_r 0.695479 freedomratio 0.165443
Iter 9500000 pBad 3.77187e-79 T 4.02575e-13 Obj 1.00884 Rho 0 GRdif 5.15986 success 1184229 failure 4063454 obj_new 1.00884 SA_pAcc 0 Delta 0 SA_r 0.436611 freedomratio 0.164885
Iter 10000000 pBad 0 T 1e-13 Obj 1.00884 Rho 0 GRdif 5.173 success 1184229 failure 4407603 obj_new 1.00887 SA_pAcc 0 Delta 0 SA_r 0.673307 freedomratio 0.100274
Cannot move further
iter 9.01196e+06 obj1.00884 rho 0 GRdif 5.15965
Training:
Lab Growth Rates:
1.43 0.1 1.345 0.48 0.47 0.36 0.3 0.56 0.52 0.41 1.483 0.55 0.22 0.5 1.483 0.5 0.46 0.51 0.37 1.248 0.23 0.26 0.22 0.5 0.2 0.3 0.377 0.31 0.19 0.32 0.48 0.55 0.47 0.4 0.54 1.483 1.345 1.345 0.45 0.36 0.26 0.42 0.09 1.483 0.56 0.3 0.25 0.1 0.23 0.56 0.5 0.38 0.71 0.59 1.4 0.476 0.636 0.617 0.58 0.5 0.56 0.5 0.53 0.3 0.23 0.5 0.34 0.59 0.54 0.5 0.46 0.42 0.481 0.46 0.58 0.4 0.47 0.46 0.47 0.5 0.636 0.5 0.52 0.58 0.52 0.54 0.47 0.53 0.47 0.4 0.762 0.22 0.53 0.58 0.5 0.4 0.55 0.901 0.54 0.42 0.54 1.483 0.762 0.4 0.48 0.54 1.248 1.66 0.45 0.53 0.55 0.38 0.686 0.33 0.45 0.485 0.4 0.4 0.46 1.46 0.4 0.4 0.45 0.45 0.5 0.901 0.56 0.47 0.1 0.648 0.465 0.48 0.23 0.7 0.46 0.724 0.762 0.33 0.39 0.45 0.47 0.53 0.37 0.42 0.4 0.4 0.4 1.483 0.54 0.648 0.4 0.42 0.17 0.4 0.54 0.5 1.05 1.345 0.65 0.636 0.39 0.54 0.59 0.49 0.47 0.58 0.42 0.55 1.248 0.32 0.56 0.48 0.45 0.34 0.43 0.58 0.37 0.36 0.25 0.4 0.637 0.55 0.71 0.31 0.46 0.52 0.4 0.4 0.59 0.33 0.56 0.51 0.4 0.54 0.4 0.58 0.635 0.59 0.5 0.46 0.49 0.58 0.22 0.3 0.56 0.45 1.248 0.47 1.248 0.58 0.59 0.6 1.345 0.45 0.33 0.3 0.54 0.55 0.19 0.23 0.901 0.3 0.11 0.71 0.27 0.47 0.37 0.54 0.4 0.686 1.46 0.54 1.67 0.4 0.3 0.42 0.56 0.1 0.25 0.4 1.483 0.33 0.476 0.37 0.4 0.377 0.25 0.5 0.25 0.4 0.4 0.46 0.56 0.901 1.05 0.37 0.4 0.33 0.54 0.42 0.5 1.49 0.59 1.345 0.46 0.47 0.54 0.56 0.4 0.43 0.42 0.45 1.345 0.39 0.4 0.53 0.65 0.45 0.39 0.27 0.38 0.5 0.54 0.37 0.52 0.46 0.7 0.09 0.37 0.4 0.3 0.1 0.58 0.637 0.53 0.53 0.47 1.345 0.5 0.58 0.52 0.23 1.43 0.48 0.22 0.4 1.483 0.48 0.43 0.47 0.6 0.6 0.41 0.485 0.3 0.39 0.55 0.59 0.3 0.45 0.485 0.4 0.5 0.4 0.481 0.46 0.56 0.56 0.43 0.33 0.47 0.19 0.58 1.483 0.55 0.5 0.42 0.45 0.27 0.5 0.41 0.37 0.4 0.43 0.47 0.54 1.46 0.17 0.14 0.53 0.7 0.53 0.5 0.36 0.5 0.58 0.36 0.54 0.47 0.42 0.43 0.4 0.47 0.47 0.1 0.42 0.4 0.52 1.345 0.54 0.46 0.43 0.34 0.25 0.55 0.301 0.59 0.56 0.1 1.46 0.17 0.49 0.5 0.45 0.4 0.3 0.14 0.59 0.33 0.4 0.22 0.53 0.25 0.42 1.345 0.37 0.4 0.38 0.36 0.38 0.42 0.53 0.23 0.3 0.46 0.68 0.59 0.635 1.345 1.483 0.58 0.476 0.648 0.4 0.43 0.37 0.54 0.68 0.41 0.5 0.52 0.68 0.635 0.36 0.47 0.4 0.41 0.58 0.11 0.56 0.7 0.51 0.37 0.41 0.43 0.36 0.43 0.42 0.68 0.11 0.46 0.27 0.55 0.52 0.54 0.59 1.66 1.05 0.47 1.42 0.22 0.45 0.59 1.44 0.32 0.58 0.46 0.45 0.54 0.5 0.4 0.39 0.45 0.52 0.4 0.54 0.09 0.485 0.4 1.38 0.4 0.42 0.4 0.4 0.41 0.58 0.46 0.54 0.27 0.53 0.5 0.65 0.58 0.2 0.27 0.481 0.58 0.4 0.45 0.52 0.65 0.4 0.47 0.65 0.54 1.35 0.68 0.46 0.43 0.46 0.65 0.31 0.4 0.47 0.901 0.5 0.43 0.65 0.55 0.36 1.483 0.42 0.52 0.465 0.37 0.65 0.65 1.345 0.2 0.33 0.4 0.4 0.4 0.637 0.25 1.67 0.23 0.377 0.37 0.5 0.53 0.41 0.5 0.37 0.41 0.26 0.59 0.4 0.901 0.6 0.54 0.4 1.05 1.03 0.5 0.59 0.48 1.483 0.4 0.58 0.23 0.5 0.301 0.46 0.45 0.724 0.4 0.46 0.5 0.5 0.4 0.4 0.3 0.53 0.22 0.4 0.37 0.724 0.54 0.762 1.05 0.301 0.47 0.54 0.4 0.4 0.48 0.686 0.59 0.4 0.42 0.465 0.1 0.1 0.58 0.4
Dot Production Prediction of Lab Growth Rates:
1.4325 0.838539 0.771357 0.341498 0.381083 0.361008 0.430389 0.540516 0.390803 0.404101 0.771258 0.548768 0.447088 0.481672 0.754851 0.50756 0.445196 0.410277 0.425247 1.10765 0.527135 0.531686 0.466479 0.38755 0.433433 0.300803 0.481712 0.517963 0.372776 0.335401 0.375581 0.545551 0.404133 0.397182 0.44155 0.735483 0.780041 0.728009 0.421923 0.37916 0.462961 0.564073 0.450953 0.757232 0.537109 0.368437 1.53223 0.57429 0.534584 0.533656 0.537263 0.350023 0.703147 0.357287 1.43833 0.489808 0.696659 0.617108 0.458901 0.37689 0.541259 0.471453 0.44313 0.261181 0.534383 0.500173 0.343021 0.546275 0.447759 0.378281 0.495408 0.39167 0.484312 0.46026 0.383356 0.401898 0.47929 0.383274 0.374886 0.54154 0.693341 0.416697 0.384201 0.369371 0.363191 0.415884 0.422513 0.411742 0.381407 0.402292 1.15042 0.46341 0.380197 0.378869 0.499979 0.40047 0.452777 0.902453 0.446861 0.383613 0.458063 0.771116 1.13853 0.399951 0.371605 0.375535 1.10902 1.65688 1.47329 0.532926 0.449489 0.389273 0.70306 0.371088 1.55292 0.48604 0.40173 0.403596 0.348385 1.19011 0.418005 0.399137 1.47576 0.359157 0.527115 0.89749 0.485362 0.45295 0.858607 0.691452 0.492499 0.378407 0.441006 0.701008 0.468084 0.697841 1.14244 0.393858 0.375805 0.347638 0.396713 0.485188 0.343437 0.382395 0.397755 0.402781 0.399187 0.780943 0.400118 0.689982 0.39982 0.551386 0.370682 0.401574 0.54428 0.51693 1.05012 0.7529 0.636421 0.69773 0.373826 0.547595 0.365653 0.392229 0.382879 0.483565 0.369884 0.4432 1.12257 0.34902 0.477974 0.344692 0.377138 0.360005 0.431047 0.382017 0.455209 0.357425 0.345271 0.402091 0.688289 0.545986 0.703553 0.520424 0.374361 0.391488 0.401574 0.402259 0.381783 0.471217 0.479995 0.428437 0.39987 0.53696 0.399981 0.473314 0.694076 0.354747 0.479221 0.352668 0.387094 0.472058 0.467885 0.324622 0.539647 0.414293 1.11303 0.37416 1.10921 0.382157 0.545137 0.318499 0.749886 1.46645 0.396608 0.30004 0.408938 0.540797 0.356827 0.537186 0.90322 0.309235 0.36445 0.696597 0.385603 0.454816 0.42803 0.421161 0.405291 0.703925 1.01361 0.549218 1.52705 0.398078 0.30305 0.373002 0.539299 0.905646 0.379752 0.402983 0.745188 0.500215 0.486687 0.425989 0.404159 0.483179 0.389533 0.468097 0.388757 0.364764 0.401593 0.436868 0.472688 0.899279 1.05 0.520216 0.400803 0.401181 0.339944 0.384701 0.483128 1.55926 0.351132 0.781368 0.452096 0.429305 0.396981 0.539892 0.39937 0.393156 0.413383 1.49467 0.77154 0.348342 0.39981 0.514711 0.649841 0.421059 0.349748 0.408796 0.360869 0.500533 0.457227 0.42628 0.390904 0.501565 0.697431 0.394302 0.441165 0.402924 0.29506 1.34915 0.476006 0.688467 0.3711 0.529976 0.377383 0.792393 0.359278 0.476719 0.407274 0.441141 1.4256 0.359717 0.464 0.404779 0.735144 0.359676 0.447554 0.378501 0.311416 0.314006 0.479306 0.4829 0.307253 0.360635 0.445112 0.553997 0.306411 0.37605 0.481901 0.40112 0.366133 0.401402 0.482202 0.48835 0.474805 0.541398 0.459056 0.358218 0.416485 0.356477 0.477563 0.760863 0.541862 0.350999 0.377389 0.413612 0.345716 0.499555 0.383701 0.409416 0.400362 0.378566 0.381148 0.418767 1.01657 0.444482 0.140073 0.545081 0.691592 0.363434 0.540004 0.42315 0.353372 0.361795 0.430878 0.403866 0.403599 0.386191 0.421616 0.400443 0.47945 0.369459 0.382043 0.353475 0.399161 0.407135 0.773944 0.537667 0.468785 0.395296 0.345862 0.516181 0.448791 0.48301 0.406813 0.473507 1.03512 1.01414 0.369211 0.403687 0.360482 1.55926 0.395436 0.399667 0.139735 0.557293 0.43844 0.400919 0.376195 0.546547 0.570295 0.3511 0.743473 0.440365 0.39987 0.354036 0.368728 0.393558 0.373693 0.535801 0.440451 0.2782 0.387144 0.679243 0.54961 0.691493 0.783335 0.74953 0.477641 0.49291 0.689323 0.399516 0.425263 0.435383 0.534264 0.666966 0.484568 0.464931 0.407361 0.683519 0.6926 0.374475 0.433129 0.399998 0.393008 0.47077 0.394799 0.541427 0.705252 0.419904 0.427543 0.483266 0.432304 0.389135 0.409219 0.375588 0.680519 0.405504 0.412262 0.560445 0.54167 0.392495 0.375653 0.412764 1.66 1.1837 0.450079 1.50515 0.405557 0.354798 0.550213 1.54029 0.36663 0.470504 0.364427 0.396973 0.401841 0.558632 0.373378 0.35522 0.379792 0.426734 0.405173 0.382147 0.366814 0.489771 0.403049 1.04081 0.402147 0.554991 0.397922 0.402204 0.357814 0.341949 0.460066 0.392041 0.385118 0.403965 0.47334 0.624513 0.355808 0.394237 0.407186 0.486435 0.407644 0.400572 1.57992 0.380755 0.656019 0.403475 0.411387 0.648501 0.538156 1.34997 0.681206 0.432971 0.388463 0.463529 0.638355 0.533152 0.40204 0.400469 0.901 0.534122 0.399797 0.652092 0.449371 0.367353 0.774041 0.393961 0.383739 0.489705 0.430482 0.649761 0.655578 0.796034 0.416035 0.362227 0.402111 0.402082 0.40036 0.691136 0.494447 1.45309 0.535935 0.481189 0.422914 0.395258 0.322905 0.400768 0.363597 0.410308 0.371759 0.390554 0.369551 0.402175 1.04441 0.309242 0.382286 0.402765 1.03297 1.03 0.471367 0.545541 0.336399 0.716352 0.40444 0.475738 0.533188 0.388224 0.481701 0.450677 0.354642 0.701063 0.401882 0.456365 0.524147 0.535125 0.404618 0.40466 0.324402 0.536016 0.46913 0.397696 0.443108 0.700722 0.443482 1.1487 1.04967 0.485556 0.389729 0.359634 0.40197 0.398122 0.354407 0.704019 0.374193 0.395813 0.355892 0.486516 0.456861 0.447989 0.489535 0.402784
Testing:
Lab Growth Rates:
0.56 0.56 0.56
Dot Production Prediction of Lab Growth Rates:
0.53469 0.53953 0.530103
Best performance so far: 
Obj: 4.63638e-310Rho: 2.26291e-314Diff: 4.63638e-310
Anneal again with the best G and E so far as input
Cycle 2Round 1
Iter 500000 pBad 0.939459 T 0.0310503 Obj 1.17205 Rho 0 GRdif 93.029 success 119579 failure 1263 obj_new 1.17205 SA_pAcc 1.00901 Delta -0.705085 SA_r 0.830341 freedomratio 0.290099
Iter 1000000 pBad 0.866659 T 0.00771294 Obj 1.05364 Rho 0 GRdif 30.6214 success 240053 failure 5720 obj_new 1.05364 SA_pAcc 1.06841 Delta -0.37352 SA_r 0.806593 freedomratio 0.292269
Iter 1500000 pBad 0.828807 T 0.00191591 Obj 1.02761 Rho 0 GRdif 15.9587 success 359364 failure 12251 obj_new 1.02761 SA_pAcc 1 Delta -0.773356 SA_r 0.788476 freedomratio 0.28867
Iter 2000000 pBad 0.734128 T 0.000475915 Obj 1.0199 Rho 0 GRdif 11.5451 success 477572 failure 21755 obj_new 1.0199 SA_pAcc 1 Delta -0.681173 SA_r 0.916334 freedomratio 0.289097
Iter 2500000 pBad 0.635428 T 0.000118218 Obj 1.0146 Rho 0 GRdif 9.20601 success 592055 failure 39046 obj_new 1.01583 SA_pAcc 2.94885e-05 Delta -0.437073 SA_r 0.858644 freedomratio 0.287537
Iter 3000000 pBad 0.428964 T 2.93656e-05 Obj 1.01196 Rho 0 GRdif 6.9651 success 694396 failure 81465 obj_new 1.01196 SA_pAcc 0.891449 Delta -0.0902621 SA_r 0.167765 freedomratio 0.284466
Iter 3500000 pBad 0.245513 T 7.29445e-06 Obj 1.01067 Rho 0 GRdif 6.22214 success 780542 failure 158100 obj_new 1.01067 SA_pAcc 1 Delta 0.144376 SA_r 0.538268 freedomratio 0.268315
Iter 4000000 pBad 0.143337 T 1.81195e-06 Obj 1.01014 Rho 0 GRdif 5.91245 success 848348 failure 276092 obj_new 1.01014 SA_pAcc 0.966571 Delta 0.0346526 SA_r 0.398104 freedomratio 0.256119
Iter 4500000 pBad 0.0654949 T 4.50092e-07 Obj 1.00975 Rho 0 GRdif 5.68366 success 895702 failure 447250 obj_new 1.00975 SA_pAcc 0.236033 Delta -0.0326215 SA_r 0.0432288 freedomratio 0.225558
Iter 5000000 pBad 0.0265648 T 1.11804e-07 Obj 1.00958 Rho 0 GRdif 5.58973 success 921206 failure 683260 obj_new 1.00958 SA_pAcc 1 Delta -0.0173757 SA_r 0.355149 freedomratio 0.202698
Iter 5500000 pBad 0.0166008 T 2.77722e-08 Obj 1.00953 Rho 0 GRdif 5.55983 success 935082 failure 962008 obj_new 1.00953 SA_pAcc 2.2073e-12 Delta 0.0150163 SA_r 0.158004 freedomratio 0.190755
Iter 6000000 pBad 0.00621212 T 6.89867e-09 Obj 1.00948 Rho 0 GRdif 5.53008 success 943848 failure 1261742 obj_new 1.00948 SA_pAcc 0.931271 Delta 0.00374127 SA_r 0.0581811 freedomratio 0.18324
Iter 6500000 pBad 0.00702444 T 1.71364e-09 Obj 1.00944 Rho 0 GRdif 5.50763 success 949682 failure 1577111 obj_new 1.00944 SA_pAcc 4.11247e-86 Delta 0.00149948 SA_r 0.0129685 freedomratio 0.176506
Iter 7000000 pBad 0.00272559 T 4.25671e-10 Obj 1.00943 Rho 0 GRdif 5.5048 success 952624 failure 1907440 obj_new 1.00944 SA_pAcc 0 Delta 0.00172558 SA_r 0.292972 freedomratio 0.1721
Iter 7500000 pBad 0.000422601 T 1.05737e-10 Obj 1.00942 Rho 0 GRdif 5.49326 success 954794 failure 2246990 obj_new 1.00942 SA_pAcc 1 Delta -0.000164342 SA_r 0.509727 freedomratio 0.168197
Iter 8000000 pBad 0.000826882 T 2.62654e-11 Obj 1.00941 Rho 0 GRdif 5.49064 success 955564 failure 2592096 obj_new 1.00941 SA_pAcc 0 Delta 0.000804551 SA_r 0.860526 freedomratio 0.167764
Iter 8500000 pBad 0.00172258 T 6.52436e-12 Obj 1.00941 Rho 0 GRdif 5.48873 success 956633 failure 2938909 obj_new 1.00941 SA_pAcc 0 Delta 0.00133553 SA_r 0.944665 freedomratio 0.166856
Iter 9000000 pBad 0.00106919 T 1.62066e-12 Obj 1.00941 Rho 0 GRdif 5.48665 success 959939 failure 3289496 obj_new 1.00941 SA_pAcc 0 Delta 0.000337983 SA_r 0.373618 freedomratio 0.161388
Iter 9500000 pBad 0.000492391 T 4.02575e-13 Obj 1.0094 Rho 0 GRdif 5.50142 success 964917 failure 3641076 obj_new 1.00943 SA_pAcc 0 Delta 0.00016148 SA_r 0.435266 freedomratio 0.157866
Good enough
iter 9.60634e+06 obj1.0094 rho 0 GRdif 5.48528
Training:
Lab Growth Rates:
1.43 0.1 1.345 0.48 0.47 0.36 0.3 0.56 0.52 0.41 1.483 0.55 0.22 0.5 1.483 0.5 0.46 0.51 0.37 1.248 0.23 0.26 0.22 0.5 0.2 0.3 0.377 0.31 0.19 0.32 0.48 0.55 0.47 0.4 0.54 1.483 1.345 1.345 0.45 0.36 0.26 0.42 0.09 1.483 0.56 0.3 0.25 0.1 0.23 0.56 0.5 0.38 0.71 0.59 1.4 0.476 0.636 0.617 0.58 0.5 0.56 0.5 0.53 0.3 0.23 0.5 0.34 0.59 0.54 0.5 0.46 0.42 0.481 0.46 0.58 0.4 0.47 0.46 0.47 0.5 0.636 0.5 0.52 0.58 0.52 0.54 0.47 0.53 0.47 0.4 0.762 0.22 0.53 0.58 0.5 0.4 0.55 0.901 0.54 0.42 0.54 1.483 0.762 0.4 0.48 0.54 1.248 1.66 0.45 0.53 0.55 0.38 0.686 0.33 0.45 0.485 0.4 0.4 0.46 1.46 0.4 0.4 0.45 0.45 0.5 0.901 0.56 0.47 0.1 0.648 0.465 0.48 0.23 0.7 0.46 0.724 0.762 0.33 0.39 0.45 0.47 0.53 0.37 0.42 0.4 0.4 0.4 1.483 0.54 0.648 0.4 0.42 0.17 0.4 0.54 0.5 1.05 1.345 0.65 0.636 0.39 0.54 0.59 0.49 0.47 0.58 0.42 0.55 1.248 0.32 0.56 0.48 0.45 0.34 0.43 0.58 0.37 0.36 0.25 0.4 0.637 0.55 0.71 0.31 0.46 0.52 0.4 0.4 0.59 0.33 0.56 0.51 0.4 0.54 0.4 0.58 0.635 0.59 0.5 0.46 0.49 0.58 0.22 0.3 0.56 0.45 1.248 0.47 1.248 0.58 0.59 0.6 1.345 0.45 0.33 0.3 0.54 0.55 0.19 0.23 0.901 0.3 0.11 0.71 0.27 0.47 0.37 0.54 0.4 0.686 1.46 0.54 1.67 0.4 0.3 0.42 0.56 0.1 0.25 0.4 1.483 0.33 0.476 0.37 0.4 0.377 0.25 0.5 0.25 0.4 0.4 0.46 0.56 0.901 1.05 0.37 0.4 0.33 0.54 0.42 0.5 1.49 0.59 1.345 0.46 0.47 0.54 0.56 0.4 0.43 0.42 0.45 1.345 0.39 0.4 0.53 0.65 0.45 0.39 0.27 0.38 0.5 0.54 0.37 0.52 0.46 0.7 0.09 0.37 0.4 0.3 0.1 0.58 0.637 0.53 0.53 0.47 1.345 0.5 0.58 0.52 0.23 1.43 0.48 0.22 0.4 1.483 0.48 0.43 0.47 0.6 0.6 0.41 0.485 0.3 0.39 0.55 0.59 0.3 0.45 0.485 0.4 0.5 0.4 0.481 0.46 0.56 0.56 0.43 0.33 0.47 0.19 0.58 1.483 0.55 0.5 0.42 0.45 0.27 0.5 0.41 0.37 0.4 0.43 0.47 0.54 1.46 0.17 0.14 0.53 0.7 0.53 0.5 0.36 0.5 0.58 0.36 0.54 0.47 0.42 0.43 0.4 0.47 0.47 0.1 0.42 0.4 0.52 1.345 0.54 0.46 0.43 0.34 0.25 0.55 0.301 0.59 0.56 0.1 1.46 0.17 0.49 0.5 0.45 0.4 0.3 0.14 0.59 0.33 0.4 0.22 0.53 0.25 0.42 1.345 0.37 0.4 0.38 0.36 0.38 0.42 0.53 0.23 0.3 0.46 0.68 0.59 0.635 1.345 1.483 0.58 0.476 0.648 0.4 0.43 0.37 0.54 0.68 0.41 0.5 0.52 0.68 0.635 0.36 0.47 0.4 0.41 0.58 0.11 0.56 0.7 0.51 0.37 0.41 0.43 0.36 0.43 0.42 0.68 0.11 0.46 0.27 0.55 0.52 0.54 0.59 1.66 1.05 0.47 1.42 0.22 0.45 0.59 1.44 0.32 0.58 0.46 0.45 0.54 0.5 0.4 0.39 0.45 0.52 0.4 0.54 0.09 0.485 0.4 1.38 0.4 0.42 0.4 0.4 0.41 0.58 0.46 0.54 0.27 0.53 0.5 0.65 0.58 0.2 0.27 0.481 0.58 0.4 0.45 0.52 0.65 0.4 0.47 0.65 0.54 1.35 0.68 0.46 0.43 0.46 0.65 0.31 0.4 0.47 0.901 0.5 0.43 0.65 0.55 0.36 1.483 0.42 0.52 0.465 0.37 0.65 0.65 1.345 0.2 0.33 0.4 0.4 0.4 0.637 0.25 1.67 0.23 0.377 0.37 0.5 0.53 0.41 0.5 0.37 0.41 0.26 0.59 0.4 0.901 0.6 0.54 0.4 1.05 1.03 0.5 0.59 0.48 1.483 0.4 0.58 0.23 0.5 0.301 0.46 0.45 0.724 0.4 0.46 0.5 0.5 0.4 0.4 0.3 0.53 0.22 0.4 0.37 0.724 0.54 0.762 1.05 0.301 0.47 0.54 0.4 0.4 0.48 0.686 0.59 0.4 0.42 0.465 0.1 0.1 0.58 0.4
Dot Production Prediction of Lab Growth Rates:
1.43481 1.53274 0.690115 0.3538 0.39308 0.375704 0.42003 0.539831 0.427184 0.41571 0.688071 0.550091 0.449175 0.488006 0.692973 0.514565 0.447676 0.419979 0.438745 0.941832 0.521608 0.497523 0.474724 0.419165 0.433805 0.301185 0.348155 0.483888 0.398056 0.364832 0.409442 0.546112 0.411029 0.39003 0.470874 0.691084 0.701826 0.687187 0.436144 0.397167 0.451446 0.508962 0.45451 0.7107 0.5237 0.368449 1.47225 0.547634 0.535787 0.524919 0.539158 0.360223 0.720702 0.368674 1.58295 0.350063 0.721289 0.616992 0.45961 0.375092 0.541066 0.482062 0.435748 0.271809 0.536678 0.501453 0.380865 0.536836 0.464111 0.39941 0.473356 0.392195 0.346424 0.462144 0.400503 0.402644 0.447373 0.405821 0.377226 0.535636 0.705548 0.41096 0.405365 0.409235 0.375776 0.417443 0.444228 0.412461 0.394075 0.404229 0.914003 0.467243 0.39578 0.385252 0.498799 0.391241 0.462723 0.907484 0.471817 0.373822 0.476265 0.71235 0.898947 0.400949 0.377919 0.383858 0.944415 1.65986 1.44542 0.526015 0.463843 0.391516 0.725931 0.39282 1.48052 0.347397 0.401728 0.40184 0.357558 1.3292 0.409022 0.397889 1.45852 0.372416 0.52716 0.901124 0.48749 0.464324 1.5713 0.716828 0.350439 0.384671 0.457342 0.700231 0.460058 0.724086 0.90662 0.403797 0.403148 0.356647 0.406894 0.467469 0.360854 0.397788 0.396674 0.404093 0.397936 0.687747 0.410654 0.716497 0.405385 0.502551 0.399587 0.401734 0.538562 0.483235 1.05049 0.707569 0.637402 0.720616 0.373187 0.556151 0.392273 0.397308 0.404561 0.485724 0.392655 0.46022 0.950443 0.369599 0.484354 0.358548 0.387916 0.391827 0.428981 0.417135 0.454758 0.37978 0.362874 0.402777 0.708211 0.551468 0.722016 0.483871 0.384022 0.425439 0.395588 0.402374 0.386841 0.463442 0.484168 0.430427 0.399447 0.539784 0.399975 0.481481 0.717361 0.365319 0.485968 0.367055 0.401324 0.480522 0.469683 0.319512 0.531319 0.421754 0.93796 0.389898 0.944047 0.393467 0.543977 0.312382 0.700877 1.46029 0.40139 0.300035 0.410616 0.542181 0.384662 0.522764 0.905685 0.309594 0.386144 0.718643 0.397963 0.443419 0.437858 0.419657 0.404548 0.726178 1.01436 0.544151 1.48378 0.38983 0.304415 0.378027 0.540031 1.61688 0.394391 0.405311 0.686052 0.477062 0.348504 0.439919 0.405471 0.349742 0.40047 0.478352 0.404425 0.377058 0.405739 0.415456 0.481943 0.900974 1.05003 0.492884 0.399771 0.40678 0.372714 0.392276 0.484802 1.50805 0.368845 0.716849 0.435196 0.4312 0.400664 0.538989 0.399687 0.407244 0.414437 1.47694 0.70715 0.352803 0.397439 0.491133 0.650508 0.437184 0.384702 0.41455 0.376167 0.503532 0.472593 0.435297 0.38207 0.486306 0.703952 0.404814 0.456923 0.401295 0.296219 1.40569 0.477363 0.710473 0.386559 0.535872 0.408206 0.727979 0.372781 0.477489 0.42785 0.457649 1.42968 0.385172 0.474169 0.405718 0.676711 0.385106 0.440587 0.409653 0.307738 0.300995 0.339122 0.34504 0.303907 0.362731 0.456351 0.540719 0.300859 0.375363 0.344518 0.400322 0.381926 0.39709 0.345218 0.473106 0.482252 0.53788 0.432449 0.381637 0.432688 0.393054 0.486813 0.677131 0.546243 0.373963 0.389344 0.415459 0.361968 0.499957 0.397121 0.41169 0.396262 0.396122 0.381481 0.432839 1.00542 0.445486 0.140564 0.534364 0.699557 0.392906 0.538551 0.423496 0.366024 0.37897 0.440905 0.413038 0.407771 0.392856 0.42343 0.403518 0.454116 0.394925 0.383168 0.362429 0.398249 0.410594 0.727631 0.537859 0.461459 0.409266 0.363695 0.489631 0.461571 0.349256 0.410821 0.480412 1.79535 0.978336 0.385144 0.41305 0.36716 1.50805 0.396382 0.394541 0.139073 0.546899 0.438098 0.404772 0.407744 0.548047 0.55507 0.36689 0.688309 0.455075 0.397388 0.378384 0.385044 0.39918 0.391881 0.531445 0.455729 0.291779 0.421125 0.431069 0.539712 0.717504 0.725878 0.689292 0.481495 0.351229 0.714732 0.398259 0.427183 0.434244 0.532433 0.426412 0.343937 0.469456 0.393783 0.430359 0.717008 0.401231 0.43066 0.400727 0.420366 0.478856 0.417703 0.544682 0.691378 0.419981 0.438515 0.344843 0.4163 0.401714 0.398499 0.388234 0.431693 0.416975 0.413426 0.53898 0.54479 0.404004 0.386467 0.421269 1.66005 1.33347 0.465583 1.4608 0.416302 0.373537 0.540681 1.48764 0.391845 0.47982 0.379402 0.406944 0.422747 0.518075 0.379162 0.381059 0.407569 0.43442 0.401601 0.393491 0.385034 0.348478 0.398719 1.01393 0.404089 0.517731 0.390512 0.403478 0.379686 0.367577 0.465055 0.41069 0.388334 0.426585 0.479004 0.626306 0.377244 0.383932 0.40932 0.346474 0.424759 0.398525 1.47281 0.394613 0.662856 0.401327 0.405203 0.650641 0.547764 1.35006 0.433503 0.417733 0.405506 0.47098 0.642364 0.484175 0.402269 0.408444 0.901023 0.524143 0.415979 0.65004 0.462573 0.389458 0.722054 0.390098 0.394086 0.347951 0.443407 0.649792 0.657219 0.729627 0.429316 0.374858 0.398893 0.402924 0.398722 0.710176 0.476732 1.59186 0.531249 0.348294 0.427019 0.410133 0.330787 0.411815 0.371874 0.416685 0.384331 0.38422 0.387487 0.403232 0.900872 0.303586 0.391777 0.403291 1.01692 1.03003 0.464406 0.544362 0.33968 0.685292 0.402324 0.478624 0.52434 0.398922 0.347096 0.429247 0.353336 0.723042 0.403194 0.459792 0.516751 0.525447 0.405313 0.402366 0.31699 0.529665 0.475913 0.387376 0.459724 0.722737 0.472959 0.910086 1.04498 0.352105 0.415503 0.371923 0.404498 0.390875 0.366492 0.725771 0.396558 0.388489 0.372302 0.347573 0.453745 0.450734 0.483112 0.405881
Testing:
Lab Growth Rates:
0.56 0.56 0.56
Dot Production Prediction of Lab Growth Rates:
0.541256 0.531551 0.528046
Best performance so far: 
Obj: 4.63638e-310Rho: 6.5069e-314Diff: 4.63638e-310
Test:
 Lab Growth Rates:
0.56 0.56 0.56Dot Product Prediction of Growth Rate:
0.5412557 0.531551 0.5280459