seed =  5 traits =  1 
Training: part  64 
Training: part  64 
Round  1 
 Goal of obj  0.99 
Temperature range:  0.125 2.5e-13 
Cycle 1Round 1
Iter 500000 pBad 0.945661 T 0.0325059 Obj 1.10885 Rho 0 GRdif 60.55 success 146670 failure 1598 obj_new 1.10885 SA_pAcc 1 Delta -0.272143 SA_r 0.758291 freedomratio 0.3754
Iter 1000000 pBad 0.879142 T 0.00845306 Obj 1.069 Rho 0 GRdif 39.098 success 293067 failure 5813 obj_new 1.069 SA_pAcc 0.996396 Delta -0.03305 SA_r 0.719329 freedomratio 0.380026
Iter 1500000 pBad 0.849424 T 0.00219819 Obj 1.0256 Rho 0 GRdif 14.8152 success 438990 failure 13190 obj_new 1.0256 SA_pAcc 1.04494 Delta 0.359716 SA_r 0.804778 freedomratio 0.37978
Iter 2000000 pBad 0.775271 T 0.000571633 Obj 1.01632 Rho 0 GRdif 9.4852 success 583135 failure 23567 obj_new 1.01632 SA_pAcc 0.977906 Delta -0.283787 SA_r 0.0156143 freedomratio 0.370886
Iter 2500000 pBad 0.699739 T 0.000148651 Obj 1.01364 Rho 0 GRdif 7.94113 success 723590 failure 41826 obj_new 1.01364 SA_pAcc 1 Delta 0.0263841 SA_r 0.798361 freedomratio 0.369483
Iter 3000000 pBad 0.439978 T 3.86563e-05 Obj 1.01153 Rho 0 GRdif 6.71723 success 853416 failure 82600 obj_new 1.01153 SA_pAcc 0.55022 Delta 0.389673 SA_r 0.0938934 freedomratio 0.369483
Iter 3500000 pBad 0.303019 T 1.00524e-05 Obj 1.01061 Rho 0 GRdif 6.1827 success 962064 failure 165355 obj_new 1.01061 SA_pAcc 1 Delta 0.298132 SA_r 0.889971 freedomratio 0.349017
Iter 4000000 pBad 0.151373 T 2.61411e-06 Obj 1.00971 Rho 0 GRdif 5.66007 success 1049359 failure 293503 obj_new 1.00971 SA_pAcc 1 Delta -0.053698 SA_r 0.801529 freedomratio 0.321096
Iter 4500000 pBad 0.0896973 T 6.7979e-07 Obj 1.0092 Rho 0 GRdif 5.36453 success 1110873 failure 479181 obj_new 1.0092 SA_pAcc 1.02811 Delta -0.0096052 SA_r 0.389393 freedomratio 0.285019
Iter 5000000 pBad 0.0298271 T 1.76777e-07 Obj 1.00884 Rho 0 GRdif 5.16031 success 1146812 failure 730852 obj_new 1.00884 SA_pAcc 0.242036 Delta 0.00458943 SA_r 0.957503 freedomratio 0.245805
Iter 5500000 pBad 0.0157489 T 4.59703e-08 Obj 1.00866 Rho 0 GRdif 5.05301 success 1166705 failure 1032974 obj_new 1.00866 SA_pAcc 3.76981e-11 Delta 0.0155543 SA_r 0.620372 freedomratio 0.225558
Iter 6000000 pBad 0.0111237 T 1.19544e-08 Obj 1.00857 Rho 0 GRdif 5.00079 success 1177913 failure 1364702 obj_new 1.00857 SA_pAcc 3.91471e-145 Delta -0.00903637 SA_r 0.14307 freedomratio 0.212319
Iter 6500000 pBad 0.00373652 T 3.10871e-09 Obj 1.00849 Rho 0 GRdif 4.95476 success 1185889 failure 1717322 obj_new 1.00849 SA_pAcc 1 Delta 0.00139054 SA_r 0.455617 freedomratio 0.201167
Iter 7000000 pBad 0.00282668 T 8.08411e-10 Obj 1.00847 Rho 0 GRdif 4.97826 success 1189797 failure 2086112 obj_new 1.00853 SA_pAcc 0 Delta 0.000483199 SA_r 0.492198 freedomratio 0.195464
Iter 7500000 pBad 0.000637297 T 2.10225e-10 Obj 1.00845 Rho 0 GRdif 4.93054 success 1194122 failure 2464237 obj_new 1.00845 SA_pAcc 1 Delta -3.91514e-06 SA_r 0.693372 freedomratio 0.188485
Iter 8000000 pBad 0.0012639 T 5.46683e-11 Obj 1.00844 Rho 0 GRdif 4.9249 success 1196793 failure 2853423 obj_new 1.00844 SA_pAcc 1 Delta -0.000108141 SA_r 0.495486 freedomratio 0.18556
Iter 8500000 pBad 0.000586404 T 1.42163e-11 Obj 1.00843 Rho 0 GRdif 4.92587 success 1200612 failure 3249410 obj_new 1.00844 SA_pAcc 0 Delta -0.000571094 SA_r 0.282857 freedomratio 0.177576
Iter 9000000 pBad 0.000521474 T 3.6969e-12 Obj 1.00843 Rho 0 GRdif 4.9289 success 1205007 failure 3649813 obj_new 1.00845 SA_pAcc 0 Delta -0.0001056 SA_r 0.807501 freedomratio 0.172404
Iter 9500000 pBad 2.82691e-40 T 9.61368e-13 Obj 1.00843 Rho 0 GRdif 4.92165 success 1209023 failure 3992538 obj_new 1.00843 SA_pAcc 0 Delta 0 SA_r 0.684425 freedomratio 0.166762
Iter 10000000 pBad 1.43801e-118 T 2.50001e-13 Obj 1.00843 Rho 0 GRdif 4.91943 success 1209023 failure 4324526 obj_new 1.00843 SA_pAcc 0 Delta 0 SA_r 0.948249 freedomratio 0.158937
Cannot move further
iter 9.27237e+06 obj1.00843 rho 0 GRdif 4.9188
Training:
Lab Growth Rates:
0.43 0.48 0.31 0.46 0.56 0.465 0.37 0.4 0.36 0.5 1.35 0.45 0.54 0.38 0.41 0.48 0.1 0.4 0.53 0.46 0.59 0.23 0.25 0.901 0.46 0.47 0.54 0.53 0.648 0.901 0.59 0.5 0.19 0.42 0.11 1.05 0.724 1.345 0.46 0.4 0.54 0.54 1.345 0.4 0.53 0.39 0.5 0.54 0.485 0.4 0.3 0.54 0.59 0.4 0.1 1.345 0.42 0.46 1.345 0.47 0.4 0.54 0.47 0.27 0.46 0.53 0.45 0.52 0.49 0.54 0.47 0.38 0.637 1.66 0.4 0.5 0.42 0.45 0.55 0.6 0.45 0.41 0.53 1.483 0.1 0.901 0.6 0.7 0.301 0.52 0.65 0.648 0.42 0.41 1.42 0.45 0.4 0.485 0.68 0.43 0.65 0.4 1.43 0.54 0.55 0.3 0.4 0.37 0.3 0.2 0.4 0.33 0.52 0.53 0.58 0.36 0.55 0.56 0.36 0.43 0.6 0.4 0.47 0.4 0.4 0.3 1.345 0.47 1.483 0.46 0.37 0.301 0.4 0.37 0.686 0.4 0.4 0.59 0.37 0.58 0.55 0.54 0.476 0.54 0.45 0.4 0.33 0.26 0.45 0.377 0.56 0.33 0.5 0.43 0.53 1.345 0.33 0.636 0.485 0.22 0.42 0.4 0.31 0.2 0.1 0.4 0.54 0.22 0.26 0.485 0.3 0.56 0.36 0.5 0.46 0.17 0.25 0.43 0.48 0.48 0.22 0.46 0.68 0.58 0.58 0.54 0.43 0.637 0.3 0.901 0.54 0.33 0.47 0.4 0.59 0.52 0.43 0.54 0.58 0.686 0.43 0.5 0.11 0.37 0.4 0.56 0.47 1.05 0.4 0.14 0.5 0.42 0.51 0.47 0.4 0.39 0.7 0.09 1.483 0.59 0.54 0.3 0.27 0.42 0.41 0.42 0.4 0.4 0.55 0.37 0.33 1.483 0.4 0.45 0.3 0.23 0.39 0.54 0.56 0.4 0.47 0.65 0.5 0.4 0.25 0.5 0.5 0.56 0.32 0.5 0.7 1.483 0.635 0.37 0.59 0.4 0.46 0.58 0.52 0.5 1.03 0.23 0.41 0.48 0.68 0.4 0.59 0.6 0.5 0.47 0.59 0.65 0.52 0.52 0.636 0.58 0.42 0.58 0.47 1.46 0.5 0.43 0.5 0.26 0.25 0.762 0.54 0.1 0.38 0.56 0.48 0.762 0.481 0.4 0.36 0.3 0.47 0.42 0.27 0.58 0.34 0.54 0.37 0.25 0.41 0.47 0.56 0.58 0.25 0.39 0.3 0.23 0.46 0.38 0.53 0.4 0.42 0.27 0.4 0.476 0.55 0.59 0.4 0.48 1.483 0.45 0.55 0.5 0.56 0.52 0.636 0.46 0.25 0.58 0.56 0.377 0.58 0.58 0.58 0.37 0.59 0.5 0.301 1.49 0.47 0.4 0.4 0.56 0.58 0.4 0.52 0.58 1.248 0.55 0.56 0.38 0.762 1.05 0.41 0.476 0.5 0.4 1.67 0.58 1.46 0.53 0.56 0.686 0.56 0.54 0.33 0.37 0.901 0.45 0.47 0.4 0.55 0.648 0.22 0.54 0.47 0.53 0.65 0.635 0.43 0.1 0.37 0.7 0.22 0.46 0.48 0.4 0.4 0.4 0.39 0.49 0.45 0.58 0.17 0.465 1.46 0.37 0.3 0.42 0.54 1.248 0.4 0.4 0.56 0.17 1.248 0.481 0.901 0.23 1.345 0.14 0.4 0.58 0.45 1.43 0.53 1.345 0.5 0.71 0.33 0.47 0.617 0.1 1.46 0.762 0.53 0.09 0.5 0.37 0.68 0.53 0.4 1.345 1.44 0.1 0.1 0.59 0.52 0.34 0.5 0.4 0.36 0.37 0.36 0.31 0.4 0.5 0.71 0.42 0.4 0.34 0.43 0.23 0.3 0.27 0.32 0.65 0.47 0.45 0.635 0.58 0.54 0.4 0.65 0.54 0.46 0.47 1.248 0.42 0.54 0.47 0.5 0.5 0.55 0.53 1.483 0.56 0.47 0.19 0.22 0.724 0.53 0.37 1.05 0.5 0.45 0.56 0.58 0.52 1.38 0.46 1.05 0.36 0.52 0.46 0.19 0.32 0.59 1.4 0.637 0.36 0.42 1.483 0.59 0.481 0.5 0.724 0.11 0.4 0.54 0.5 0.51 0.39 0.5 0.4 0.3 0.45 0.42 0.5 0.43 0.4 0.4 0.54 0.45 0.2 0.4 0.48 0.3 0.4 0.23 0.47 1.345 0.41 0.54 1.483 0.59 0.46 0.23 0.4 0.4 1.483 0.25 0.45 0.22 0.4 0.4 0.5 0.55 0.51 0.71 0.65 0.42 1.67 1.248 1.483 1.345 0.23 0.49 0.377 0.47 0.46 0.42 0.59 0.65 0.5 0.68 0.4 1.66 1.345 0.09 0.27 0.465 0.45 1.483 0.41 0.5 0.22 0.5 0.33 0.45 0.55
Dot Production Prediction of Lab Growth Rates:
0.385908 0.333688 0.49472 0.363238 0.524767 0.571042 0.428518 0.400386 0.397452 0.479273 1.34998 0.42419 0.416165 0.380324 0.363657 0.37928 0.453277 0.4072 0.533624 0.458711 0.324278 0.535596 0.495888 0.900955 0.481866 0.392866 0.320141 0.477093 0.695367 0.905114 0.335446 0.426022 0.350127 0.344891 0.36658 1.05 0.700466 0.894792 0.413978 0.404669 0.384305 0.39942 0.863486 0.403926 0.421518 0.330084 0.542063 0.359137 0.572141 0.398998 0.309593 0.38249 0.354201 0.402632 1.39799 0.863472 0.376283 0.408459 0.870589 0.387965 0.395155 0.418537 0.328605 0.564481 0.453238 0.352089 1.46023 0.403598 0.407236 0.36948 0.418309 0.332899 0.685521 1.65755 0.398585 0.480293 0.560966 1.5219 0.545697 0.321641 0.375562 0.570848 0.368338 0.87146 0.65519 0.90273 0.311692 0.700366 0.597391 0.388261 0.618263 0.69334 0.367931 0.376171 1.51486 1.51625 0.400548 0.556113 0.67924 0.402616 0.653606 0.40521 1.43986 0.453834 0.46486 0.32793 0.402072 0.442763 0.300041 0.400383 0.40375 0.345896 0.402052 0.324754 0.470316 0.389219 0.557703 0.536509 0.37244 0.432672 0.315834 0.405103 0.398915 0.396417 0.405985 0.332101 0.875886 0.456647 0.865827 0.363564 0.527914 0.585192 0.406328 0.430284 0.700605 0.402117 0.406864 0.37054 0.411609 0.478518 0.558311 0.457344 0.579572 0.440228 0.37071 0.399995 0.368812 0.43367 0.340797 0.580715 0.51923 0.351048 0.370269 0.430222 0.510935 0.868268 0.486055 0.696469 0.560618 0.473333 0.33239 0.405606 0.510085 0.39881 1.22696 0.403887 0.410062 0.41645 0.364675 0.568959 0.249568 0.4842 0.39829 0.484405 0.325082 0.456 0.634064 0.396731 0.326964 0.332415 0.475671 0.39061 0.683587 0.398415 0.481676 0.442741 0.394479 0.685896 0.363854 0.904027 0.390993 0.338381 0.369173 0.40023 0.336225 0.395481 0.417035 0.544132 0.477929 0.705644 0.428461 0.484264 0.406097 0.432084 0.393474 0.544835 0.393683 1.34776 0.404491 0.140509 0.538447 0.369037 0.416071 0.379878 0.408727 0.385493 0.704203 0.462103 0.853551 0.549039 0.387435 0.278864 0.398497 0.367017 0.571004 0.355823 0.404472 0.406092 0.466617 0.429628 0.459335 0.8353 0.403129 0.389482 0.301809 0.43903 0.35482 0.47346 0.47801 0.401644 0.456194 0.65003 0.352614 0.402769 0.372203 0.406097 0.360297 0.475947 0.337574 0.52708 0.699948 0.851408 0.688121 0.428582 0.548924 0.312776 0.46045 0.402615 0.383907 0.486691 1.03002 0.527723 0.38697 0.332505 0.662445 0.396221 0.32658 0.316443 0.497559 0.404705 0.541598 0.627742 0.406188 0.360952 0.679766 0.470301 0.334709 0.420308 0.414754 1.30243 0.500052 0.377816 0.514937 0.520009 0.352512 0.920206 0.401897 0.437915 0.343164 0.550515 0.396778 0.919988 0.566784 0.407808 0.365361 0.396043 0.374325 0.358578 0.384045 0.384746 0.365869 0.551655 0.458483 0.377969 0.417822 0.456244 0.546684 0.339185 0.516896 0.326039 0.312037 0.438812 0.467118 0.372893 0.521683 0.398811 0.368086 0.358912 0.395607 0.57823 0.466874 0.550284 0.404016 0.339963 0.842369 1.46554 0.549203 0.523545 0.538357 0.375226 0.703826 0.341136 1.50225 0.395055 0.527005 0.582677 0.478951 0.475525 0.461218 0.426948 0.352727 0.47348 0.589141 1.5219 0.466277 0.403565 0.403594 0.535531 0.472453 0.401107 0.383083 0.398599 0.968834 0.48188 0.486711 0.328709 0.902119 1.04944 0.35186 0.578847 0.545306 0.400776 1.43725 0.343197 0.986099 0.437725 0.486687 0.703044 0.530901 0.536597 0.495592 0.44027 0.900676 1.48484 0.394632 0.407824 0.547927 0.684347 0.480736 0.358921 0.399849 0.534343 0.648829 0.690528 0.405127 1.52244 0.440844 0.698671 0.3885 0.398012 0.348672 0.406163 0.403436 0.398754 0.363356 0.43371 0.425993 0.477072 0.333354 0.580586 0.981905 0.431673 0.300696 0.558312 0.45508 0.957166 0.400581 0.406987 0.477916 0.340085 0.972662 0.562621 0.89952 0.525884 0.86703 0.139865 0.401264 0.481929 0.331402 1.42536 0.517553 0.84377 0.490122 0.695752 0.400307 0.405137 0.617254 0.368992 0.935289 0.905197 0.399968 0.371391 0.373596 0.406047 0.679976 0.546181 0.392444 0.909328 1.50606 1.25616 1.37675 0.338533 0.415447 0.349424 0.351955 0.403028 0.364566 0.442513 0.427775 0.499915 0.392528 0.341324 0.696876 0.415834 0.399737 0.34317 0.38773 0.536782 0.30294 0.303334 0.365481 0.649825 0.393407 0.344233 0.690969 0.388168 0.376698 0.391014 0.639826 0.537632 0.469489 0.474402 0.9555 0.358959 0.560101 0.394078 0.501883 0.385834 0.478295 0.417522 0.861184 0.537583 0.408148 0.365389 0.471679 0.70125 0.529944 0.32045 0.978699 0.499894 1.45933 0.533425 0.476696 0.375849 1.00638 0.395803 1.05044 0.443861 0.417231 0.498788 0.349632 0.364921 0.554928 1.43635 0.682442 0.360398 0.542643 0.855985 0.55031 0.560887 0.552839 0.698344 0.410603 0.390815 0.543543 0.384978 0.422942 0.327783 0.511547 0.396485 0.327891 1.49183 0.325123 0.475913 0.388792 0.399927 0.402405 0.472027 0.405958 0.354528 0.399545 0.361335 0.292404 0.327473 0.439424 0.379427 0.85398 0.566114 0.555319 0.861304 0.542754 0.410648 0.526365 0.401313 0.372335 0.87298 0.37561 0.399394 0.474544 0.394966 0.404838 0.354533 0.549098 0.447609 0.70986 0.662384 0.339424 1.53709 0.963027 0.881551 0.873138 0.538413 0.412978 0.57995 0.387571 0.411533 0.360963 0.354933 0.649897 0.480875 0.682674 0.405609 1.66 0.892789 0.400328 0.379056 0.57393 0.416763 0.84879 0.409791 0.341981 0.442786 0.507019 0.402287 0.381883 0.481707
Testing:
Lab Growth Rates:
0.46 0.46 0.46
Dot Production Prediction of Lab Growth Rates:
0.45915 0.451744 0.446749
Best performance so far: 
Obj: 4.6665e-310Rho: 2.26291e-314Diff: 4.6665e-310
Anneal again with the best G and E so far as input
Cycle 2Round 1
Iter 500000 pBad 0.935428 T 0.0325059 Obj 1.18703 Rho 0 GRdif 100.47 success 122059 failure 1514 obj_new 1.18703 SA_pAcc 0.993686 Delta -0.193949 SA_r 0.653065 freedomratio 0.293882
Iter 1000000 pBad 0.880659 T 0.00845306 Obj 1.04318 Rho 0 GRdif 24.7728 success 244187 failure 5785 obj_new 1.04318 SA_pAcc 1 Delta -0.37745 SA_r 0.889229 freedomratio 0.292269
Iter 1500000 pBad 0.82954 T 0.00219819 Obj 1.03205 Rho 0 GRdif 18.4866 success 365666 failure 11690 obj_new 1.03205 SA_pAcc 1 Delta -0.64209 SA_r 0.246412 freedomratio 0.288386
Iter 2000000 pBad 0.779246 T 0.000571633 Obj 1.021 Rho 0 GRdif 12.1766 success 485504 failure 21311 obj_new 1.021 SA_pAcc 1.20557 Delta 0.276528 SA_r 0.689992 freedomratio 0.295661
Iter 2500000 pBad 0.6712 T 0.000148651 Obj 1.01451 Rho 0 GRdif 8.43955 success 601358 failure 38378 obj_new 1.01451 SA_pAcc 1 Delta 0.190331 SA_r 0.473361 freedomratio 0.286413
Iter 3000000 pBad 0.522792 T 3.86563e-05 Obj 1.01336 Rho 0 GRdif 7.77672 success 708726 failure 73810 obj_new 1.01336 SA_pAcc 0.274052 Delta 0.195214 SA_r 0.19539 freedomratio 0.291108
Iter 3500000 pBad 0.390968 T 1.00524e-05 Obj 1.01232 Rho 0 GRdif 7.17712 success 803018 failure 136531 obj_new 1.01232 SA_pAcc 1 Delta 0.350383 SA_r 0.264178 freedomratio 0.293
Iter 4000000 pBad 0.189803 T 2.61411e-06 Obj 1.01093 Rho 0 GRdif 6.37206 success 881950 failure 233101 obj_new 1.01093 SA_pAcc 0.116612 Delta -0.180387 SA_r 0.575517 freedomratio 0.274988
Iter 4500000 pBad 0.0944831 T 6.7979e-07 Obj 1.01018 Rho 0 GRdif 5.9349 success 936505 failure 388008 obj_new 1.01018 SA_pAcc 1 Delta 0.0253147 SA_r 0.552634 freedomratio 0.237343
Iter 5000000 pBad 0.0440887 T 1.76777e-07 Obj 1.00997 Rho 0 GRdif 5.81631 success 966557 failure 610802 obj_new 1.00997 SA_pAcc 1.05265e-06 Delta 0.0247534 SA_r 0.208648 freedomratio 0.207801
Iter 5500000 pBad 0.0179414 T 4.59703e-08 Obj 1.00983 Rho 0 GRdif 5.73054 success 982749 failure 881002 obj_new 1.00983 SA_pAcc 1.90238e-08 Delta -0.016529 SA_r 0.186372 freedomratio 0.194426
Iter 6000000 pBad 0.0133733 T 1.19544e-08 Obj 1.00975 Rho 0 GRdif 5.68567 success 992482 failure 1177602 obj_new 1.00975 SA_pAcc 0.00456223 Delta -0.00390318 SA_r 0.0531005 freedomratio 0.186387
Iter 6500000 pBad 0.00595787 T 3.10871e-09 Obj 1.00969 Rho 0 GRdif 5.65049 success 998255 failure 1494773 obj_new 1.00969 SA_pAcc 6.30122e-84 Delta 0.00544849 SA_r 0.0854952 freedomratio 0.17855
Iter 7000000 pBad 0.00243513 T 8.08411e-10 Obj 1.00965 Rho 0 GRdif 5.63783 success 1002009 failure 1824121 obj_new 1.00967 SA_pAcc 0 Delta -0.000104361 SA_r 0.578044 freedomratio 0.172353
Iter 7500000 pBad 0.00270548 T 2.10225e-10 Obj 1.00962 Rho 0 GRdif 5.61471 success 1005283 failure 2167000 obj_new 1.00963 SA_pAcc 0 Delta 0.00104035 SA_r 0.152392 freedomratio 0.168197
Iter 8000000 pBad 0.000411416 T 5.46683e-11 Obj 1.00961 Rho 0 GRdif 5.60241 success 1007786 failure 2519023 obj_new 1.00961 SA_pAcc 1 Delta 0.000176777 SA_r 0.199782 freedomratio 0.1641
Iter 8500000 pBad 4.55269e-05 T 1.42163e-11 Obj 1.0096 Rho 0 GRdif 5.60035 success 1009349 failure 2877008 obj_new 1.0096 SA_pAcc 1 Delta -3.65923e-05 SA_r 0.55364 freedomratio 0.158851
Iter 9000000 pBad 5.02178e-13 T 3.6969e-12 Obj 1.0096 Rho 0 GRdif 5.60275 success 1013854 failure 3239949 obj_new 1.00961 SA_pAcc 0 Delta 4.91933e-13 SA_r 0.578794 freedomratio 0.149566
Iter 9500000 pBad 2.98403e-39 T 9.61368e-13 Obj 1.0096 Rho 0 GRdif 5.59882 success 1014248 failure 3538842 obj_new 1.0096 SA_pAcc 0 Delta 0 SA_r 0.53129 freedomratio 0.14892
Good enough
iter 9.10605e+06 obj1.0096 rho 0 GRdif 5.59786
Training:
Lab Growth Rates:
0.43 0.48 0.31 0.46 0.56 0.465 0.37 0.4 0.36 0.5 1.35 0.45 0.54 0.38 0.41 0.48 0.1 0.4 0.53 0.46 0.59 0.23 0.25 0.901 0.46 0.47 0.54 0.53 0.648 0.901 0.59 0.5 0.19 0.42 0.11 1.05 0.724 1.345 0.46 0.4 0.54 0.54 1.345 0.4 0.53 0.39 0.5 0.54 0.485 0.4 0.3 0.54 0.59 0.4 0.1 1.345 0.42 0.46 1.345 0.47 0.4 0.54 0.47 0.27 0.46 0.53 0.45 0.52 0.49 0.54 0.47 0.38 0.637 1.66 0.4 0.5 0.42 0.45 0.55 0.6 0.45 0.41 0.53 1.483 0.1 0.901 0.6 0.7 0.301 0.52 0.65 0.648 0.42 0.41 1.42 0.45 0.4 0.485 0.68 0.43 0.65 0.4 1.43 0.54 0.55 0.3 0.4 0.37 0.3 0.2 0.4 0.33 0.52 0.53 0.58 0.36 0.55 0.56 0.36 0.43 0.6 0.4 0.47 0.4 0.4 0.3 1.345 0.47 1.483 0.46 0.37 0.301 0.4 0.37 0.686 0.4 0.4 0.59 0.37 0.58 0.55 0.54 0.476 0.54 0.45 0.4 0.33 0.26 0.45 0.377 0.56 0.33 0.5 0.43 0.53 1.345 0.33 0.636 0.485 0.22 0.42 0.4 0.31 0.2 0.1 0.4 0.54 0.22 0.26 0.485 0.3 0.56 0.36 0.5 0.46 0.17 0.25 0.43 0.48 0.48 0.22 0.46 0.68 0.58 0.58 0.54 0.43 0.637 0.3 0.901 0.54 0.33 0.47 0.4 0.59 0.52 0.43 0.54 0.58 0.686 0.43 0.5 0.11 0.37 0.4 0.56 0.47 1.05 0.4 0.14 0.5 0.42 0.51 0.47 0.4 0.39 0.7 0.09 1.483 0.59 0.54 0.3 0.27 0.42 0.41 0.42 0.4 0.4 0.55 0.37 0.33 1.483 0.4 0.45 0.3 0.23 0.39 0.54 0.56 0.4 0.47 0.65 0.5 0.4 0.25 0.5 0.5 0.56 0.32 0.5 0.7 1.483 0.635 0.37 0.59 0.4 0.46 0.58 0.52 0.5 1.03 0.23 0.41 0.48 0.68 0.4 0.59 0.6 0.5 0.47 0.59 0.65 0.52 0.52 0.636 0.58 0.42 0.58 0.47 1.46 0.5 0.43 0.5 0.26 0.25 0.762 0.54 0.1 0.38 0.56 0.48 0.762 0.481 0.4 0.36 0.3 0.47 0.42 0.27 0.58 0.34 0.54 0.37 0.25 0.41 0.47 0.56 0.58 0.25 0.39 0.3 0.23 0.46 0.38 0.53 0.4 0.42 0.27 0.4 0.476 0.55 0.59 0.4 0.48 1.483 0.45 0.55 0.5 0.56 0.52 0.636 0.46 0.25 0.58 0.56 0.377 0.58 0.58 0.58 0.37 0.59 0.5 0.301 1.49 0.47 0.4 0.4 0.56 0.58 0.4 0.52 0.58 1.248 0.55 0.56 0.38 0.762 1.05 0.41 0.476 0.5 0.4 1.67 0.58 1.46 0.53 0.56 0.686 0.56 0.54 0.33 0.37 0.901 0.45 0.47 0.4 0.55 0.648 0.22 0.54 0.47 0.53 0.65 0.635 0.43 0.1 0.37 0.7 0.22 0.46 0.48 0.4 0.4 0.4 0.39 0.49 0.45 0.58 0.17 0.465 1.46 0.37 0.3 0.42 0.54 1.248 0.4 0.4 0.56 0.17 1.248 0.481 0.901 0.23 1.345 0.14 0.4 0.58 0.45 1.43 0.53 1.345 0.5 0.71 0.33 0.47 0.617 0.1 1.46 0.762 0.53 0.09 0.5 0.37 0.68 0.53 0.4 1.345 1.44 0.1 0.1 0.59 0.52 0.34 0.5 0.4 0.36 0.37 0.36 0.31 0.4 0.5 0.71 0.42 0.4 0.34 0.43 0.23 0.3 0.27 0.32 0.65 0.47 0.45 0.635 0.58 0.54 0.4 0.65 0.54 0.46 0.47 1.248 0.42 0.54 0.47 0.5 0.5 0.55 0.53 1.483 0.56 0.47 0.19 0.22 0.724 0.53 0.37 1.05 0.5 0.45 0.56 0.58 0.52 1.38 0.46 1.05 0.36 0.52 0.46 0.19 0.32 0.59 1.4 0.637 0.36 0.42 1.483 0.59 0.481 0.5 0.724 0.11 0.4 0.54 0.5 0.51 0.39 0.5 0.4 0.3 0.45 0.42 0.5 0.43 0.4 0.4 0.54 0.45 0.2 0.4 0.48 0.3 0.4 0.23 0.47 1.345 0.41 0.54 1.483 0.59 0.46 0.23 0.4 0.4 1.483 0.25 0.45 0.22 0.4 0.4 0.5 0.55 0.51 0.71 0.65 0.42 1.67 1.248 1.483 1.345 0.23 0.49 0.377 0.47 0.46 0.42 0.59 0.65 0.5 0.68 0.4 1.66 1.345 0.09 0.27 0.465 0.45 1.483 0.41 0.5 0.22 0.5 0.33 0.45 0.55
Dot Production Prediction of Lab Growth Rates:
0.398223 0.355719 0.491159 0.396119 0.538778 0.396963 0.449668 0.405559 0.387822 0.481378 1.36533 0.411687 0.430539 0.396003 0.383867 0.384594 0.438683 0.408243 0.552047 0.463486 0.390323 0.533759 0.478542 1.3777 0.456708 0.409308 0.362541 0.432903 0.722052 0.915663 0.396915 0.419856 0.395303 0.376584 0.384967 1.05952 0.726224 0.85833 0.41774 0.405209 0.388592 0.394128 0.83416 0.40929 0.43102 0.37231 0.534288 0.358316 0.401941 0.400877 0.310762 0.389907 0.361224 0.405818 1.08968 0.781169 0.374415 0.416802 0.790831 0.390375 0.403477 0.410604 0.389381 0.549895 0.466007 0.376916 1.42154 0.404468 0.422319 0.383234 0.430271 0.348403 0.721676 1.67797 0.406225 0.494269 0.463137 1.5073 0.547583 0.306673 0.381976 0.415873 0.40058 0.785256 0.645792 0.909035 0.300666 0.707854 0.430733 0.395259 0.643799 0.720366 0.360171 0.400035 1.49663 1.45092 0.405796 0.406076 0.68978 0.413969 0.654995 0.407463 1.44865 0.490237 0.506811 0.309771 0.406038 0.488797 0.307131 0.384397 0.405574 0.376269 0.429161 0.35054 0.475526 0.397648 0.560854 0.561093 0.400447 0.433676 0.306598 0.405925 0.39072 0.405925 0.407747 0.367729 0.810829 0.499926 0.761234 0.372241 0.492407 0.431033 0.407938 0.421873 0.719878 0.404449 0.408269 0.395585 0.408658 0.486262 0.557162 0.491701 0.399555 0.430402 0.378396 0.403645 0.387725 0.420468 0.373107 0.414734 0.53829 0.368571 0.384906 0.420293 0.442364 0.83133 0.488 0.720735 0.405551 0.497041 0.367322 0.408273 0.505001 0.387508 0.994132 0.406919 0.423612 0.423088 0.377093 0.399265 0.267411 0.495318 0.407119 0.487085 0.350439 0.450986 0.630956 0.416741 0.353869 0.358063 0.500095 0.411485 0.687505 0.410846 0.488575 0.486246 0.406059 0.722127 0.392979 0.910816 0.406852 0.361961 0.415963 0.403574 0.368741 0.424831 0.409683 0.55072 0.461086 0.722736 0.413924 0.497022 0.416905 0.448544 0.403597 0.554592 0.39446 1.44955 0.406807 0.142874 0.546878 0.374797 0.423501 0.391276 0.408706 0.397144 0.717006 0.460416 0.731982 0.549294 0.385741 0.288264 0.407095 0.378017 0.415884 0.384817 0.406565 0.405909 0.505941 0.449641 0.464446 0.786871 0.405466 0.40029 0.308793 0.486822 0.379012 0.494188 0.483728 0.4083 0.422143 0.656745 0.374654 0.404071 0.377213 0.409283 0.370284 0.482821 0.358975 0.546789 0.709207 0.728119 0.72796 0.453925 0.570438 0.363997 0.465361 0.399588 0.426463 0.499473 1.03996 0.549649 0.421484 0.35646 0.673406 0.403544 0.370518 0.310541 0.512347 0.396121 0.539931 0.653801 0.437688 0.374775 0.710722 0.474956 0.373436 0.429168 0.403056 1.41611 0.517002 0.390647 0.547266 0.47132 0.360378 1.52063 0.393266 0.428752 0.356053 0.559392 0.403487 1.55365 0.398825 0.409184 0.379758 0.40887 0.385544 0.365317 0.398849 0.390836 0.371041 0.559028 0.447145 0.376003 0.42551 0.498535 0.558794 0.362304 0.528051 0.349931 0.315408 0.484871 0.483708 0.384216 0.554508 0.405518 0.370107 0.373983 0.407772 0.397308 0.51021 0.549265 0.407485 0.373729 0.72985 1.42638 0.555244 0.547259 0.545651 0.393426 0.724324 0.357991 1.45186 0.413137 0.543202 0.410723 0.488013 0.486675 0.463545 0.450493 0.374283 0.485095 0.430539 1.5073 0.399482 0.407077 0.407513 0.544995 0.471989 0.403917 0.416511 0.397438 1.26224 0.521104 0.492147 0.344227 1.49719 1.03606 0.361712 0.399555 0.552361 0.403134 1.35444 0.37234 0.969285 0.446928 0.493812 0.721108 0.548271 0.533982 0.462065 0.441842 0.861603 1.41866 0.406336 0.410724 0.547581 0.719201 0.50269 0.363217 0.407643 0.53666 0.657599 0.726192 0.403051 1.1453 0.484868 0.706771 0.402058 0.408548 0.384308 0.409696 0.406334 0.407191 0.377896 0.428669 0.437061 0.488134 0.351994 0.400214 0.964463 0.453897 0.30331 0.453671 0.483816 1.24354 0.407844 0.407594 0.482073 0.359644 1.28257 0.401431 0.907155 0.539785 0.776233 0.141246 0.407642 0.490074 0.366197 1.44194 0.541058 0.753211 0.507285 0.714122 0.401837 0.386562 0.623313 0.397568 0.875434 1.49488 0.40698 0.385285 0.404192 0.407501 0.684297 0.544829 0.403351 0.827992 1.44021 1.02033 1.38058 0.362517 0.419954 0.359522 0.382599 0.404966 0.364747 0.486655 0.442859 0.476093 0.399144 0.375985 0.717333 0.417014 0.404227 0.364654 0.401563 0.550592 0.303346 0.356898 0.38504 0.657198 0.385968 0.381331 0.72621 0.417727 0.382975 0.402557 0.647722 0.540258 0.462852 0.403178 1.24377 0.379258 0.564679 0.402009 0.511434 0.405279 0.512686 0.437405 0.802141 0.545983 0.411936 0.411068 0.494423 0.727072 0.548436 0.343576 0.92868 0.498866 1.42646 0.546468 0.489393 0.396293 0.991041 0.41507 1.06241 0.443698 0.455404 0.468488 0.395055 0.378567 0.550721 1.41033 0.723186 0.369421 0.455394 0.797234 0.553298 0.398511 0.568485 0.721432 0.425795 0.40357 0.529995 0.417921 0.445188 0.376578 0.516193 0.405934 0.323531 1.43072 0.366365 0.494304 0.376624 0.405645 0.407274 0.491641 0.415595 0.368592 0.403423 0.386975 0.308188 0.367789 0.486437 0.382519 0.817865 0.420005 0.546221 0.806155 0.547397 0.422387 0.536716 0.406488 0.38976 0.786067 0.37645 0.394227 0.494587 0.404463 0.405797 0.362741 0.551464 0.443127 0.726956 0.6668 0.359184 1.47432 1.26332 0.821607 0.845493 0.5456 0.41042 0.415224 0.407462 0.429142 0.376263 0.387588 0.668488 0.489584 0.685241 0.409681 1.67777 0.795892 0.396677 0.396535 0.396305 0.4287 0.785399 0.418542 0.362369 0.448502 0.539113 0.40812 0.375963 0.507105
Testing:
Lab Growth Rates:
0.46 0.46 0.46
Dot Production Prediction of Lab Growth Rates:
0.472538 0.481057 0.465504
Best performance so far: 
Obj: 4.6665e-310Rho: 6.5069e-314Diff: 4.6665e-310
Test:
 Lab Growth Rates:
0.46 0.46 0.46Dot Product Prediction of Growth Rate:
0.4725382 0.4810567 0.4655045