seed =  5 traits =  1 
Training: part  210 
Training: part  210 
Round  1 
 Goal of obj  0.99 
Temperature range:  0.25 2e-13 
Cycle 1Round 1
Iter 500000 pBad 0.968392 T 0.0621006 Obj 1.17912 Rho 0 GRdif 96.5522 success 148329 failure 906 obj_new 1.17912 SA_pAcc 0.998097 Delta 0.149256 SA_r 0.753143 freedomratio 0.37978
Iter 1000000 pBad 0.900243 T 0.0154259 Obj 1.05055 Rho 0 GRdif 28.8959 success 295619 failure 3926 obj_new 1.05055 SA_pAcc 1.03451 Delta 0.664136 SA_r 0.730932 freedomratio 0.374441
Iter 1500000 pBad 0.850615 T 0.00383182 Obj 1.02751 Rho 0 GRdif 15.9029 success 441629 failure 10071 obj_new 1.02751 SA_pAcc 0.995355 Delta 0.00410946 SA_r 0.079228 freedomratio 0.378798
Iter 2000000 pBad 0.813715 T 0.00095183 Obj 1.02723 Rho 0 GRdif 15.7409 success 586056 failure 18947 obj_new 1.02723 SA_pAcc 0.998467 Delta -0.0116612 SA_r 0.0663951 freedomratio 0.373724
Iter 2500000 pBad 0.737672 T 0.000236436 Obj 1.0148 Rho 0 GRdif 8.60868 success 728106 failure 33970 obj_new 1.0148 SA_pAcc 0.939994 Delta -0.227884 SA_r 0.561206 freedomratio 0.371592
Iter 3000000 pBad 0.594862 T 5.87311e-05 Obj 1.01279 Rho 0 GRdif 7.44537 success 864750 failure 60771 obj_new 1.01279 SA_pAcc 1 Delta 0.231371 SA_r 0.608756 freedomratio 0.363073
Iter 3500000 pBad 0.357071 T 1.45889e-05 Obj 1.01153 Rho 0 GRdif 6.71557 success 989589 failure 111735 obj_new 1.01153 SA_pAcc 0.55977 Delta -0.197237 SA_r 0.44596 freedomratio 0.355798
Iter 4000000 pBad 0.220737 T 3.62391e-06 Obj 1.01068 Rho 0 GRdif 6.22756 success 1091281 failure 209853 obj_new 1.01068 SA_pAcc 1.00656 Delta -0.128564 SA_r 0.449841 freedomratio 0.343292
Iter 4500000 pBad 0.0878165 T 9.00185e-07 Obj 1.0099 Rho 0 GRdif 5.772 success 1160446 failure 377646 obj_new 1.0099 SA_pAcc 1 Delta -0.0771211 SA_r 0.844762 freedomratio 0.285993
Iter 5000000 pBad 0.0438235 T 2.23607e-07 Obj 1.00946 Rho 0 GRdif 5.51625 success 1198680 failure 623340 obj_new 1.00946 SA_pAcc 1 Delta 0.0109162 SA_r 0.266471 freedomratio 0.25226
Iter 5500000 pBad 0.0203567 T 5.55445e-08 Obj 1.0093 Rho 0 GRdif 5.42395 success 1219796 failure 921468 obj_new 1.0093 SA_pAcc 6.96965e-07 Delta 0.000636646 SA_r 0.641302 freedomratio 0.226255
Iter 6000000 pBad 0.0102463 T 1.37973e-08 Obj 1.00922 Rho 0 GRdif 5.37924 success 1232318 failure 1251419 obj_new 1.00922 SA_pAcc 1 Delta -0.0042644 SA_r 0.522261 freedomratio 0.214652
Iter 6500000 pBad 0.00592007 T 3.42728e-09 Obj 1.00919 Rho 0 GRdif 5.39775 success 1239450 failure 1600971 obj_new 1.00925 SA_pAcc 0 Delta -0.00532427 SA_r 0.615556 freedomratio 0.205686
Iter 7000000 pBad 0.00294259 T 8.51342e-10 Obj 1.00916 Rho 0 GRdif 5.34518 success 1244740 failure 1964801 obj_new 1.00916 SA_pAcc 0 Delta 0.00233769 SA_r 0.630336 freedomratio 0.196249
Iter 7500000 pBad 0.00166484 T 2.11475e-10 Obj 1.00916 Rho 0 GRdif 5.3413 success 1247780 failure 2340497 obj_new 1.00916 SA_pAcc 3.21436e-158 Delta 0.000500587 SA_r 0.773338 freedomratio 0.192954
Iter 8000000 pBad 0.000895965 T 5.25307e-11 Obj 1.00915 Rho 0 GRdif 5.366 success 1249840 failure 2723654 obj_new 1.0092 SA_pAcc 0 Delta 0.000436717 SA_r 0.0257528 freedomratio 0.189951
Iter 8500000 pBad 0.000255756 T 1.30487e-11 Obj 1.00914 Rho 0 GRdif 5.34687 success 1253549 failure 3114049 obj_new 1.00917 SA_pAcc 0 Delta -0.000158563 SA_r 0.659533 freedomratio 0.183699
Iter 9000000 pBad 0.000382899 T 3.24132e-12 Obj 1.00914 Rho 0 GRdif 5.33172 success 1257605 failure 3505971 obj_new 1.00914 SA_pAcc 0 Delta 7.59508e-05 SA_r 0.221968 freedomratio 0.180086
Iter 9500000 pBad 5.74915e-52 T 8.0515e-13 Obj 1.00914 Rho 0 GRdif 5.37794 success 1261154 failure 3851719 obj_new 1.00922 SA_pAcc 0 Delta 0 SA_r 0.334394 freedomratio 0.171045
Iter 10000000 pBad 3.47315e-95 T 2.00001e-13 Obj 1.00914 Rho 0 GRdif 5.33064 success 1261154 failure 4167668 obj_new 1.00914 SA_pAcc 1 Delta -2.50168e-95 SA_r 0.318969 freedomratio 0.171295
Cannot move further
iter 9.24529e+06 obj1.00914 rho 0 GRdif 5.33064
Training:
Lab Growth Rates:
0.4 0.48 0.45 0.59 0.377 0.27 0.54 1.43 0.38 0.4 0.42 0.38 0.56 0.56 0.33 0.41 0.23 0.45 0.55 1.345 0.4 0.39 0.4 1.483 0.37 0.52 0.52 0.1 0.25 0.68 0.58 0.46 0.09 0.56 1.05 0.46 0.46 0.5 0.26 0.5 0.19 0.43 0.637 0.762 0.54 0.5 0.4 0.52 0.1 0.46 0.4 0.54 0.53 0.56 0.45 0.55 0.4 0.41 1.248 0.53 0.27 0.55 0.52 0.23 0.46 1.67 0.53 0.47 0.3 0.724 0.53 0.56 0.7 0.32 0.47 0.54 0.59 0.46 0.5 0.636 0.3 0.5 0.686 0.43 0.47 0.45 0.53 0.59 0.43 1.248 0.58 0.45 0.42 0.52 0.37 0.22 0.5 0.53 0.901 0.4 0.49 0.37 0.43 0.5 0.648 0.5 0.6 0.45 0.6 0.4 0.1 0.53 0.37 0.4 0.1 0.36 0.36 1.345 0.65 0.56 0.55 0.59 0.54 0.43 0.68 0.33 0.42 0.48 0.38 0.27 0.37 0.45 0.5 1.248 0.3 1.483 0.4 0.1 0.39 1.248 0.36 0.54 1.483 1.44 0.56 0.36 0.7 0.54 0.52 0.65 0.4 0.5 0.55 0.3 0.58 0.4 0.5 1.483 0.25 0.465 0.59 1.05 0.42 0.47 0.37 1.345 0.52 0.56 0.3 0.481 0.4 0.39 0.55 0.46 0.54 0.46 0.31 0.47 0.5 0.686 0.11 1.483 0.4 0.43 0.58 0.5 0.54 0.5 0.41 0.54 0.22 0.58 0.33 0.481 0.39 0.485 0.47 0.5 0.25 0.65 1.49 0.42 0.47 0.5 0.47 0.42 0.56 0.54 0.6 0.22 0.54 0.22 0.42 0.22 0.4 0.45 0.42 0.23 0.19 1.05 0.37 0.49 0.46 0.26 0.42 0.37 0.53 0.09 0.4 0.47 0.648 0.901 0.465 0.48 0.5 0.5 0.4 0.48 0.42 0.4 0.37 0.23 0.3 0.56 0.53 1.46 0.2 0.22 1.345 0.1 0.45 0.54 0.52 0.43 0.4 0.635 1.46 0.47 0.14 0.5 0.4 0.46 1.42 0.4 0.4 0.31 0.4 0.42 0.45 0.53 1.38 0.45 0.485 0.59 0.58 0.5 0.47 1.483 0.5 0.46 0.4 0.38 0.51 0.54 0.54 1.345 0.42 0.724 0.42 0.65 0.43 0.7 0.47 0.3 0.4 0.47 0.25 0.2 0.59 0.485 0.301 0.59 0.36 0.5 0.11 0.4 0.4 0.25 0.45 0.45 0.49 0.762 0.762 0.54 0.34 0.4 0.4 0.33 0.46 1.67 0.4 0.901 1.483 1.345 0.34 0.45 0.65 0.33 0.724 0.31 0.58 0.637 0.901 0.41 0.47 0.54 0.17 0.4 0.53 0.55 0.41 0.37 0.55 1.05 1.05 0.58 0.17 0.68 0.68 0.32 0.33 0.59 0.34 0.377 0.27 0.4 0.47 0.36 0.4 0.59 0.46 0.4 0.65 0.4 0.7 0.377 0.476 0.3 0.59 0.56 0.58 0.52 0.617 0.54 0.37 0.71 0.5 0.58 0.4 0.47 0.36 0.53 0.301 0.58 0.59 0.1 0.481 0.42 0.45 0.37 0.41 0.47 0.4 1.66 0.33 0.58 0.4 0.301 0.4 0.23 1.345 0.48 0.27 0.58 0.53 0.3 0.465 0.43 0.56 0.55 0.54 0.762 0.52 0.476 0.476 1.35 0.4 0.42 0.4 0.46 0.39 0.38 0.5 0.4 0.4 0.14 0.37 0.51 0.4 0.23 0.56 0.59 0.59 0.54 0.5 0.4 1.345 0.48 0.4 0.4 0.68 0.54 0.65 0.25 0.5 0.65 0.53 0.5 0.47 0.3 1.483 0.5 0.43 0.51 0.47 0.4 0.46 0.48 0.32 0.4 1.46 0.42 0.54 0.25 0.59 0.55 0.3 0.11 0.58 0.4 0.41 0.4 0.37 0.4 1.4 0.5 0.4 1.46 0.6 0.56 0.43 0.54 0.65 0.4 0.54 0.901 0.635 0.46 0.56 0.43 0.648 0.52 0.3 0.55 0.58 0.5 0.33 0.39 0.637 0.48 0.53 0.22 0.686 0.636 0.22 0.4 1.483 0.09 0.47 0.36 0.58 1.248 0.3 0.23 0.47 0.42 0.46 0.37 0.5 0.46 0.56 0.25 1.345 0.59 0.45 0.47 0.4 1.03 0.45 0.485 0.4 0.56 0.48 0.45 0.42 1.345 0.901 0.5 0.41 0.54 0.4 0.47 0.54 0.33 0.4 0.54 0.636 0.46 0.71 0.46 0.47 0.52 0.41 0.4 0.4 0.1 0.27 1.66 1.345 1.483 0.3 0.23 1.483 0.55 0.17 0.56 0.37 1.43 0.71 0.23 0.4 0.54 0.2 0.36 0.635 0.58 0.26 0.45 0.19 1.483 0.1 0.5 1.345 0.46 0.58 0.5
Dot Production Prediction of Lab Growth Rates:
0.400663 0.387666 1.55181 0.414176 0.452374 0.523449 0.417102 1.44476 0.351315 0.399921 0.361655 0.395283 0.54261 0.537407 0.466034 0.350917 0.543457 0.402167 0.459636 0.798381 0.400284 0.333063 0.397707 0.761418 0.435707 0.40271 0.402758 0.434637 0.38151 0.681771 0.457468 0.329895 0.434234 0.538329 1.20636 0.460326 0.393285 0.366528 0.390521 0.416495 0.379345 0.432788 0.71289 1.47991 0.549291 0.39576 0.401501 0.376815 0.425413 0.441012 0.401482 0.363766 0.532487 0.538993 1.48379 0.549663 0.398069 0.396646 1.24699 0.541191 0.390723 0.475473 0.3872 0.539692 0.470326 1.5533 0.464889 0.39693 0.321066 0.71385 0.334945 0.53966 0.698583 0.360609 0.383499 0.395316 0.354615 0.388469 0.481188 0.707185 0.300106 0.390167 0.708585 0.393258 0.382486 0.392034 0.542882 0.544859 0.425065 1.25825 0.459432 0.393001 0.357982 0.409817 0.4124 0.472582 0.366658 0.530988 0.863808 0.403096 0.407849 0.407956 0.441777 0.548366 0.710368 0.533593 0.312704 1.47711 0.309326 0.39983 0.441578 0.381149 0.439887 0.400025 0.460602 0.430833 0.377726 0.776948 0.64233 0.474964 0.468275 0.370101 0.386297 0.383815 0.675589 0.358154 0.36992 0.339029 0.349992 0.374683 0.440665 0.425023 0.450382 1.28215 0.311462 0.737741 0.400641 0.514726 0.345208 1.24691 0.429398 0.546121 0.756651 1.51521 0.458438 0.393367 0.700224 0.392257 0.413705 0.624995 0.404224 0.469851 0.464737 0.303765 0.360597 0.401246 0.352303 0.784682 1.50852 0.451539 0.381789 1.05 0.376776 0.392013 0.436529 0.768464 0.401085 0.538057 0.269738 0.458111 0.399859 0.369186 0.549679 0.47017 0.445788 0.418036 0.498406 0.380147 0.49806 0.707676 0.40164 0.769045 0.397046 0.394154 0.411383 0.546601 0.392993 0.509674 0.408531 0.472943 0.466671 0.461251 0.396466 0.454267 0.398803 0.451368 0.444045 0.359422 0.345359 0.650119 1.55181 0.374383 0.409031 0.541458 0.448271 0.506125 0.461261 0.545237 0.315087 0.436112 0.442968 0.386599 0.375997 0.467462 0.399076 1.4833 0.346529 0.462624 0.371952 1.04866 0.48744 0.406526 0.435107 0.487093 0.518452 0.430943 0.410499 0.388213 0.399109 0.375025 0.709841 0.901 0.451302 0.353163 0.463793 0.507073 0.398873 0.375252 0.38391 0.400228 0.457733 0.541071 0.282693 0.540583 0.52295 1.20698 0.396925 0.46847 0.806442 0.449584 0.408893 0.446503 0.379956 0.421765 0.357197 0.711853 1.01415 0.395766 0.140026 0.478754 0.403221 0.470532 1.53194 0.401801 0.401165 0.491606 0.40197 0.340369 0.368233 0.445363 1.02882 0.371882 0.459851 0.357658 0.390507 0.519987 0.393183 0.761691 0.501009 0.341665 0.406088 0.342656 0.409761 0.538019 0.543414 0.782475 0.389544 0.712522 0.366754 0.650003 0.399242 0.70101 0.400785 0.398915 0.399223 0.455532 0.46631 0.3719 0.540938 0.459935 0.457103 0.357844 0.39066 0.359927 0.370908 0.400599 0.401867 0.37707 0.372156 1.52607 0.416861 1.45751 1.49914 0.400004 0.370833 0.408156 0.400092 0.4458 0.359099 1.36544 0.401324 0.900279 0.760149 0.762414 0.346783 1.47691 0.642929 0.477485 0.709339 0.487884 0.394612 0.710298 0.894725 0.39189 0.412377 0.391 0.354744 0.401437 0.37362 0.55038 0.456831 0.454654 0.54622 1.01099 1.05014 0.460639 0.352797 0.683499 0.667554 0.33376 0.367613 0.547144 0.348869 0.448881 0.332261 0.403492 0.440041 0.382463 0.399874 0.415386 0.459644 0.400544 0.640701 0.400935 0.695366 0.452356 0.452704 0.3754 0.544235 0.538133 0.456868 0.390764 0.617236 0.417875 0.437083 0.709522 0.544367 0.471409 0.403122 0.400462 0.360419 0.539178 0.45814 0.374246 0.552934 0.633502 0.45345 0.496367 0.41618 0.343375 0.379224 0.386398 0.398647 1.66 0.3896 0.476796 0.404651 0.454817 0.402168 0.460695 0.768756 0.357759 0.391622 0.456728 0.414617 0.308749 0.450276 0.399213 0.475419 0.465594 0.354891 1.46351 0.404811 0.456758 0.451846 1.34994 0.399344 0.408944 0.400985 0.429529 0.346714 0.385354 0.500268 0.401627 0.400069 0.139965 0.441084 0.429092 0.405186 0.53449 0.540067 0.539242 0.54795 0.467185 0.49755 0.400835 0.776251 0.372766 0.401447 0.402876 0.679927 0.462039 0.652183 0.374509 0.493374 0.657458 0.451154 0.466964 0.379481 0.300199 0.751147 0.540841 0.419862 0.421674 0.379287 0.397921 0.39161 0.36288 0.377131 0.40086 1.01142 0.365294 0.544994 0.508748 0.348052 0.544562 0.300537 0.387809 0.473004 0.399943 0.456776 0.399818 0.436103 0.39981 1.39994 0.401119 0.402344 0.994431 0.313645 0.474807 0.409979 0.543633 0.66185 0.400116 0.333438 0.901313 0.708857 0.461941 0.466001 0.379091 0.705907 0.405731 0.305424 0.54276 0.458049 0.389555 0.342714 0.370283 0.707493 0.345516 0.391523 0.466927 0.709031 0.712985 0.405505 0.401761 0.76689 0.373704 0.383474 0.364595 0.457904 1.26091 0.426985 0.460393 0.397547 0.366575 0.461509 0.403893 0.36575 0.416791 0.541937 0.635187 0.781406 0.358148 0.367134 0.444101 0.40094 1.03001 0.349319 0.456407 0.399525 0.539775 0.36972 1.52714 0.375944 0.7645 1.32013 0.46031 0.459831 0.396443 0.401619 0.371114 0.375562 0.393567 0.404766 0.392128 0.707159 0.474794 0.712642 0.463562 0.410359 0.385456 0.419458 0.364964 0.401836 1.45241 0.389907 1.65994 0.785028 0.749334 0.309774 0.541931 0.761031 0.471125 0.430591 0.544563 0.455563 1.42923 0.703894 0.532965 0.400419 0.410918 0.393613 0.371402 0.713332 0.395365 0.428817 0.355122 0.362785 0.785571 0.368599 0.357904 0.774452 0.428152 0.474219 0.52326
Testing:
Lab Growth Rates:
0.58 0.58 0.58
Dot Production Prediction of Lab Growth Rates:
0.353888 0.3948 0.402476
Best performance so far: 
Obj: 4.65135e-310Rho: 2.26291e-314Diff: 4.65135e-310
Anneal again with the best G and E so far as input
Cycle 2Round 1
Iter 500000 pBad 0.977047 T 0.0621006 Obj 1.19893 Rho 0 GRdif 106.316 success 117899 failure 662 obj_new 1.19893 SA_pAcc 1.00401 Delta -0.643141 SA_r 0.600509 freedomratio 0.285575
Iter 1000000 pBad 0.894558 T 0.0154259 Obj 1.05672 Rho 0 GRdif 32.3306 success 237422 failure 3132 obj_new 1.05672 SA_pAcc 1 Delta 0.192789 SA_r 0.48527 freedomratio 0.289097
Iter 1500000 pBad 0.822666 T 0.00383182 Obj 1.03688 Rho 0 GRdif 21.2209 success 355212 failure 8959 obj_new 1.03688 SA_pAcc 1 Delta 0.430757 SA_r 0.324099 freedomratio 0.286974
Iter 2000000 pBad 0.775335 T 0.00095183 Obj 1.0215 Rho 0 GRdif 12.4664 success 472526 failure 16565 obj_new 1.0215 SA_pAcc 1.00156 Delta -0.49572 SA_r 0.417755 freedomratio 0.278915
Iter 2500000 pBad 0.70728 T 0.000236436 Obj 1.01454 Rho 0 GRdif 8.46024 success 587299 failure 29409 obj_new 1.01454 SA_pAcc 1 Delta 0.263337 SA_r 0.911933 freedomratio 0.285158
Iter 3000000 pBad 0.509629 T 5.87311e-05 Obj 1.01212 Rho 0 GRdif 7.06201 success 694100 failure 58242 obj_new 1.01212 SA_pAcc 2.51957 Delta -0.156499 SA_r 0.771864 freedomratio 0.276938
Iter 3500000 pBad 0.319685 T 1.45889e-05 Obj 1.01148 Rho 0 GRdif 6.69158 success 788506 failure 113069 obj_new 1.01148 SA_pAcc 1 Delta -0.172777 SA_r 0.87753 freedomratio 0.27396
Iter 4000000 pBad 0.206637 T 3.62391e-06 Obj 1.01042 Rho 0 GRdif 6.07451 success 865393 failure 205726 obj_new 1.01042 SA_pAcc 1 Delta -0.137172 SA_r 0.262098 freedomratio 0.263134
Iter 4500000 pBad 0.101085 T 9.00185e-07 Obj 1.00959 Rho 0 GRdif 5.59467 success 923782 failure 343718 obj_new 1.00959 SA_pAcc 0.584435 Delta -0.037533 SA_r 0.937408 freedomratio 0.237825
Iter 5000000 pBad 0.040669 T 2.23607e-07 Obj 1.00925 Rho 0 GRdif 5.39721 success 957213 failure 552003 obj_new 1.00925 SA_pAcc 0.000912451 Delta 0.019819 SA_r 0.688267 freedomratio 0.206994
Iter 5500000 pBad 0.0204575 T 5.55445e-08 Obj 1.00905 Rho 0 GRdif 5.27912 success 977103 failure 806996 obj_new 1.00905 SA_pAcc 4.83121e-05 Delta 0.0143756 SA_r 0.839038 freedomratio 0.192763
Iter 6000000 pBad 0.0100388 T 1.37973e-08 Obj 1.00898 Rho 0 GRdif 5.23751 success 988121 failure 1097304 obj_new 1.00898 SA_pAcc 3.25159e-13 Delta -0.00877779 SA_r 0.515476 freedomratio 0.182214
Iter 6500000 pBad 0.00598795 T 3.42728e-09 Obj 1.00894 Rho 0 GRdif 5.21843 success 993358 failure 1409625 obj_new 1.00894 SA_pAcc 1 Delta 0.00376264 SA_r 0.360886 freedomratio 0.177737
Iter 7000000 pBad 0.00125242 T 8.51342e-10 Obj 1.00893 Rho 0 GRdif 5.20838 success 996961 failure 1732456 obj_new 1.00893 SA_pAcc 1 Delta -0.00043956 SA_r 0.649282 freedomratio 0.171848
Iter 7500000 pBad 0.000943579 T 2.11475e-10 Obj 1.00892 Rho 0 GRdif 5.20603 success 998790 failure 2064722 obj_new 1.00892 SA_pAcc 5.96374e-97 Delta 0.000828625 SA_r 0.890436 freedomratio 0.169658
Iter 8000000 pBad 0.000460682 T 5.25307e-11 Obj 1.00892 Rho 0 GRdif 5.20357 success 1000207 failure 2401956 obj_new 1.00892 SA_pAcc 1 Delta -0.000460029 SA_r 0.850488 freedomratio 0.167956
Iter 8500000 pBad 0.000169584 T 1.30487e-11 Obj 1.00891 Rho 0 GRdif 5.20058 success 1003660 failure 2755289 obj_new 1.00891 SA_pAcc 1.6615e-218 Delta 0.000124257 SA_r 0.706192 freedomratio 0.155314
Iter 9000000 pBad 7.28302e-11 T 3.24132e-12 Obj 1.00891 Rho 0 GRdif 5.1995 success 1007123 failure 3116313 obj_new 1.00891 SA_pAcc 0 Delta -4.21363e-11 SA_r 0.28767 freedomratio 0.146317
Iter 9500000 pBad 1.03782e-32 T 8.0515e-13 Obj 1.00891 Rho 0 GRdif 5.1995 success 1009317 failure 3415377 obj_new 1.00891 SA_pAcc 1 Delta 1.80569e-34 SA_r 0.186178 freedomratio 0.144978
Good enough
iter 9.15987e+06 obj1.00891 rho 0 GRdif 5.1995
Training:
Lab Growth Rates:
0.4 0.48 0.45 0.59 0.377 0.27 0.54 1.43 0.38 0.4 0.42 0.38 0.56 0.56 0.33 0.41 0.23 0.45 0.55 1.345 0.4 0.39 0.4 1.483 0.37 0.52 0.52 0.1 0.25 0.68 0.58 0.46 0.09 0.56 1.05 0.46 0.46 0.5 0.26 0.5 0.19 0.43 0.637 0.762 0.54 0.5 0.4 0.52 0.1 0.46 0.4 0.54 0.53 0.56 0.45 0.55 0.4 0.41 1.248 0.53 0.27 0.55 0.52 0.23 0.46 1.67 0.53 0.47 0.3 0.724 0.53 0.56 0.7 0.32 0.47 0.54 0.59 0.46 0.5 0.636 0.3 0.5 0.686 0.43 0.47 0.45 0.53 0.59 0.43 1.248 0.58 0.45 0.42 0.52 0.37 0.22 0.5 0.53 0.901 0.4 0.49 0.37 0.43 0.5 0.648 0.5 0.6 0.45 0.6 0.4 0.1 0.53 0.37 0.4 0.1 0.36 0.36 1.345 0.65 0.56 0.55 0.59 0.54 0.43 0.68 0.33 0.42 0.48 0.38 0.27 0.37 0.45 0.5 1.248 0.3 1.483 0.4 0.1 0.39 1.248 0.36 0.54 1.483 1.44 0.56 0.36 0.7 0.54 0.52 0.65 0.4 0.5 0.55 0.3 0.58 0.4 0.5 1.483 0.25 0.465 0.59 1.05 0.42 0.47 0.37 1.345 0.52 0.56 0.3 0.481 0.4 0.39 0.55 0.46 0.54 0.46 0.31 0.47 0.5 0.686 0.11 1.483 0.4 0.43 0.58 0.5 0.54 0.5 0.41 0.54 0.22 0.58 0.33 0.481 0.39 0.485 0.47 0.5 0.25 0.65 1.49 0.42 0.47 0.5 0.47 0.42 0.56 0.54 0.6 0.22 0.54 0.22 0.42 0.22 0.4 0.45 0.42 0.23 0.19 1.05 0.37 0.49 0.46 0.26 0.42 0.37 0.53 0.09 0.4 0.47 0.648 0.901 0.465 0.48 0.5 0.5 0.4 0.48 0.42 0.4 0.37 0.23 0.3 0.56 0.53 1.46 0.2 0.22 1.345 0.1 0.45 0.54 0.52 0.43 0.4 0.635 1.46 0.47 0.14 0.5 0.4 0.46 1.42 0.4 0.4 0.31 0.4 0.42 0.45 0.53 1.38 0.45 0.485 0.59 0.58 0.5 0.47 1.483 0.5 0.46 0.4 0.38 0.51 0.54 0.54 1.345 0.42 0.724 0.42 0.65 0.43 0.7 0.47 0.3 0.4 0.47 0.25 0.2 0.59 0.485 0.301 0.59 0.36 0.5 0.11 0.4 0.4 0.25 0.45 0.45 0.49 0.762 0.762 0.54 0.34 0.4 0.4 0.33 0.46 1.67 0.4 0.901 1.483 1.345 0.34 0.45 0.65 0.33 0.724 0.31 0.58 0.637 0.901 0.41 0.47 0.54 0.17 0.4 0.53 0.55 0.41 0.37 0.55 1.05 1.05 0.58 0.17 0.68 0.68 0.32 0.33 0.59 0.34 0.377 0.27 0.4 0.47 0.36 0.4 0.59 0.46 0.4 0.65 0.4 0.7 0.377 0.476 0.3 0.59 0.56 0.58 0.52 0.617 0.54 0.37 0.71 0.5 0.58 0.4 0.47 0.36 0.53 0.301 0.58 0.59 0.1 0.481 0.42 0.45 0.37 0.41 0.47 0.4 1.66 0.33 0.58 0.4 0.301 0.4 0.23 1.345 0.48 0.27 0.58 0.53 0.3 0.465 0.43 0.56 0.55 0.54 0.762 0.52 0.476 0.476 1.35 0.4 0.42 0.4 0.46 0.39 0.38 0.5 0.4 0.4 0.14 0.37 0.51 0.4 0.23 0.56 0.59 0.59 0.54 0.5 0.4 1.345 0.48 0.4 0.4 0.68 0.54 0.65 0.25 0.5 0.65 0.53 0.5 0.47 0.3 1.483 0.5 0.43 0.51 0.47 0.4 0.46 0.48 0.32 0.4 1.46 0.42 0.54 0.25 0.59 0.55 0.3 0.11 0.58 0.4 0.41 0.4 0.37 0.4 1.4 0.5 0.4 1.46 0.6 0.56 0.43 0.54 0.65 0.4 0.54 0.901 0.635 0.46 0.56 0.43 0.648 0.52 0.3 0.55 0.58 0.5 0.33 0.39 0.637 0.48 0.53 0.22 0.686 0.636 0.22 0.4 1.483 0.09 0.47 0.36 0.58 1.248 0.3 0.23 0.47 0.42 0.46 0.37 0.5 0.46 0.56 0.25 1.345 0.59 0.45 0.47 0.4 1.03 0.45 0.485 0.4 0.56 0.48 0.45 0.42 1.345 0.901 0.5 0.41 0.54 0.4 0.47 0.54 0.33 0.4 0.54 0.636 0.46 0.71 0.46 0.47 0.52 0.41 0.4 0.4 0.1 0.27 1.66 1.345 1.483 0.3 0.23 1.483 0.55 0.17 0.56 0.37 1.43 0.71 0.23 0.4 0.54 0.2 0.36 0.635 0.58 0.26 0.45 0.19 1.483 0.1 0.5 1.345 0.46 0.58 0.5
Dot Production Prediction of Lab Growth Rates:
0.400952 0.404198 1.50763 0.377131 0.602809 0.516148 0.429347 1.43267 0.360778 0.399811 0.345745 0.389823 0.542392 0.529594 0.481941 0.347502 0.528645 0.40666 0.469795 0.783978 0.402894 0.326288 0.401383 0.760994 0.439552 0.420917 0.379151 0.438557 0.384356 0.682528 0.479621 0.332539 0.470482 0.539465 1.39615 0.45805 0.387793 0.37609 0.38981 0.425237 0.38758 0.431745 0.688008 0.916423 0.553311 0.408821 0.39554 0.393531 0.432489 0.466971 0.399897 0.353217 0.526783 0.540601 1.45722 0.553314 0.402202 0.399936 0.943544 0.526311 0.386067 0.475155 0.405812 0.527381 0.455596 1.50497 0.463725 0.422001 0.32092 0.707325 0.323457 0.543901 0.70013 0.366619 0.403815 0.390305 0.352816 0.414582 0.490451 0.670091 0.307676 0.41993 0.712076 0.411072 0.388734 0.409441 0.547093 0.547825 0.399428 0.948706 0.477224 0.401674 0.365481 0.430655 0.439614 0.483366 0.366085 0.522448 0.901123 0.402914 0.407596 0.415262 0.418688 0.543165 0.699997 0.52666 0.295469 1.4444 0.298971 0.400159 1.17538 0.395968 0.4388 0.400238 1.29444 0.463443 0.394816 0.744853 0.651877 0.494192 0.485352 0.381194 0.395045 0.407775 0.679486 0.366428 0.374547 0.333945 0.351673 0.377595 0.467233 0.434727 0.477166 0.95645 0.315813 0.73225 0.398103 1.41065 0.340815 0.941711 0.442069 0.555133 0.75586 1.47407 0.480376 0.39442 0.699858 0.392022 0.419744 0.633271 0.391799 0.489115 0.463636 0.299998 0.370454 0.400285 0.352154 0.778968 1.46877 0.589231 0.358478 1.05008 0.380869 0.408 0.435066 0.763328 0.378865 0.540457 0.269869 0.57618 0.400716 0.379424 0.554205 0.468863 0.480311 0.401423 0.479731 0.388539 0.500225 0.711914 0.418903 0.765076 0.399151 0.410152 0.427536 0.542792 0.392972 0.499269 0.415551 0.461275 0.479261 0.480978 0.408179 0.577837 0.411765 0.57712 0.433755 0.370565 0.360496 0.648855 1.50763 0.371632 0.404145 0.538581 0.469083 0.500048 0.477847 0.540549 0.303921 0.465217 0.481519 0.406976 0.373593 0.477696 0.402114 1.4788 0.340546 0.459263 0.374701 1.03752 0.480424 0.419759 0.422024 0.482094 0.506319 0.44951 0.434942 0.397456 0.399947 0.374688 0.698511 0.901235 0.583263 0.342395 0.480283 0.512527 0.400192 0.385464 0.385133 0.402471 0.464021 0.53907 0.29418 0.531507 0.532588 1.37076 0.406064 0.486612 0.806703 1.2131 0.420558 0.468682 0.359914 0.438195 0.340781 0.695819 0.96213 0.383354 0.140044 0.489502 0.400588 0.459297 1.48507 0.400777 0.396525 0.466469 0.403273 0.343134 0.367905 0.458142 0.984326 0.37644 0.576703 0.3644 0.395998 0.503754 0.419933 0.740411 0.500524 0.343701 0.392435 0.341212 0.422158 0.539865 0.54316 0.772387 0.373895 0.708505 0.363841 0.657992 0.407335 0.698379 0.402843 0.384081 0.400669 0.476284 0.451174 0.37028 0.55403 0.57267 0.605192 0.365526 0.393897 0.352305 0.377797 0.395004 0.403378 0.386004 0.35692 1.48588 0.427679 0.902157 0.92012 0.393895 0.376592 0.381624 0.401103 0.453801 0.362072 1.40564 0.398035 0.904487 0.759594 0.744621 0.351874 1.45813 0.630328 0.472209 0.704331 0.471823 0.413035 0.691149 0.899992 0.408524 0.409096 0.400619 0.346452 0.400898 0.375582 0.554909 0.585881 0.459068 0.548392 0.961331 1.05234 0.480481 0.36702 0.682437 0.672345 0.343676 0.362658 0.553653 0.350827 0.603225 0.341123 0.394435 0.442525 0.397872 0.400623 0.3844 0.468734 0.400655 0.640818 0.403456 0.702645 0.605389 0.590719 0.360823 0.554486 0.529472 0.458944 0.423897 0.617381 0.412414 0.435269 0.703183 0.54852 0.48586 0.404104 0.403261 0.375278 0.534539 0.604346 0.382053 0.558786 0.598302 0.575615 0.506332 0.423825 0.341636 0.375986 0.386357 0.397765 1.66 0.39661 0.486068 0.395279 0.611807 0.401701 0.460413 0.740781 0.354331 0.393245 0.479577 0.423989 0.305711 0.583364 0.377641 0.492894 0.469342 0.356986 0.910918 0.410486 0.590902 0.588435 1.35 0.394521 0.42229 0.397353 0.417157 0.35192 0.382748 0.482091 0.404706 0.402048 0.137447 0.443882 0.447406 0.395602 0.522525 0.546681 0.551171 0.546112 0.450039 0.490571 0.399599 0.778691 0.375382 0.404003 0.393594 0.680201 0.458919 0.657099 0.38366 0.520874 0.648574 0.449374 0.479238 0.404582 0.295731 0.728015 0.537939 0.418453 0.435177 0.388121 0.401765 0.413268 0.350662 0.381498 0.4008 0.962035 0.36022 0.545716 0.478902 0.348816 0.545982 0.300776 0.418312 0.485924 0.402725 0.585152 0.404008 0.436479 0.394451 1.39855 0.41819 0.402416 0.917549 0.298947 0.491925 0.412896 0.546905 0.658579 0.400412 0.351345 0.901 0.697701 0.471101 0.47989 0.396145 0.700129 0.432112 0.301369 0.548216 0.481592 0.401054 0.353415 0.382684 0.689792 0.346077 0.399501 0.475455 0.711642 0.701053 0.42133 0.399906 0.765033 0.384746 0.387027 0.36689 0.479818 0.942539 0.410837 0.459235 0.405288 0.36786 0.462181 0.415408 0.382166 0.423092 0.543085 0.602166 0.753418 0.369396 0.362985 0.443703 0.400981 1.03003 0.343169 0.581667 0.402537 0.540805 0.363262 1.49884 0.381668 0.765893 0.899825 0.476029 0.575972 0.42528 0.400374 0.380069 0.380656 0.413056 0.39233 0.390029 0.70088 0.469997 0.709727 0.460657 0.438161 0.405165 0.427588 0.353016 0.405272 1.38173 0.407401 1.66 0.785724 0.747139 0.313145 0.541194 0.736554 0.476617 0.457309 0.532983 0.462341 1.42303 0.701442 0.533785 0.401319 0.452913 0.398529 0.373825 0.695337 0.393305 0.424843 0.345139 0.375324 0.78328 0.352978 0.363814 0.765685 0.418224 0.493204 0.517732
Testing:
Lab Growth Rates:
0.58 0.58 0.58
Dot Production Prediction of Lab Growth Rates:
0.355458 0.409834 0.39794
Best performance so far: 
Obj: 4.65135e-310Rho: 2.122e-314Diff: 4.65135e-310
Test:
 Lab Growth Rates:
0.58 0.58 0.58Dot Product Prediction of Growth Rate:
0.3554581 0.4098341 0.39794