seed =  5 traits =  1 
Training: part  100 
Training: part  100 
Round  1 
 Goal of obj  0.99 
Temperature range:  0.125 5e-12 
Cycle 1Round 1
Iter 500000 pBad 0.946212 T 0.0377584 Obj 1.10317 Rho 0 GRdif 57.7343 success 148179 failure 1557 obj_new 1.10317 SA_pAcc 0.999274 Delta -0.444337 SA_r 0.410539 freedomratio 0.378378
Iter 1000000 pBad 0.892821 T 0.0114056 Obj 1.05928 Rho 0 GRdif 33.862 success 295628 failure 5116 obj_new 1.05928 SA_pAcc 1.06598 Delta 0.846657 SA_r 0.31961 freedomratio 0.376923
Iter 1500000 pBad 0.853329 T 0.00344524 Obj 1.03634 Rho 0 GRdif 20.9888 success 442284 failure 11067 obj_new 1.03634 SA_pAcc 1 Delta 0.631271 SA_r 0.246527 freedomratio 0.369115
Iter 2000000 pBad 0.814186 T 0.00104069 Obj 1.02072 Rho 0 GRdif 12.0582 success 587415 failure 19849 obj_new 1.02072 SA_pAcc 1 Delta -0.265159 SA_r 0.762996 freedomratio 0.368652
Iter 2500000 pBad 0.705778 T 0.000314359 Obj 1.01383 Rho 0 GRdif 8.07501 success 730783 failure 32880 obj_new 1.01383 SA_pAcc 1 Delta -0.600474 SA_r 0.358447 freedomratio 0.371681
Iter 3000000 pBad 0.669859 T 9.49575e-05 Obj 1.01272 Rho 0 GRdif 7.43022 success 869562 failure 55347 obj_new 1.01272 SA_pAcc 1 Delta -0.246668 SA_r 0.191739 freedomratio 0.374046
Iter 3500000 pBad 0.408759 T 2.86835e-05 Obj 1.01057 Rho 0 GRdif 6.18399 success 994668 failure 106833 obj_new 1.01057 SA_pAcc 1 Delta -0.121176 SA_r 0.715878 freedomratio 0.3675
Iter 4000000 pBad 0.252168 T 8.66433e-06 Obj 1.00988 Rho 0 GRdif 5.80573 success 1102788 failure 191686 obj_new 1.00992 SA_pAcc 0.0100858 Delta 0.0758898 SA_r 0.927486 freedomratio 0.335234
Iter 4500000 pBad 0.169252 T 2.61721e-06 Obj 1.00927 Rho 0 GRdif 5.42818 success 1188651 failure 322644 obj_new 1.00927 SA_pAcc 0.289225 Delta 0.0832956 SA_r 0.73961 freedomratio 0.331268
Iter 5000000 pBad 0.0977954 T 7.90571e-07 Obj 1.00879 Rho 0 GRdif 5.1496 success 1253261 failure 501162 obj_new 1.0088 SA_pAcc 0.00342239 Delta 0.0320008 SA_r 0.0981743 freedomratio 0.288094
Iter 5500000 pBad 0.0437287 T 2.38805e-07 Obj 1.00844 Rho 0 GRdif 4.94198 success 1293140 failure 741099 obj_new 1.00844 SA_pAcc 0.0127094 Delta 0.030886 SA_r 0.722969 freedomratio 0.250853
Iter 6000000 pBad 0.0227681 T 7.21352e-08 Obj 1.00818 Rho 0 GRdif 4.82387 success 1318071 failure 1029082 obj_new 1.00824 SA_pAcc 0 Delta 0.00974682 SA_r 0.183439 freedomratio 0.226677
Iter 6500000 pBad 0.0131472 T 2.17896e-08 Obj 1.00807 Rho 0 GRdif 4.72731 success 1332915 failure 1351270 obj_new 1.00807 SA_pAcc 0.754236 Delta -0.00217817 SA_r 0.155586 freedomratio 0.215701
Iter 7000000 pBad 0.00853428 T 6.58193e-09 Obj 1.00801 Rho 0 GRdif 4.69776 success 1342360 failure 1699746 obj_new 1.00802 SA_pAcc 0 Delta 0.00781785 SA_r 0.269779 freedomratio 0.201232
Iter 7500000 pBad 0.00216772 T 1.98818e-09 Obj 1.00798 Rho 0 GRdif 4.67266 success 1348607 failure 2063506 obj_new 1.00798 SA_pAcc 1 Delta 0.00156107 SA_r 0.692394 freedomratio 0.197183
Iter 8000000 pBad 0.0015206 T 6.00564e-10 Obj 1.00796 Rho 0 GRdif 4.66225 success 1353006 failure 2437404 obj_new 1.00796 SA_pAcc 1 Delta 0.000984076 SA_r 0.419794 freedomratio 0.190291
Iter 8500000 pBad 0.00172726 T 1.8141e-10 Obj 1.00794 Rho 0 GRdif 4.67252 success 1356985 failure 2821317 obj_new 1.00798 SA_pAcc 0 Delta 0.0016509 SA_r 0.493971 freedomratio 0.18744
Iter 9000000 pBad 0.000568375 T 5.4798e-11 Obj 1.00791 Rho 0 GRdif 4.65024 success 1362840 failure 3213015 obj_new 1.00794 SA_pAcc 0 Delta -0.000439176 SA_r 0.962546 freedomratio 0.180867
Iter 9500000 pBad 0.000463735 T 1.65527e-11 Obj 1.0079 Rho 0 GRdif 4.62885 success 1366092 failure 3613066 obj_new 1.0079 SA_pAcc 0 Delta -0.000103052 SA_r 0.135776 freedomratio 0.177805
Iter 10000000 pBad 0.000345927 T 5.00001e-12 Obj 1.00789 Rho 0 GRdif 4.62594 success 1371051 failure 4016682 obj_new 1.0079 SA_pAcc 0 Delta 5.83256e-05 SA_r 0.459655 freedomratio 0.173759
Cannot move further
iter 9.99996e+06 obj1.00789 rho 0 GRdif 4.62287
Training:
Lab Growth Rates:
0.42 1.345 0.3 0.4 0.48 0.45 0.59 0.377 0.27 0.54 1.43 0.47 0.4 0.42 0.47 0.56 0.56 0.33 0.41 0.23 0.45 0.55 1.345 0.4 0.47 0.4 1.483 0.37 0.32 0.49 0.46 0.45 0.68 0.58 0.47 0.09 0.56 1.05 0.46 0.46 0.5 0.26 0.5 0.19 0.47 0.637 0.762 0.54 0.37 0.4 0.52 0.46 0.26 0.4 0.42 0.53 0.56 0.45 0.55 0.4 0.45 1.248 0.53 0.43 0.55 0.52 0.23 0.46 1.67 0.48 0.47 0.3 0.724 0.53 0.56 0.7 0.34 0.48 0.59 0.48 0.46 0.5 0.636 0.3 0.33 0.686 0.43 0.47 0.4 0.53 0.59 0.43 1.248 0.58 0.4 0.42 0.52 0.37 0.22 0.5 0.53 0.901 0.4 0.49 0.43 0.36 0.5 0.648 0.5 0.5 0.45 0.6 0.4 0.1 0.53 0.37 0.4 0.1 0.36 0.47 1.345 0.65 0.56 0.55 0.37 0.54 0.43 0.68 0.33 0.25 0.48 0.38 0.47 0.37 0.45 0.5 1.248 0.3 1.483 0.4 0.1 0.39 1.248 0.36 0.54 1.483 1.44 0.56 0.43 0.7 0.52 0.1 0.65 0.4 0.5 0.55 0.3 0.58 0.4 0.5 1.483 0.25 0.465 0.25 1.05 0.58 0.45 0.37 0.42 0.52 0.56 0.6 0.481 0.4 0.39 0.55 0.46 0.54 0.27 0.31 0.19 0.5 0.686 0.36 1.483 0.4 0.43 0.58 0.5 0.54 0.5 0.41 0.54 0.22 0.58 0.43 0.481 0.39 0.485 0.47 0.5 0.45 0.65 1.49 0.42 0.51 0.5 0.47 0.42 0.56 0.54 0.6 0.22 0.54 0.22 0.42 0.22 0.4 0.45 0.43 0.23 0.47 1.05 0.1 0.49 0.58 0.54 0.32 0.47 0.54 0.59 0.4 0.47 0.648 0.901 0.465 0.37 0.5 0.5 0.4 0.48 0.42 0.4 0.37 0.23 0.3 0.56 0.53 1.46 0.53 0.22 1.345 0.1 0.31 0.54 0.52 0.53 0.27 0.635 1.46 0.47 0.14 0.5 0.4 0.46 1.42 0.4 0.4 0.31 0.4 0.42 0.45 0.1 1.38 0.41 0.485 0.37 0.58 0.5 0.52 1.483 0.5 0.33 0.54 0.4 0.36 0.54 0.54 1.345 0.42 0.724 0.42 0.65 0.53 0.7 0.52 0.3 0.4 0.5 0.5 0.2 0.59 0.485 0.301 0.59 0.36 0.47 0.11 0.4 0.4 0.25 0.52 0.45 0.41 0.762 0.762 0.59 0.42 0.54 0.4 0.43 0.46 1.67 0.4 0.901 1.483 1.345 0.4 0.45 0.65 0.4 0.724 0.36 0.26 0.637 0.901 0.54 0.47 0.54 0.4 0.4 0.53 0.55 0.41 0.37 0.55 1.05 1.05 0.58 0.17 0.68 0.68 0.5 0.4 0.59 0.34 0.377 0.4 0.4 0.36 0.54 0.4 0.4 0.46 0.45 0.65 0.4 0.617 0.377 0.476 0.4 0.59 0.56 0.58 0.25 0.23 1.03 0.37 0.71 0.5 0.58 0.37 0.46 0.4 0.53 0.301 0.58 0.59 0.25 0.481 0.4 0.5 0.41 0.47 0.27 1.66 0.42 0.58 0.42 0.301 0.5 0.5 1.345 0.53 0.48 0.58 0.7 0.3 0.465 0.22 0.56 0.55 0.54 0.762 0.39 0.476 0.476 0.65 0.5 0.42 0.4 0.58 0.39 0.27 0.2 0.4 0.17 0.14 0.37 0.51 0.53 0.23 0.56 0.59 0.59 0.54 0.59 0.4 1.345 0.59 0.1 0.4 0.68 0.54 0.3 0.45 0.33 0.47 0.43 0.5 0.4 1.46 1.483 0.5 0.19 0.51 0.09 0.47 0.33 0.48 0.25 0.4 0.23 0.38 0.54 0.54 0.59 0.55 0.3 0.11 0.58 0.3 0.41 0.4 0.33 0.4 0.5 0.47 0.65 0.33 0.4 0.56 0.43 0.54 0.4 0.4 1.4 0.901 0.635 0.46 0.56 0.33 0.648 0.46 0.41 0.55 0.58 0.47 0.46 0.39 0.637 0.4 0.47 0.22 0.686 0.636 0.6 0.4 1.483 0.09 0.52 0.36 0.58 1.248 0.42 0.32 0.59 0.25 0.46 0.34 0.5 0.46 0.56 0.27 1.345 0.37 0.45 0.46 0.4 0.45 1.43 0.485 0.65 0.56 0.48 0.45 0.4 1.345 0.901 0.5 0.41 0.54 0.45 0.52 0.54 0.37 0.46 0.46 0.636 0.3 0.71 0.46 0.38 0.47 1.66 0.54 0.4 0.1 0.42 0.53 1.345 1.483 0.4 0.23 1.483 0.55 0.17 0.56 1.46 1.35 0.71 0.23 0.4 0.52 0.2 0.38 0.635 0.58 0.58 0.38 0.11 1.483 0.4 0.46 1.345 0.3 0.58 0.5
Dot Production Prediction of Lab Growth Rates:
0.364729 0.811548 0.427689 0.399502 0.367244 1.52501 0.408912 0.450916 0.425166 0.373237 1.4301 0.370204 0.403457 0.363947 0.415289 0.543316 0.510801 0.442891 0.363851 0.511518 0.441863 0.449202 0.892263 0.402865 0.383992 0.401634 0.813258 0.413033 0.338965 0.389042 0.443033 0.346342 0.681858 0.474697 0.400749 0.399324 0.532027 1.3083 0.454329 0.43416 0.407621 0.459853 0.369161 0.347932 0.401139 0.689555 0.911172 0.551103 0.462656 0.401224 0.387691 0.468444 0.546839 0.3932 0.604033 0.526076 0.545336 1.46753 0.553787 0.404152 0.404758 0.958165 0.517412 0.392612 0.441009 0.394766 0.51621 0.512718 1.5105 0.341328 0.405819 0.301105 0.70618 0.544158 0.544692 0.700015 0.372985 0.376128 0.343256 0.352382 0.445532 0.4937 0.68573 0.325342 0.383282 0.70818 0.389848 0.38223 0.367934 0.546539 0.547368 0.420685 0.962611 0.47753 0.427683 0.375333 0.389449 0.444602 0.455939 0.365602 0.531357 0.90098 0.408034 0.407385 0.430811 0.400547 0.529691 0.69541 0.488992 0.483063 1.48758 0.310347 0.397268 0.118612 0.369528 0.405886 0.404304 0.121001 0.414711 0.456538 0.8883 0.65064 0.497442 0.443522 0.403391 0.406624 0.436096 0.673222 0.387814 0.390856 0.333046 0.354694 0.405743 0.427844 0.391793 0.542658 0.965835 0.306381 0.864351 0.401928 0.139933 0.342027 0.959245 0.381753 0.543936 0.795207 1.54897 0.477764 0.46714 0.699914 0.38016 0.473657 0.623095 0.400476 0.492024 0.428031 0.266983 0.367815 0.400676 0.369921 0.827747 1.511 0.467802 0.555209 1.05182 0.348855 0.416535 0.408571 0.380997 0.386227 0.53703 0.318987 0.453792 0.394623 0.355237 0.552185 0.477895 0.451689 0.339271 0.529942 0.353477 0.500473 0.708077 0.360246 0.868756 0.403952 0.402497 0.406133 0.528484 0.375234 0.509016 0.398681 0.457704 0.458695 0.480951 0.373658 0.455053 0.375485 0.459417 0.473221 0.375524 0.439828 0.64996 1.52501 0.364675 0.398925 0.520886 0.437994 0.603619 0.476189 0.539114 0.302022 0.431237 0.457192 0.380993 0.380193 0.469497 0.398302 1.48353 0.439844 0.420309 0.352307 1.04996 0.382943 0.377501 0.379138 0.434714 0.346875 0.378843 0.417869 0.338317 0.395845 0.374573 0.693567 0.901126 0.466835 0.340286 0.479283 0.502322 0.402744 0.367166 0.387701 0.401765 0.428994 0.526279 0.305217 0.53779 0.541845 1.29526 0.331657 0.461744 0.853509 0.11702 0.534551 0.43896 0.373368 0.510751 0.595074 0.694058 0.999666 0.425669 0.141399 0.489998 0.405304 0.492487 1.49575 0.398718 0.405473 0.550969 0.40285 0.358786 0.357553 0.466084 1.04165 0.387385 0.446007 0.558108 0.378196 0.464392 0.393744 0.787317 0.465989 0.384318 0.399848 0.399962 0.373999 0.537747 0.54032 0.890734 0.399352 0.705637 0.372327 0.646214 0.405872 0.699836 0.37726 0.398719 0.399648 0.357303 0.343415 0.396918 0.535569 0.446477 0.44585 0.37721 0.387024 0.457563 0.363876 0.40122 0.407212 0.53586 0.441763 1.48401 0.367648 0.896053 0.917594 0.353299 0.618568 0.402598 0.402448 0.459171 0.376493 1.38457 0.400259 0.909434 0.854205 0.862178 0.404417 1.47393 0.641152 0.402627 0.707852 0.422537 0.352417 0.689443 0.900297 0.3696 0.443701 0.413992 0.397057 0.400661 0.349525 0.557348 0.452928 0.424331 0.542147 1.03887 1.05034 0.478378 0.373201 0.681436 0.66969 0.346906 0.400622 0.544095 0.3561 0.455185 0.402195 0.398192 0.360199 0.418944 0.403344 0.401838 0.465522 0.386736 0.643645 0.403663 0.617007 0.454271 0.468701 0.403668 0.537281 0.521423 0.459177 0.355045 0.419678 1.03005 0.416418 0.707565 0.544894 0.493912 0.425281 0.404479 0.40329 0.533092 0.444732 0.360017 0.54625 0.605788 0.453796 0.397574 0.405196 0.373316 0.378639 0.375002 1.65986 0.353954 0.485518 0.376179 0.449624 0.508219 0.368069 0.87102 0.395135 0.380375 0.478151 0.701624 0.300668 0.464782 0.39629 0.488473 0.447662 0.359307 0.910632 0.342868 0.465502 0.465633 0.658861 0.362172 0.386597 0.399553 0.376125 0.357105 0.368644 0.44144 0.406704 0.354245 0.139866 0.411895 0.427969 0.438679 0.499781 0.542119 0.544676 0.545884 0.444206 0.36072 0.400823 0.81286 0.387797 0.617608 0.395299 0.679916 0.455684 0.282071 0.355823 0.394809 0.513109 0.378815 0.47843 0.403081 0.992095 0.867305 0.518778 0.360022 0.407233 0.4579 0.386816 0.469024 0.346394 0.390197 0.401278 0.419549 0.369959 0.548607 0.349566 0.363646 0.537103 0.314046 0.397055 0.485618 0.359928 0.450497 0.405466 0.387252 0.396302 0.519199 0.444652 0.654015 0.504005 0.406183 0.492259 0.437202 0.538963 0.406052 0.403074 1.39726 0.901641 0.69009 0.467125 0.477257 0.36059 0.692913 0.354619 0.404938 0.541948 0.47986 0.377441 0.377512 0.347606 0.688704 0.400806 0.505051 0.466478 0.707872 0.705298 0.314594 0.381258 0.792626 0.377223 0.417507 0.377739 0.476259 0.954709 0.371801 0.38119 0.361188 0.386212 0.460135 0.349802 0.379082 0.517657 0.545698 0.403633 0.872983 0.408922 0.351464 0.389354 0.405126 0.374747 1.42995 0.460361 0.653771 0.532978 0.368664 1.52429 0.399532 0.792638 0.896297 0.477619 0.447219 0.406259 0.384723 0.394408 0.364785 0.413633 0.464076 0.333254 0.703675 0.300012 0.710555 0.457792 0.347817 0.382417 1.66 0.435734 0.405428 1.37978 0.33846 0.368177 0.83225 0.840491 0.397976 0.534088 0.883587 0.436388 0.436394 0.521894 1.00664 1.34996 0.704433 0.522322 0.403019 0.413093 0.448993 0.397707 0.688686 0.396598 0.39354 0.393348 0.399113 0.826616 0.403183 0.364581 0.862334 0.325193 0.491076 0.522115
Testing:
Lab Growth Rates:
0.3
Dot Production Prediction of Lab Growth Rates:
0.30648
Best performance so far: 
Obj: 4.66936e-310Rho: 2.26291e-314Diff: 4.66936e-310
Anneal again with the best G and E so far as input
Cycle 2Round 1
Iter 500000 pBad 0.948364 T 0.0377584 Obj 1.08306 Rho 0 GRdif 46.9148 success 118793 failure 1393 obj_new 1.08306 SA_pAcc 1.01703 Delta 0.0621373 SA_r 0.367428 freedomratio 0.283647
Iter 1000000 pBad 0.885323 T 0.0114056 Obj 1.05426 Rho 0 GRdif 31.0694 success 237778 failure 4995 obj_new 1.05426 SA_pAcc 1 Delta -0.256109 SA_r 0.933861 freedomratio 0.282828
Iter 1500000 pBad 0.841208 T 0.00344524 Obj 1.03736 Rho 0 GRdif 21.5656 success 355800 failure 10751 obj_new 1.03736 SA_pAcc 1 Delta 0.0934717 SA_r 0.260166 freedomratio 0.28516
Iter 2000000 pBad 0.786601 T 0.00104069 Obj 1.0366 Rho 0 GRdif 21.1351 success 472475 failure 19387 obj_new 1.0366 SA_pAcc 1 Delta 0.749925 SA_r 0.985303 freedomratio 0.283784
Iter 2500000 pBad 0.692974 T 0.000314359 Obj 1.01578 Rho 0 GRdif 9.20508 success 587507 failure 32053 obj_new 1.01578 SA_pAcc 0.860337 Delta 0.520214 SA_r 0.787587 freedomratio 0.278541
Iter 3000000 pBad 0.616593 T 9.49575e-05 Obj 1.01277 Rho 0 GRdif 7.45908 success 697157 failure 54921 obj_new 1.01277 SA_pAcc 1 Delta 0.426233 SA_r 0.212622 freedomratio 0.279468
Iter 3500000 pBad 0.442007 T 2.86835e-05 Obj 1.01205 Rho 0 GRdif 7.04511 success 799605 failure 93429 obj_new 1.01205 SA_pAcc 1 Delta 0.232486 SA_r 0.698803 freedomratio 0.278014
Iter 4000000 pBad 0.301536 T 8.66433e-06 Obj 1.01125 Rho 0 GRdif 6.57628 success 889039 failure 158897 obj_new 1.01125 SA_pAcc 1 Delta -0.268642 SA_r 0.71466 freedomratio 0.273488
Iter 4500000 pBad 0.125175 T 2.61721e-06 Obj 1.01055 Rho 0 GRdif 6.17308 success 959734 failure 265750 obj_new 1.01055 SA_pAcc 1 Delta -0.0870251 SA_r 0.592501 freedomratio 0.258462
Iter 5000000 pBad 0.0831792 T 7.90571e-07 Obj 1.01014 Rho 0 GRdif 5.98636 success 1011393 failure 421311 obj_new 1.01023 SA_pAcc 1.01931e-51 Delta 0.0663101 SA_r 0.716195 freedomratio 0.230408
Iter 5500000 pBad 0.0404154 T 2.38805e-07 Obj 1.00997 Rho 0 GRdif 5.83334 success 1045118 failure 627292 obj_new 1.00997 SA_pAcc 1 Delta -0.0375595 SA_r 0.292636 freedomratio 0.212121
Iter 6000000 pBad 0.0266649 T 7.21352e-08 Obj 1.00981 Rho 0 GRdif 5.73744 success 1064755 failure 880248 obj_new 1.00981 SA_pAcc 1 Delta 0.0264228 SA_r 0.81131 freedomratio 0.195935
Iter 6500000 pBad 0.00958042 T 2.17896e-08 Obj 1.00972 Rho 0 GRdif 5.68897 success 1076852 failure 1163453 obj_new 1.00972 SA_pAcc 0.386879 Delta -0.00719507 SA_r 0.709795 freedomratio 0.184095
Iter 7000000 pBad 0.00658984 T 6.58193e-09 Obj 1.00969 Rho 0 GRdif 5.6722 success 1084311 failure 1467768 obj_new 1.00969 SA_pAcc 1.60493e-167 Delta -0.00357498 SA_r 0.493571 freedomratio 0.178995
Iter 7500000 pBad 0.00319112 T 1.98818e-09 Obj 1.00967 Rho 0 GRdif 5.65576 success 1088900 failure 1784709 obj_new 1.00967 SA_pAcc 1 Delta 0.000339635 SA_r 0.272834 freedomratio 0.174688
Iter 8000000 pBad 0.00200009 T 6.00564e-10 Obj 1.00965 Rho 0 GRdif 5.64883 success 1091734 failure 2112569 obj_new 1.00965 SA_pAcc 0 Delta -0.00179599 SA_r 0.880689 freedomratio 0.17009
Iter 8500000 pBad 0.000543947 T 1.8141e-10 Obj 1.00964 Rho 0 GRdif 5.64906 success 1093764 failure 2447460 obj_new 1.00965 SA_pAcc 0 Delta 0.000334673 SA_r 0.602552 freedomratio 0.168
Iter 9000000 pBad 0.000534885 T 5.4798e-11 Obj 1.00964 Rho 0 GRdif 5.63979 success 1095150 failure 2787064 obj_new 1.00964 SA_pAcc 1 Delta 0.0002191 SA_r 0.466991 freedomratio 0.166572
Iter 9500000 pBad 0.000427505 T 1.65527e-11 Obj 1.00963 Rho 0 GRdif 5.65553 success 1096893 failure 3131814 obj_new 1.00966 SA_pAcc 0 Delta -0.000307116 SA_r 0.615892 freedomratio 0.162611
Good enough
iter 9.99999e+06 obj1.00962 rho 0 GRdif 5.63185
Training:
Lab Growth Rates:
0.42 1.345 0.3 0.4 0.48 0.45 0.59 0.377 0.27 0.54 1.43 0.47 0.4 0.42 0.47 0.56 0.56 0.33 0.41 0.23 0.45 0.55 1.345 0.4 0.47 0.4 1.483 0.37 0.32 0.49 0.46 0.45 0.68 0.58 0.47 0.09 0.56 1.05 0.46 0.46 0.5 0.26 0.5 0.19 0.47 0.637 0.762 0.54 0.37 0.4 0.52 0.46 0.26 0.4 0.42 0.53 0.56 0.45 0.55 0.4 0.45 1.248 0.53 0.43 0.55 0.52 0.23 0.46 1.67 0.48 0.47 0.3 0.724 0.53 0.56 0.7 0.34 0.48 0.59 0.48 0.46 0.5 0.636 0.3 0.33 0.686 0.43 0.47 0.4 0.53 0.59 0.43 1.248 0.58 0.4 0.42 0.52 0.37 0.22 0.5 0.53 0.901 0.4 0.49 0.43 0.36 0.5 0.648 0.5 0.5 0.45 0.6 0.4 0.1 0.53 0.37 0.4 0.1 0.36 0.47 1.345 0.65 0.56 0.55 0.37 0.54 0.43 0.68 0.33 0.25 0.48 0.38 0.47 0.37 0.45 0.5 1.248 0.3 1.483 0.4 0.1 0.39 1.248 0.36 0.54 1.483 1.44 0.56 0.43 0.7 0.52 0.1 0.65 0.4 0.5 0.55 0.3 0.58 0.4 0.5 1.483 0.25 0.465 0.25 1.05 0.58 0.45 0.37 0.42 0.52 0.56 0.6 0.481 0.4 0.39 0.55 0.46 0.54 0.27 0.31 0.19 0.5 0.686 0.36 1.483 0.4 0.43 0.58 0.5 0.54 0.5 0.41 0.54 0.22 0.58 0.43 0.481 0.39 0.485 0.47 0.5 0.45 0.65 1.49 0.42 0.51 0.5 0.47 0.42 0.56 0.54 0.6 0.22 0.54 0.22 0.42 0.22 0.4 0.45 0.43 0.23 0.47 1.05 0.1 0.49 0.58 0.54 0.32 0.47 0.54 0.59 0.4 0.47 0.648 0.901 0.465 0.37 0.5 0.5 0.4 0.48 0.42 0.4 0.37 0.23 0.3 0.56 0.53 1.46 0.53 0.22 1.345 0.1 0.31 0.54 0.52 0.53 0.27 0.635 1.46 0.47 0.14 0.5 0.4 0.46 1.42 0.4 0.4 0.31 0.4 0.42 0.45 0.1 1.38 0.41 0.485 0.37 0.58 0.5 0.52 1.483 0.5 0.33 0.54 0.4 0.36 0.54 0.54 1.345 0.42 0.724 0.42 0.65 0.53 0.7 0.52 0.3 0.4 0.5 0.5 0.2 0.59 0.485 0.301 0.59 0.36 0.47 0.11 0.4 0.4 0.25 0.52 0.45 0.41 0.762 0.762 0.59 0.42 0.54 0.4 0.43 0.46 1.67 0.4 0.901 1.483 1.345 0.4 0.45 0.65 0.4 0.724 0.36 0.26 0.637 0.901 0.54 0.47 0.54 0.4 0.4 0.53 0.55 0.41 0.37 0.55 1.05 1.05 0.58 0.17 0.68 0.68 0.5 0.4 0.59 0.34 0.377 0.4 0.4 0.36 0.54 0.4 0.4 0.46 0.45 0.65 0.4 0.617 0.377 0.476 0.4 0.59 0.56 0.58 0.25 0.23 1.03 0.37 0.71 0.5 0.58 0.37 0.46 0.4 0.53 0.301 0.58 0.59 0.25 0.481 0.4 0.5 0.41 0.47 0.27 1.66 0.42 0.58 0.42 0.301 0.5 0.5 1.345 0.53 0.48 0.58 0.7 0.3 0.465 0.22 0.56 0.55 0.54 0.762 0.39 0.476 0.476 0.65 0.5 0.42 0.4 0.58 0.39 0.27 0.2 0.4 0.17 0.14 0.37 0.51 0.53 0.23 0.56 0.59 0.59 0.54 0.59 0.4 1.345 0.59 0.1 0.4 0.68 0.54 0.3 0.45 0.33 0.47 0.43 0.5 0.4 1.46 1.483 0.5 0.19 0.51 0.09 0.47 0.33 0.48 0.25 0.4 0.23 0.38 0.54 0.54 0.59 0.55 0.3 0.11 0.58 0.3 0.41 0.4 0.33 0.4 0.5 0.47 0.65 0.33 0.4 0.56 0.43 0.54 0.4 0.4 1.4 0.901 0.635 0.46 0.56 0.33 0.648 0.46 0.41 0.55 0.58 0.47 0.46 0.39 0.637 0.4 0.47 0.22 0.686 0.636 0.6 0.4 1.483 0.09 0.52 0.36 0.58 1.248 0.42 0.32 0.59 0.25 0.46 0.34 0.5 0.46 0.56 0.27 1.345 0.37 0.45 0.46 0.4 0.45 1.43 0.485 0.65 0.56 0.48 0.45 0.4 1.345 0.901 0.5 0.41 0.54 0.45 0.52 0.54 0.37 0.46 0.46 0.636 0.3 0.71 0.46 0.38 0.47 1.66 0.54 0.4 0.1 0.42 0.53 1.345 1.483 0.4 0.23 1.483 0.55 0.17 0.56 1.46 1.35 0.71 0.23 0.4 0.52 0.2 0.38 0.635 0.58 0.58 0.38 0.11 1.483 0.4 0.46 1.345 0.3 0.58 0.5
Dot Production Prediction of Lab Growth Rates:
0.36961 0.701066 0.412915 0.399927 0.367019 1.5085 0.409183 0.493123 0.386495 0.371833 1.43065 0.381638 0.401277 0.372591 0.395117 0.541804 0.533788 0.450422 0.39108 0.533439 0.404443 0.479283 0.713671 0.400163 0.397401 0.39939 0.694009 0.445206 0.346831 0.400508 0.417843 0.358297 0.679662 0.459902 0.38087 0.390309 0.536035 1.31125 0.460141 0.417105 0.411436 0.421392 0.404672 0.383843 0.389004 0.702196 1.47908 0.541887 0.433504 0.400993 0.395148 0.414024 0.476762 0.40098 0.466508 0.538002 0.543694 1.45746 0.549188 0.401655 0.421214 1.23876 0.539735 0.392665 0.46969 0.410123 0.532477 0.457591 1.49435 0.349276 0.417616 0.302836 0.703191 0.454183 0.541658 0.691349 0.371241 0.397695 0.356262 0.360328 0.444813 0.473191 0.674906 0.31517 0.366871 0.69859 0.397111 0.378484 0.364431 0.543251 0.540506 0.39674 1.25003 0.452899 0.400031 0.360925 0.411607 0.4244 0.48137 0.392583 0.532085 0.896809 0.399254 0.410704 0.39886 0.388694 0.545941 0.699307 0.500236 0.507121 1.46283 0.297376 0.397907 0.723858 0.390016 0.450519 0.404459 0.766441 0.422231 0.399593 0.687799 0.653557 0.471573 0.47161 0.397016 0.386173 0.407082 0.680008 0.396911 0.379473 0.343072 0.359226 0.394301 0.411806 0.404633 0.536229 1.26856 0.304052 0.667526 0.399713 0.826308 0.351783 1.23904 0.388076 0.547086 0.684473 1.46031 0.457878 0.433998 0.694694 0.381107 0.417805 0.63803 0.400297 0.468579 0.470892 0.255848 0.362336 0.399709 0.361431 0.700452 1.49794 0.484513 0.495236 1.05331 0.360429 0.395835 0.443077 0.375218 0.388887 0.536689 0.299064 0.485397 0.398374 0.37002 0.549677 0.468056 0.451567 0.337421 0.486835 0.38671 0.491576 0.700092 0.372092 0.690646 0.401522 0.385967 0.419833 0.536619 0.387644 0.500628 0.406826 0.464481 0.471989 0.458732 0.390377 0.48249 0.398446 0.482701 0.433143 0.364438 0.408378 0.649983 1.5085 0.36451 0.412213 0.54565 0.456969 0.465679 0.456682 0.542306 0.308001 0.443171 0.453109 0.397416 0.375776 0.469241 0.40081 1.45239 0.416457 0.469488 0.369762 1.04757 0.388097 0.390499 0.386687 0.389476 0.374399 0.395646 0.393083 0.362227 0.400006 0.375605 0.696224 0.900633 0.482475 0.344025 0.463299 0.500033 0.401703 0.378884 0.377635 0.401383 0.464988 0.542426 0.309781 0.540022 0.529969 1.28626 0.33438 0.481285 0.723807 0.735643 0.481687 0.44882 0.378121 0.436305 0.517183 0.703254 1.00154 0.383576 0.140875 0.471623 0.404262 0.458672 1.52003 0.401056 0.402789 0.479926 0.401901 0.352923 0.369243 0.416246 0.984887 0.408765 0.486436 0.484936 0.382411 0.474334 0.416458 0.688913 0.461103 0.348987 0.4185 0.398501 0.380789 0.540474 0.537079 0.699832 0.378496 0.703782 0.365146 0.650562 0.417248 0.704484 0.392618 0.385747 0.398816 0.352444 0.36973 0.37147 0.543804 0.485035 0.503501 0.357577 0.389735 0.458482 0.379923 0.40139 0.402665 0.4629 0.414206 1.48094 0.359785 1.47081 1.48004 0.367885 0.468975 0.41277 0.403965 0.415383 0.360521 1.39637 0.400295 0.901 0.690058 0.684501 0.402126 1.47983 0.639156 0.400893 0.701524 0.436125 0.37449 0.700749 0.897436 0.382344 0.400063 0.382788 0.399806 0.403289 0.37043 0.544193 0.493958 0.463224 0.545235 1.00282 1.05018 0.458418 0.364739 0.680772 0.674638 0.372212 0.400747 0.551258 0.357844 0.488428 0.401375 0.399988 0.366831 0.421978 0.400039 0.401224 0.451682 0.3963 0.634304 0.404084 0.617065 0.492407 0.485252 0.40277 0.544805 0.529566 0.462295 0.353055 0.46852 1.03 0.447909 0.699654 0.546489 0.473055 0.463306 0.407529 0.401802 0.540751 0.504643 0.382183 0.546043 0.588462 0.480815 0.398428 0.403839 0.375076 0.391735 0.39012 1.66 0.348847 0.470059 0.3744 0.506065 0.50068 0.370165 0.676835 0.409017 0.373393 0.457125 0.70635 0.30083 0.481278 0.413187 0.469746 0.467199 0.361419 1.46421 0.344408 0.485392 0.483489 0.649994 0.383883 0.407775 0.401118 0.404319 0.342966 0.370717 0.398001 0.402373 0.358368 0.138825 0.440763 0.427644 0.440903 0.526779 0.5399 0.541097 0.541616 0.463156 0.358453 0.401808 0.710781 0.401098 0.595802 0.400151 0.681134 0.463211 0.280819 0.354826 0.38986 0.41244 0.397003 0.463067 0.403158 0.94514 0.668199 0.545766 0.370432 0.420892 0.438399 0.405596 0.468382 0.351835 0.379885 0.402343 0.469028 0.361192 0.536164 0.348393 0.338885 0.54187 0.312653 0.402399 0.466584 0.364394 0.493426 0.401496 0.399132 0.400045 0.515552 0.402994 0.661337 0.465796 0.403691 0.474675 0.405278 0.551769 0.402498 0.401905 1.39769 0.902015 0.702005 0.454516 0.456169 0.363599 0.694471 0.349943 0.395997 0.547482 0.460469 0.380342 0.400406 0.379968 0.698741 0.401089 0.419957 0.46874 0.699932 0.70158 0.300376 0.372025 0.702003 0.376099 0.421559 0.371785 0.459674 1.25484 0.364609 0.364203 0.379259 0.380628 0.462235 0.360859 0.368144 0.470009 0.542346 0.390023 0.695197 0.3957 0.370686 0.396743 0.402315 0.367457 1.42562 0.485426 0.652166 0.542489 0.372207 1.48473 0.401773 0.692986 1.2857 0.458977 0.497009 0.402404 0.372608 0.405269 0.376623 0.44239 0.427432 0.341081 0.699089 0.300002 0.70563 0.463143 0.346641 0.394149 1.66 0.391204 0.403468 1.40253 0.363761 0.3887 0.71326 0.677892 0.399672 0.541137 0.666181 0.473814 0.438968 0.53758 0.997129 1.34999 0.698974 0.530377 0.403444 0.392853 0.397129 0.388405 0.703059 0.383907 0.40353 0.396265 0.410966 0.709171 0.403311 0.394716 0.69591 0.304587 0.468713 0.527027
Testing:
Lab Growth Rates:
0.3
Dot Production Prediction of Lab Growth Rates:
0.309892
Best performance so far: 
Obj: 4.66936e-310Rho: 6.5069e-314Diff: 4.66936e-310
Test:
 Lab Growth Rates:
0.3Dot Product Prediction of Growth Rate:
0.3098922