seed =  5 traits =  1 
Training: part  51 
Training: part  51 
Round  1 
 Goal of obj  0.99 
Temperature range:  0.125 5e-12 
Cycle 1Round 1
Iter 500000 pBad 0.948504 T 0.0377584 Obj 1.20048 Rho 0 GRdif 107.077 success 147973 failure 1540 obj_new 1.20048 SA_pAcc 1 Delta 0.90266 SA_r 0.710363 freedomratio 0.373963
Iter 1000000 pBad 0.898501 T 0.0114056 Obj 1.08566 Rho 0 GRdif 48.1605 success 294786 failure 5494 obj_new 1.08566 SA_pAcc 1 Delta 0.222512 SA_r 0.962992 freedomratio 0.378309
Iter 1500000 pBad 0.847444 T 0.00344524 Obj 1.0422 Rho 0 GRdif 24.5508 success 440752 failure 11571 obj_new 1.04279 SA_pAcc 0.844236 Delta 0.753847 SA_r 0.994719 freedomratio 0.371592
Iter 2000000 pBad 0.800541 T 0.00104069 Obj 1.02024 Rho 0 GRdif 11.7435 success 585692 failure 20344 obj_new 1.02024 SA_pAcc 1 Delta -0.0839232 SA_r 0.778323 freedomratio 0.3723
Iter 2500000 pBad 0.735655 T 0.000314359 Obj 1.01534 Rho 0 GRdif 8.92185 success 728923 failure 33335 obj_new 1.01534 SA_pAcc 1 Delta -0.268224 SA_r 0.370457 freedomratio 0.367398
Iter 3000000 pBad 0.586135 T 9.49575e-05 Obj 1.01305 Rho 0 GRdif 7.59991 success 865487 failure 59698 obj_new 1.01305 SA_pAcc 1.05279 Delta 0.5447 SA_r 0.454827 freedomratio 0.363524
Iter 3500000 pBad 0.44086 T 2.86835e-05 Obj 1.01178 Rho 0 GRdif 6.86506 success 989114 failure 112110 obj_new 1.01178 SA_pAcc 1 Delta -0.0966095 SA_r 0.337933 freedomratio 0.363298
Iter 4000000 pBad 0.252568 T 8.66433e-06 Obj 1.01064 Rho 0 GRdif 6.20204 success 1094731 failure 201232 obj_new 1.01064 SA_pAcc 1.44632 Delta 0 SA_r 0.790434 freedomratio 0.349851
Iter 4500000 pBad 0.168373 T 2.61721e-06 Obj 1.00974 Rho 0 GRdif 5.68499 success 1181353 failure 329566 obj_new 1.00975 SA_pAcc 0.227116 Delta -0.080029 SA_r 0.868774 freedomratio 0.319172
Iter 5000000 pBad 0.0778971 T 7.90571e-07 Obj 1.00917 Rho 0 GRdif 5.35184 success 1243449 failure 514033 obj_new 1.00917 SA_pAcc 0.139753 Delta 0.0706076 SA_r 0.75549 freedomratio 0.279847
Iter 5500000 pBad 0.0445867 T 2.38805e-07 Obj 1.00891 Rho 0 GRdif 5.19826 success 1280985 failure 760967 obj_new 1.00891 SA_pAcc 1 Delta 0.0227592 SA_r 0.186998 freedomratio 0.249574
Iter 6000000 pBad 0.0304556 T 7.21352e-08 Obj 1.00868 Rho 0 GRdif 5.0632 success 1305019 failure 1049894 obj_new 1.00868 SA_pAcc 0.000524987 Delta 0.028282 SA_r 0.0531911 freedomratio 0.231804
Iter 6500000 pBad 0.0182147 T 2.17896e-08 Obj 1.00857 Rho 0 GRdif 5.00002 success 1319573 failure 1377021 obj_new 1.00857 SA_pAcc 1 Delta 0.0152364 SA_r 0.377631 freedomratio 0.210262
Iter 7000000 pBad 0.00484976 T 6.58193e-09 Obj 1.00853 Rho 0 GRdif 4.97561 success 1328884 failure 1727737 obj_new 1.00853 SA_pAcc 7.75253e-05 Delta -0.00166009 SA_r 0.397319 freedomratio 0.202558
Iter 7500000 pBad 0.0027317 T 1.98818e-09 Obj 1.00851 Rho 0 GRdif 4.96536 success 1334638 failure 2092387 obj_new 1.00851 SA_pAcc 0 Delta -0.000338533 SA_r 0.0658526 freedomratio 0.196776
Iter 8000000 pBad 0.00291114 T 6.00564e-10 Obj 1.00848 Rho 0 GRdif 4.95343 success 1339160 failure 2466711 obj_new 1.00849 SA_pAcc 0 Delta 0.00239058 SA_r 0.412357 freedomratio 0.190569
Iter 8500000 pBad 0.000438889 T 1.8141e-10 Obj 1.00846 Rho 0 GRdif 4.93524 success 1345418 failure 2855725 obj_new 1.00846 SA_pAcc 0 Delta 0.000232217 SA_r 0.17172 freedomratio 0.179644
Iter 9000000 pBad 0.00225098 T 5.4798e-11 Obj 1.00844 Rho 0 GRdif 4.93024 success 1350918 failure 3258714 obj_new 1.00845 SA_pAcc 0 Delta -0.00120519 SA_r 0.191311 freedomratio 0.173578
Iter 9500000 pBad 0.000808042 T 1.65527e-11 Obj 1.00844 Rho 0 GRdif 4.92395 success 1355083 failure 3668936 obj_new 1.00844 SA_pAcc 1 Delta 0.000541701 SA_r 0.260516 freedomratio 0.172252
Iter 10000000 pBad 0.000337837 T 5.00001e-12 Obj 1.00843 Rho 0 GRdif 4.92165 success 1359481 failure 4075230 obj_new 1.00843 SA_pAcc 5.5597e-16 Delta -0.000185605 SA_r 0.493425 freedomratio 0.170995
Cannot move further
iter 9.99996e+06 obj1.00843 rho 0 GRdif 4.92165
Training:
Lab Growth Rates:
1.43 0.1 1.345 0.48 0.47 0.36 0.3 0.56 0.52 0.41 1.483 0.55 0.22 0.5 1.483 0.5 0.46 0.51 0.37 1.248 0.23 0.26 0.22 0.5 0.2 0.3 0.377 0.31 0.19 0.32 0.48 0.55 0.47 0.4 0.54 1.483 1.345 1.345 0.45 0.36 0.26 0.42 0.09 1.483 0.55 0.3 0.25 0.1 0.23 0.55 0.5 0.38 0.71 0.59 1.4 0.476 0.636 0.617 0.58 0.5 0.56 0.5 0.53 0.3 0.23 0.5 0.34 0.59 0.54 0.5 0.46 0.42 0.481 0.46 0.58 0.4 0.47 0.46 0.47 0.5 0.636 0.5 0.52 0.58 0.52 0.54 0.47 0.53 0.47 0.4 0.762 0.22 0.53 0.58 0.5 0.4 0.55 0.901 0.54 0.42 0.54 1.483 0.762 0.4 0.48 0.54 1.248 1.66 0.45 0.53 0.55 0.38 0.686 0.33 0.45 0.485 0.4 0.4 0.46 1.46 0.4 0.4 0.45 0.45 0.5 0.901 0.56 0.47 0.1 0.648 0.465 0.48 0.23 0.7 0.46 0.724 0.762 0.33 0.39 0.45 0.47 0.53 0.37 0.42 0.4 0.4 0.4 1.483 0.54 0.648 0.4 0.42 0.17 0.4 0.54 0.5 1.05 1.345 0.65 0.636 0.39 0.53 0.59 0.49 0.47 0.58 0.42 0.55 1.248 0.32 0.56 0.48 0.45 0.34 0.43 0.58 0.37 0.36 0.25 0.4 0.637 0.55 0.71 0.31 0.46 0.52 0.4 0.4 0.59 0.33 0.56 0.51 0.4 0.54 0.4 0.58 0.635 0.59 0.5 0.46 0.49 0.58 0.22 0.3 0.55 0.45 1.248 0.47 1.248 0.58 0.59 0.6 1.345 0.45 0.33 0.3 0.54 0.54 0.19 0.23 0.901 0.3 0.11 0.71 0.27 0.47 0.37 0.54 0.4 0.686 1.46 0.53 1.67 0.4 0.3 0.42 0.56 0.1 0.25 0.4 1.483 0.33 0.476 0.37 0.4 0.377 0.25 0.5 0.25 0.4 0.4 0.46 0.56 0.901 1.05 0.37 0.4 0.33 0.54 0.42 0.5 1.49 0.59 1.345 0.46 0.47 0.54 0.56 0.4 0.43 0.42 0.45 1.345 0.39 0.4 0.53 0.65 0.45 0.39 0.27 0.38 0.5 0.54 0.37 0.52 0.46 0.7 0.09 0.37 0.4 0.3 0.1 0.58 0.637 0.53 0.56 0.47 1.345 0.5 0.58 0.52 0.23 1.43 0.48 0.22 0.4 1.483 0.48 0.43 0.47 0.6 0.6 0.41 0.485 0.3 0.39 0.55 0.56 0.3 0.45 0.485 0.4 0.5 0.4 0.481 0.46 0.56 0.56 0.43 0.33 0.47 0.19 0.58 1.483 0.54 0.5 0.42 0.45 0.27 0.5 0.41 0.37 0.4 0.43 0.47 0.54 1.46 0.17 0.14 0.53 0.7 0.53 0.5 0.36 0.5 0.58 0.36 0.54 0.47 0.42 0.43 0.4 0.47 0.47 0.1 0.42 0.4 0.52 1.345 0.54 0.46 0.43 0.34 0.25 0.55 0.301 0.59 0.56 0.1 1.46 0.17 0.49 0.5 0.45 0.4 0.3 0.14 0.56 0.33 0.4 0.22 0.56 0.25 0.42 1.345 0.37 0.4 0.38 0.36 0.38 0.42 0.56 0.23 0.3 0.46 0.68 0.59 0.635 1.345 1.483 0.58 0.476 0.648 0.4 0.43 0.37 0.54 0.68 0.41 0.5 0.52 0.68 0.635 0.36 0.47 0.4 0.41 0.58 0.11 0.56 0.7 0.51 0.37 0.41 0.43 0.36 0.43 0.42 0.68 0.11 0.46 0.27 0.54 0.52 0.54 0.59 1.66 1.05 0.47 1.42 0.22 0.45 0.59 1.44 0.32 0.58 0.46 0.45 0.54 0.5 0.4 0.39 0.45 0.52 0.4 0.54 0.09 0.485 0.4 1.38 0.4 0.42 0.4 0.4 0.41 0.58 0.46 0.54 0.27 0.53 0.5 0.65 0.58 0.2 0.27 0.481 0.58 0.4 0.45 0.52 0.65 0.4 0.47 0.65 0.53 1.35 0.68 0.46 0.43 0.46 0.65 0.31 0.4 0.47 0.901 0.5 0.43 0.65 0.55 0.36 1.483 0.42 0.52 0.465 0.37 0.65 0.65 1.345 0.2 0.33 0.4 0.4 0.4 0.637 0.25 1.67 0.23 0.377 0.37 0.5 0.53 0.41 0.5 0.37 0.41 0.26 0.59 0.4 0.901 0.6 0.54 0.4 1.05 1.03 0.5 0.56 0.48 1.483 0.4 0.58 0.23 0.5 0.301 0.46 0.45 0.724 0.4 0.46 0.5 0.5 0.4 0.4 0.3 0.53 0.22 0.4 0.37 0.724 0.54 0.762 1.05 0.301 0.47 0.54 0.4 0.4 0.48 0.686 0.59 0.4 0.42 0.465 0.1 0.1 0.58 0.4
Dot Production Prediction of Lab Growth Rates:
1.42875 1.24951 0.871632 0.316774 0.384843 0.359211 0.418669 0.520793 0.419276 0.402013 0.856568 0.544681 0.461183 0.49567 0.848445 0.499913 0.469219 0.417689 0.442183 0.971856 0.516955 0.534848 0.467332 0.409813 0.405567 0.301436 0.461068 0.53665 0.373453 0.321946 0.385736 0.546741 0.414061 0.391785 0.463928 0.825332 0.864918 0.837033 0.417672 0.37543 0.435445 0.577024 0.472138 0.85905 0.553388 0.352819 1.47886 0.631565 0.532641 0.552398 0.523881 0.329426 0.710204 0.345376 1.61042 0.468914 0.7092 0.617004 0.467548 0.359977 0.52583 0.486505 0.447268 0.274785 0.533663 0.494821 0.34533 0.551395 0.444821 0.387152 0.493407 0.357141 0.455178 0.459638 0.381531 0.401419 0.477895 0.39103 0.376115 0.5393 0.689596 0.435135 0.392821 0.385267 0.362908 0.392914 0.41002 0.417906 0.38025 0.40378 0.919121 0.471186 0.383862 0.384536 0.487509 0.391379 0.448055 0.903669 0.450411 0.365771 0.461997 0.865332 0.906188 0.400211 0.361204 0.34808 0.973298 1.65841 1.43548 0.532834 0.461841 0.374989 0.718295 0.35335 1.47798 0.461354 0.401432 0.402537 0.309419 1.2903 0.41653 0.399135 1.45839 0.360469 0.522488 0.901002 0.482833 0.477031 1.26345 0.707002 0.469684 0.367209 0.456808 0.700804 0.470332 0.710363 0.908821 0.396479 0.386909 0.332435 0.380953 0.483806 0.329201 0.384185 0.395476 0.402376 0.39913 0.866532 0.408511 0.703552 0.4056 0.563171 0.337663 0.402128 0.53655 0.502169 1.05 0.863916 0.634958 0.707981 0.342686 0.522466 0.361632 0.394922 0.396166 0.48225 0.37296 0.457182 0.9829 0.349745 0.477865 0.325597 0.373643 0.365378 0.429185 0.397114 0.462663 0.360494 0.324167 0.400795 0.695 0.542425 0.711547 0.542475 0.371897 0.415651 0.394488 0.40179 0.348716 0.482165 0.480369 0.442956 0.399462 0.540718 0.399395 0.484607 0.700001 0.332259 0.486929 0.334856 0.398896 0.48052 0.473991 0.350103 0.547801 0.425021 0.972614 0.384229 0.971071 0.385028 0.540439 0.333753 0.855306 1.45655 0.393949 0.316427 0.39379 0.537644 0.357308 0.522492 0.902869 0.329673 0.36488 0.711442 0.387825 0.444173 0.442511 0.388772 0.403645 0.716669 0.99711 0.541136 1.4704 0.390981 0.325505 0.353397 0.539223 1.33618 0.390477 0.401499 0.846929 0.497047 0.467543 0.442855 0.403713 0.462705 0.390107 0.480361 0.38597 0.353669 0.4012 0.430579 0.477494 0.900492 1.05276 0.528887 0.40204 0.389192 0.329128 0.345623 0.486912 1.51723 0.345527 0.881047 0.464224 0.427573 0.384941 0.529941 0.397931 0.403309 0.415476 1.48569 0.86614 0.319424 0.396784 0.512047 0.650004 0.415734 0.362627 0.405191 0.342601 0.505397 0.456643 0.4399 0.391802 0.508616 0.698919 0.389981 0.458902 0.402164 0.296471 1.35647 0.48645 0.696312 0.364093 0.538047 0.394149 0.89277 0.345393 0.488033 0.420379 0.455139 1.43038 0.346057 0.466621 0.405946 0.829416 0.372925 0.444078 0.388871 0.327204 0.328875 0.456116 0.45187 0.309647 0.33048 0.441615 0.539745 0.323857 0.369472 0.45362 0.401381 0.369246 0.396371 0.45581 0.477713 0.477042 0.530821 0.455199 0.338147 0.434609 0.357237 0.487553 0.855768 0.541909 0.361177 0.352062 0.39778 0.320322 0.501072 0.381358 0.415189 0.394231 0.384985 0.385035 0.434624 0.996998 0.453122 0.141041 0.530146 0.698454 0.377298 0.534683 0.428362 0.348952 0.368088 0.448978 0.381132 0.386208 0.342557 0.420284 0.402082 0.474702 0.367161 0.357845 0.325156 0.397876 0.412453 0.884816 0.548655 0.472345 0.389475 0.340526 0.527463 0.457467 0.462214 0.380148 0.4773 1.51465 0.950168 0.3311 0.417599 0.340217 1.51723 0.396594 0.391708 0.139704 0.538525 0.450245 0.400883 0.388249 0.528475 0.637962 0.339089 0.845695 0.459134 0.397172 0.346962 0.357781 0.380291 0.370472 0.533242 0.457922 0.299993 0.401561 0.651451 0.550855 0.703575 0.890013 0.85194 0.484897 0.469258 0.699954 0.399565 0.437585 0.443254 0.538702 0.645418 0.458206 0.47119 0.38829 0.655969 0.704586 0.389271 0.418009 0.400276 0.401028 0.481357 0.401402 0.544691 0.702452 0.430887 0.440935 0.45894 0.427441 0.384492 0.400686 0.350516 0.660041 0.412292 0.413432 0.580775 0.537959 0.389718 0.362233 0.389882 1.66 1.30454 0.463297 1.46757 0.411902 0.357889 0.551111 1.49227 0.366798 0.482125 0.343023 0.399638 0.420567 0.548808 0.369076 0.350776 0.384625 0.420107 0.402348 0.392454 0.375792 0.465081 0.399891 1.01245 0.404279 0.573393 0.392908 0.401504 0.323419 0.323389 0.460075 0.390325 0.368777 0.424331 0.485607 0.625737 0.353549 0.374572 0.38253 0.459094 0.419806 0.397129 1.52329 0.37455 0.667353 0.402041 0.403333 0.65551 0.526367 1.34999 0.651642 0.421889 0.397169 0.462133 0.625464 0.542492 0.401788 0.406802 0.901 0.525851 0.403884 0.64753 0.464845 0.374728 0.873773 0.382627 0.390803 0.467527 0.44763 0.649418 0.660276 0.894279 0.420471 0.350275 0.397113 0.401983 0.400482 0.698069 0.490222 1.61932 0.527314 0.459871 0.425164 0.41085 0.30165 0.407955 0.353651 0.410283 0.365035 0.388087 0.366023 0.400861 0.900077 0.325965 0.383723 0.400852 1.00105 1.03001 0.468953 0.537147 0.308054 0.820899 0.40324 0.488657 0.526442 0.395186 0.458244 0.456179 0.329752 0.714967 0.400968 0.462689 0.527479 0.530625 0.40544 0.402884 0.343143 0.548547 0.48124 0.390209 0.460208 0.7144 0.46271 0.91716 1.04202 0.467327 0.40761 0.347077 0.403088 0.389696 0.336871 0.717411 0.365258 0.389536 0.324662 0.465767 0.457055 0.443077 0.480869 0.406018
Testing:
Lab Growth Rates:
0.59 0.59 0.59
Dot Production Prediction of Lab Growth Rates:
0.54773 0.5517 0.551927
Best performance so far: 
Obj: 4.6618e-310Rho: 2.26291e-314Diff: 4.6618e-310
Anneal again with the best G and E so far as input
Cycle 2Round 1
Iter 500000 pBad 0.95091 T 0.0377584 Obj 1.18592 Rho 0 GRdif 99.9224 success 120654 failure 1205 obj_new 1.18592 SA_pAcc 1.00542 Delta -0.675967 SA_r 0.992238 freedomratio 0.285993
Iter 1000000 pBad 0.897299 T 0.0114056 Obj 1.0696 Rho 0 GRdif 39.4301 success 240151 failure 4935 obj_new 1.0696 SA_pAcc 1 Delta -0.394086 SA_r 0.913831 freedomratio 0.285714
Iter 1500000 pBad 0.83297 T 0.00344524 Obj 1.03162 Rho 0 GRdif 18.2425 success 358755 failure 11120 obj_new 1.03162 SA_pAcc 1 Delta -0.557806 SA_r 0.706228 freedomratio 0.286553
Iter 2000000 pBad 0.780143 T 0.00104069 Obj 1.02393 Rho 0 GRdif 13.8581 success 476799 failure 19101 obj_new 1.02393 SA_pAcc 1 Delta 0.0878287 SA_r 0.0160591 freedomratio 0.284328
Iter 2500000 pBad 0.748266 T 0.000314359 Obj 1.01922 Rho 0 GRdif 11.1533 success 593835 failure 29744 obj_new 1.01922 SA_pAcc 0.968859 Delta 0.610066 SA_r 0.691898 freedomratio 0.287678
Iter 3000000 pBad 0.682503 T 9.49575e-05 Obj 1.01645 Rho 0 GRdif 9.56294 success 707458 failure 46763 obj_new 1.01645 SA_pAcc 1.00763 Delta -0.255654 SA_r 0.472766 freedomratio 0.286133
Iter 3500000 pBad 0.484137 T 2.86835e-05 Obj 1.01471 Rho 0 GRdif 8.5688 success 812172 failure 82773 obj_new 1.01473 SA_pAcc 0.544696 Delta -0.219859 SA_r 0.766621 freedomratio 0.279181
Iter 4000000 pBad 0.329606 T 8.66433e-06 Obj 1.01369 Rho 0 GRdif 7.96934 success 904199 failure 144395 obj_new 1.01369 SA_pAcc 1 Delta 0.117835 SA_r 0.558063 freedomratio 0.275635
Iter 4500000 pBad 0.213239 T 2.61721e-06 Obj 1.01248 Rho 0 GRdif 7.27382 success 977323 failure 248125 obj_new 1.01249 SA_pAcc 0.132187 Delta -0.172065 SA_r 0.188663 freedomratio 0.263608
Iter 5000000 pBad 0.113447 T 7.90571e-07 Obj 1.0115 Rho 0 GRdif 6.74186 success 1030550 failure 401799 obj_new 1.01157 SA_pAcc 1.91131e-37 Delta -0.0708405 SA_r 0.941409 freedomratio 0.240756
Iter 5500000 pBad 0.0455625 T 2.38805e-07 Obj 1.011 Rho 0 GRdif 6.41178 success 1064862 failure 608826 obj_new 1.011 SA_pAcc 1 Delta 0.0296843 SA_r 0.499496 freedomratio 0.212859
Iter 6000000 pBad 0.0244176 T 7.21352e-08 Obj 1.01065 Rho 0 GRdif 6.20768 success 1087433 failure 859256 obj_new 1.01065 SA_pAcc 0.316218 Delta 0.00760307 SA_r 0.963094 freedomratio 0.193527
Iter 6500000 pBad 0.0156964 T 2.17896e-08 Obj 1.0105 Rho 0 GRdif 6.11963 success 1100757 failure 1148399 obj_new 1.0105 SA_pAcc 1 Delta -0.0121045 SA_r 0.59759 freedomratio 0.180308
Iter 7000000 pBad 0.0088998 T 6.58193e-09 Obj 1.01043 Rho 0 GRdif 6.08021 success 1108747 failure 1461263 obj_new 1.01043 SA_pAcc 2.49677e-182 Delta 0.00332382 SA_r 0.660511 freedomratio 0.173939
Iter 7500000 pBad 0.00666441 T 1.98818e-09 Obj 1.01038 Rho 0 GRdif 6.05716 success 1114203 failure 1791566 obj_new 1.01039 SA_pAcc 0 Delta -0.00625194 SA_r 0.724892 freedomratio 0.167237
Iter 8000000 pBad 0.0020802 T 6.00564e-10 Obj 1.01034 Rho 0 GRdif 6.02644 success 1120333 failure 2134152 obj_new 1.01034 SA_pAcc 1 Delta 0.00204342 SA_r 0.226202 freedomratio 0.160592
Iter 8500000 pBad 0.00161834 T 1.8141e-10 Obj 1.0103 Rho 0 GRdif 6.00485 success 1127140 failure 2493777 obj_new 1.0103 SA_pAcc 1 Delta 0.00102199 SA_r 0.00634612 freedomratio 0.153243
Iter 9000000 pBad 0.00112362 T 5.4798e-11 Obj 1.01029 Rho 0 GRdif 6.01017 success 1131698 failure 2868950 obj_new 1.01031 SA_pAcc 0 Delta -0.000752997 SA_r 0.0361391 freedomratio 0.147015
Iter 9500000 pBad 0.000854813 T 1.65527e-11 Obj 1.01028 Rho 0 GRdif 5.99095 success 1135956 failure 3260596 obj_new 1.01028 SA_pAcc 1 Delta 6.86925e-05 SA_r 0.971083 freedomratio 0.142822
Good enough
iter 9.99998e+06 obj1.01027 rho 0 GRdif 5.98765
Training:
Lab Growth Rates:
1.43 0.1 1.345 0.48 0.47 0.36 0.3 0.56 0.52 0.41 1.483 0.55 0.22 0.5 1.483 0.5 0.46 0.51 0.37 1.248 0.23 0.26 0.22 0.5 0.2 0.3 0.377 0.31 0.19 0.32 0.48 0.55 0.47 0.4 0.54 1.483 1.345 1.345 0.45 0.36 0.26 0.42 0.09 1.483 0.55 0.3 0.25 0.1 0.23 0.55 0.5 0.38 0.71 0.59 1.4 0.476 0.636 0.617 0.58 0.5 0.56 0.5 0.53 0.3 0.23 0.5 0.34 0.59 0.54 0.5 0.46 0.42 0.481 0.46 0.58 0.4 0.47 0.46 0.47 0.5 0.636 0.5 0.52 0.58 0.52 0.54 0.47 0.53 0.47 0.4 0.762 0.22 0.53 0.58 0.5 0.4 0.55 0.901 0.54 0.42 0.54 1.483 0.762 0.4 0.48 0.54 1.248 1.66 0.45 0.53 0.55 0.38 0.686 0.33 0.45 0.485 0.4 0.4 0.46 1.46 0.4 0.4 0.45 0.45 0.5 0.901 0.56 0.47 0.1 0.648 0.465 0.48 0.23 0.7 0.46 0.724 0.762 0.33 0.39 0.45 0.47 0.53 0.37 0.42 0.4 0.4 0.4 1.483 0.54 0.648 0.4 0.42 0.17 0.4 0.54 0.5 1.05 1.345 0.65 0.636 0.39 0.53 0.59 0.49 0.47 0.58 0.42 0.55 1.248 0.32 0.56 0.48 0.45 0.34 0.43 0.58 0.37 0.36 0.25 0.4 0.637 0.55 0.71 0.31 0.46 0.52 0.4 0.4 0.59 0.33 0.56 0.51 0.4 0.54 0.4 0.58 0.635 0.59 0.5 0.46 0.49 0.58 0.22 0.3 0.55 0.45 1.248 0.47 1.248 0.58 0.59 0.6 1.345 0.45 0.33 0.3 0.54 0.54 0.19 0.23 0.901 0.3 0.11 0.71 0.27 0.47 0.37 0.54 0.4 0.686 1.46 0.53 1.67 0.4 0.3 0.42 0.56 0.1 0.25 0.4 1.483 0.33 0.476 0.37 0.4 0.377 0.25 0.5 0.25 0.4 0.4 0.46 0.56 0.901 1.05 0.37 0.4 0.33 0.54 0.42 0.5 1.49 0.59 1.345 0.46 0.47 0.54 0.56 0.4 0.43 0.42 0.45 1.345 0.39 0.4 0.53 0.65 0.45 0.39 0.27 0.38 0.5 0.54 0.37 0.52 0.46 0.7 0.09 0.37 0.4 0.3 0.1 0.58 0.637 0.53 0.56 0.47 1.345 0.5 0.58 0.52 0.23 1.43 0.48 0.22 0.4 1.483 0.48 0.43 0.47 0.6 0.6 0.41 0.485 0.3 0.39 0.55 0.56 0.3 0.45 0.485 0.4 0.5 0.4 0.481 0.46 0.56 0.56 0.43 0.33 0.47 0.19 0.58 1.483 0.54 0.5 0.42 0.45 0.27 0.5 0.41 0.37 0.4 0.43 0.47 0.54 1.46 0.17 0.14 0.53 0.7 0.53 0.5 0.36 0.5 0.58 0.36 0.54 0.47 0.42 0.43 0.4 0.47 0.47 0.1 0.42 0.4 0.52 1.345 0.54 0.46 0.43 0.34 0.25 0.55 0.301 0.59 0.56 0.1 1.46 0.17 0.49 0.5 0.45 0.4 0.3 0.14 0.56 0.33 0.4 0.22 0.56 0.25 0.42 1.345 0.37 0.4 0.38 0.36 0.38 0.42 0.56 0.23 0.3 0.46 0.68 0.59 0.635 1.345 1.483 0.58 0.476 0.648 0.4 0.43 0.37 0.54 0.68 0.41 0.5 0.52 0.68 0.635 0.36 0.47 0.4 0.41 0.58 0.11 0.56 0.7 0.51 0.37 0.41 0.43 0.36 0.43 0.42 0.68 0.11 0.46 0.27 0.54 0.52 0.54 0.59 1.66 1.05 0.47 1.42 0.22 0.45 0.59 1.44 0.32 0.58 0.46 0.45 0.54 0.5 0.4 0.39 0.45 0.52 0.4 0.54 0.09 0.485 0.4 1.38 0.4 0.42 0.4 0.4 0.41 0.58 0.46 0.54 0.27 0.53 0.5 0.65 0.58 0.2 0.27 0.481 0.58 0.4 0.45 0.52 0.65 0.4 0.47 0.65 0.53 1.35 0.68 0.46 0.43 0.46 0.65 0.31 0.4 0.47 0.901 0.5 0.43 0.65 0.55 0.36 1.483 0.42 0.52 0.465 0.37 0.65 0.65 1.345 0.2 0.33 0.4 0.4 0.4 0.637 0.25 1.67 0.23 0.377 0.37 0.5 0.53 0.41 0.5 0.37 0.41 0.26 0.59 0.4 0.901 0.6 0.54 0.4 1.05 1.03 0.5 0.56 0.48 1.483 0.4 0.58 0.23 0.5 0.301 0.46 0.45 0.724 0.4 0.46 0.5 0.5 0.4 0.4 0.3 0.53 0.22 0.4 0.37 0.724 0.54 0.762 1.05 0.301 0.47 0.54 0.4 0.4 0.48 0.686 0.59 0.4 0.42 0.465 0.1 0.1 0.58 0.4
Dot Production Prediction of Lab Growth Rates:
1.42997 1.94312 0.788006 0.322506 0.380346 0.353269 0.437163 0.514218 0.448728 0.410563 0.775804 0.545523 0.484577 0.498354 0.819263 0.503026 0.479693 0.436818 0.458946 0.997554 0.488796 0.506446 0.471776 0.426194 0.421643 0.301173 0.438658 0.449359 0.381623 0.330299 0.422311 0.544957 0.413231 0.406725 0.462284 0.78399 0.788673 0.799269 0.439492 0.413612 0.43006 0.568723 0.483205 0.808373 0.559136 0.351648 1.42786 0.626575 0.533925 0.559747 0.523177 0.310298 0.71859 0.346373 1.58699 0.424942 0.703376 0.933621 0.475339 0.360428 0.518607 0.492694 0.493396 0.260155 0.530449 0.51128 0.339721 0.546997 0.442268 0.387874 0.486314 0.371719 0.394824 0.458577 0.400711 0.408112 0.452647 0.41855 0.371005 0.54923 0.651221 0.42738 0.404952 0.424321 0.353891 0.402467 0.43846 0.442125 0.381633 0.406766 0.766932 0.475414 0.406239 0.390216 0.488737 0.402106 0.440238 1.19262 0.451318 0.374594 0.458336 0.785671 0.747197 0.399531 0.351074 0.346053 1.00923 1.65682 1.39964 0.519387 0.446235 0.38083 0.712458 0.368901 1.4407 0.410749 0.405754 0.407866 0.320958 1.41538 0.38967 0.400726 1.43386 0.359586 0.500521 1.18922 0.493171 0.496623 2.07107 0.701347 0.428555 0.360297 0.476153 0.694205 0.468578 0.701559 0.761959 0.405752 0.426879 0.314058 0.399523 0.478436 0.313245 0.381665 0.392921 0.411284 0.397294 0.782269 0.433213 0.698968 0.407526 0.555427 0.363817 0.399949 0.533218 0.473301 1.04996 0.823388 0.620281 0.702316 0.327437 0.522063 0.338222 0.422447 0.421953 0.496549 0.372792 0.452 1.03653 0.354917 0.487593 0.353068 0.38863 0.383984 0.433093 0.429105 0.476796 0.367167 0.346628 0.408169 0.684976 0.545445 0.704994 0.45714 0.378596 0.430846 0.401088 0.408958 0.344579 0.497671 0.492738 0.462579 0.398051 0.54801 0.400005 0.480567 0.695423 0.315513 0.49977 0.339599 0.429726 0.481664 0.477636 0.346156 0.553384 0.442054 1.00149 0.390227 1.01102 0.385058 0.554147 0.317962 0.813051 1.39374 0.399985 0.311372 0.404094 0.538384 0.371202 0.502885 1.18572 0.334486 0.377619 0.702306 0.401373 0.461827 0.46136 0.395263 0.411071 0.711969 0.954109 0.531589 1.47852 0.405299 0.315194 0.348871 0.532538 2.23377 0.381516 0.407703 0.796683 0.506252 0.423978 0.45816 0.409774 0.431031 0.387599 0.487605 0.390816 0.328822 0.408852 0.400952 0.484107 1.16518 1.05156 0.511077 0.403156 0.404295 0.314282 0.364121 0.493404 1.45569 0.337128 0.798971 0.429394 0.422618 0.405932 0.533596 0.396653 0.41783 0.43774 1.47038 0.788113 0.313196 0.402529 0.4867 0.864898 0.424682 0.390661 0.402032 0.33601 0.500061 0.448942 0.460616 0.378543 0.508703 0.703417 0.405052 0.482748 0.406631 0.298825 1.28231 0.493266 0.682725 0.379316 0.537468 0.408306 0.818955 0.351872 0.49178 0.433783 0.478178 1.42759 0.347611 0.46878 0.410913 0.786176 0.383019 0.452637 0.4098 0.324071 0.314665 0.40824 0.383713 0.308325 0.330248 0.434155 0.554969 0.307772 0.351033 0.37822 0.400861 0.366771 0.402716 0.395978 0.473253 0.482095 0.530643 0.40387 0.331215 0.451109 0.35916 0.493287 0.767952 0.546005 0.360352 0.366115 0.41368 0.309425 0.505178 0.406464 0.418391 0.404013 0.40162 0.386461 0.443663 0.948836 0.4874 0.140457 0.512167 0.699796 0.406808 0.540538 0.450208 0.355994 0.375733 0.478169 0.399421 0.399517 0.371758 0.431898 0.402399 0.453298 0.371355 0.392243 0.331033 0.396649 0.428673 0.81388 0.539998 0.469141 0.404444 0.335908 0.523247 0.448592 0.420164 0.344799 0.487319 2.72744 0.840215 0.342457 0.44867 0.326722 1.45569 0.393978 0.39398 0.133961 0.551024 0.463917 0.407998 0.403938 0.540571 0.621628 0.328963 0.810514 0.484942 0.402583 0.351998 0.370042 0.37728 0.370345 0.550306 0.478473 0.299953 0.413868 0.678351 0.551118 0.695599 0.844297 0.786388 0.492872 0.422665 0.694993 0.406142 0.445572 0.453355 0.539195 0.663223 0.411177 0.482062 0.36775 0.681766 0.696093 0.387419 0.424433 0.400474 0.403752 0.484127 0.418421 0.547621 0.70024 0.443265 0.462467 0.412639 0.380663 0.409009 0.358946 0.37605 0.679145 0.426292 0.43312 0.569755 0.537858 0.399332 0.371106 0.353784 1.65993 1.4674 0.4957 1.41996 0.423757 0.361597 0.556295 1.45937 0.366741 0.483659 0.363087 0.408294 0.451736 0.499896 0.348892 0.384619 0.400324 0.421721 0.408161 0.391395 0.378585 0.411937 0.407559 0.974042 0.409194 0.562348 0.395507 0.407041 0.350514 0.345901 0.460441 0.422604 0.369315 0.453872 0.48879 0.626005 0.351078 0.368238 0.389736 0.40079 0.446706 0.406493 1.43003 0.383555 0.668164 0.405926 0.381218 0.645137 0.532924 1.34993 0.67391 0.423571 0.416662 0.463518 0.848658 0.440712 0.405428 0.416479 1.51695 0.525056 0.414453 0.868335 0.453711 0.383982 0.796657 0.365856 0.411618 0.419659 0.467359 0.654117 0.653069 0.823951 0.409969 0.338155 0.40559 0.407621 0.399933 0.687523 0.459677 1.65441 0.513766 0.421807 0.445257 0.428252 0.292862 0.440008 0.352455 0.419858 0.370866 0.383355 0.365953 0.40756 0.773279 0.316536 0.395069 0.406335 0.959425 1.02997 0.461955 0.552883 0.307401 0.745621 0.405293 0.493007 0.511469 0.404889 0.417131 0.41562 0.313188 0.703757 0.406208 0.455883 0.501184 0.530242 0.409649 0.407182 0.344577 0.541885 0.484847 0.399609 0.489204 0.705128 0.46449 0.769121 1.04913 0.438228 0.428141 0.362819 0.408457 0.39929 0.339731 0.711512 0.358944 0.405921 0.331581 0.416793 0.4675 0.457903 0.487707 0.408659
Testing:
Lab Growth Rates:
0.59 0.59 0.59
Dot Production Prediction of Lab Growth Rates:
0.555466 0.556431 0.558793
Best performance so far: 
Obj: 4.6618e-310Rho: 6.5069e-314Diff: 4.6618e-310
Test:
 Lab Growth Rates:
0.59 0.59 0.59Dot Product Prediction of Growth Rate:
0.555466 0.5564312 0.5587926