seed =  5 traits =  1 
Training: part  200 
Training: part  200 
Round  1 
 Goal of obj  0.99 
Temperature range:  0.125 1e-13 
Cycle 1Round 1
Iter 500000 pBad 0.915177 T 0.0310503 Obj 1.14891 Rho 0 GRdif 81.3437 success 147750 failure 1779 obj_new 1.14891 SA_pAcc 1.10312 Delta 0.279178 SA_r 0.184434 freedomratio 0.374441
Iter 1000000 pBad 0.877266 T 0.00771294 Obj 1.04609 Rho 0 GRdif 26.4062 success 294509 failure 6348 obj_new 1.04609 SA_pAcc 1.00594 Delta -0.236287 SA_r 0.159957 freedomratio 0.374202
Iter 1500000 pBad 0.815466 T 0.00191591 Obj 1.02787 Rho 0 GRdif 16.111 success 440623 failure 13150 obj_new 1.02787 SA_pAcc 0.995783 Delta -0.0812472 SA_r 0.194988 freedomratio 0.367398
Iter 2000000 pBad 0.797505 T 0.000475915 Obj 1.01732 Rho 0 GRdif 10.0622 success 584994 failure 22922 obj_new 1.01732 SA_pAcc 1.01782 Delta -0.276382 SA_r 0.47528 freedomratio 0.369716
Iter 2500000 pBad 0.632638 T 0.000118218 Obj 1.01159 Rho 0 GRdif 6.75178 success 724167 failure 43474 obj_new 1.01159 SA_pAcc 1 Delta 0.265806 SA_r 0.010656 freedomratio 0.371592
Iter 3000000 pBad 0.484095 T 2.93656e-05 Obj 1.01085 Rho 0 GRdif 6.32576 success 855245 failure 81114 obj_new 1.01085 SA_pAcc 1.09469 Delta -0.473119 SA_r 0.81632 freedomratio 0.359289
Iter 3500000 pBad 0.246693 T 7.29445e-06 Obj 1.00985 Rho 0 GRdif 5.75274 success 959790 failure 173176 obj_new 1.00987 SA_pAcc 0.0740311 Delta 0.216789 SA_r 0.100768 freedomratio 0.346951
Iter 4000000 pBad 0.136525 T 1.81195e-06 Obj 1.00912 Rho 0 GRdif 5.3308 success 1039338 failure 316897 obj_new 1.00914 SA_pAcc 8.07379e-05 Delta -0.0233339 SA_r 0.817502 freedomratio 0.308909
Iter 4500000 pBad 0.0509766 T 4.50092e-07 Obj 1.0086 Rho 0 GRdif 5.03892 success 1090828 failure 527100 obj_new 1.00864 SA_pAcc 1.01427e-30 Delta 0.043744 SA_r 0.30408 freedomratio 0.26444
Iter 5000000 pBad 0.0221987 T 1.11804e-07 Obj 1.00834 Rho 0 GRdif 4.88225 success 1120547 failure 798768 obj_new 1.00837 SA_pAcc 4.25114e-108 Delta 0.020522 SA_r 0.663196 freedomratio 0.230709
Iter 5500000 pBad 0.0115205 T 2.77722e-08 Obj 1.00822 Rho 0 GRdif 4.79622 success 1136784 failure 1116775 obj_new 1.00822 SA_pAcc 7.37478e-41 Delta 0.00570901 SA_r 0.718484 freedomratio 0.214103
Iter 6000000 pBad 0.00780539 T 6.89867e-09 Obj 1.00816 Rho 0 GRdif 4.76473 success 1146535 failure 1460028 obj_new 1.00816 SA_pAcc 1 Delta 0.00214672 SA_r 0.322134 freedomratio 0.204466
Iter 6500000 pBad 0.0048623 T 1.71364e-09 Obj 1.00814 Rho 0 GRdif 4.76499 success 1151629 failure 1821190 obj_new 1.00816 SA_pAcc 0 Delta 0.00028524 SA_r 0.343431 freedomratio 0.199727
Iter 7000000 pBad 0.00132873 T 4.25671e-10 Obj 1.00813 Rho 0 GRdif 4.74607 success 1154569 failure 2191653 obj_new 1.00813 SA_pAcc 1 Delta 0.0012385 SA_r 0.442637 freedomratio 0.197506
Iter 7500000 pBad 0.000664407 T 1.05737e-10 Obj 1.00813 Rho 0 GRdif 4.74283 success 1156594 failure 2567437 obj_new 1.00813 SA_pAcc 1.41888e-61 Delta 0.000568911 SA_r 0.0155125 freedomratio 0.194233
Iter 8000000 pBad 0.00153395 T 2.62654e-11 Obj 1.00812 Rho 0 GRdif 4.74205 success 1158731 failure 2948176 obj_new 1.00813 SA_pAcc 0 Delta 0.000890562 SA_r 0.286208 freedomratio 0.189951
Iter 8500000 pBad 0.000289482 T 6.52436e-12 Obj 1.00812 Rho 0 GRdif 4.7377 success 1163770 failure 3334434 obj_new 1.00812 SA_pAcc 0 Delta 0.000267867 SA_r 0.116479 freedomratio 0.184509
Iter 9000000 pBad 3.68518e-12 T 1.62066e-12 Obj 1.00812 Rho 0 GRdif 4.73816 success 1172615 failure 3710654 obj_new 1.00812 SA_pAcc 0 Delta 2.70017e-12 SA_r 0.242317 freedomratio 0.170398
Iter 9500000 pBad 1.00154e-35 T 4.02575e-13 Obj 1.00812 Rho 0 GRdif 4.73657 success 1173122 failure 4029348 obj_new 1.00812 SA_pAcc 1 Delta 6.18294e-36 SA_r 0.978806 freedomratio 0.169855
Iter 10000000 pBad 2.07979e-140 T 1e-13 Obj 1.00812 Rho 0 GRdif 4.79011 success 1173122 failure 4348717 obj_new 1.00821 SA_pAcc 0 Delta 0 SA_r 0.217102 freedomratio 0.158765
Cannot move further
iter 9.1246e+06 obj1.00812 rho 0 GRdif 4.73657
Training:
Lab Growth Rates:
0.4 0.48 0.45 0.59 0.377 0.27 0.42 1.43 0.38 0.4 0.53 0.38 0.56 0.56 0.33 0.41 0.23 0.45 0.55 1.345 0.4 0.39 0.4 1.483 0.37 0.52 0.52 0.1 0.25 0.68 0.58 0.46 0.09 0.56 1.05 0.46 0.46 0.5 0.26 0.5 0.19 0.43 0.637 0.762 0.54 0.5 0.4 0.52 0.1 0.46 0.4 0.42 0.53 0.56 0.45 0.55 0.4 0.41 1.248 0.53 0.27 0.55 0.52 0.23 0.3 1.67 0.48 0.47 0.3 0.724 0.48 0.56 0.7 0.32 0.47 0.54 0.59 0.46 0.5 0.636 0.3 0.5 0.686 0.43 0.47 0.45 0.53 0.59 0.43 1.248 0.58 0.45 0.42 0.52 0.37 0.22 0.5 0.53 0.901 0.4 0.49 0.37 0.43 0.5 0.648 0.5 0.6 0.45 0.6 0.4 0.1 0.46 0.37 0.4 0.1 0.36 0.36 1.345 0.65 0.56 0.55 0.59 0.54 0.43 0.68 0.33 0.42 0.54 0.42 0.27 0.37 0.45 0.5 1.248 0.3 1.483 0.4 0.1 0.39 1.248 0.36 0.54 1.483 1.44 0.56 0.36 0.7 0.54 0.52 0.65 0.4 0.5 0.55 0.3 0.58 0.4 0.5 1.483 0.25 0.465 0.59 1.05 0.42 0.47 0.37 1.345 0.52 0.56 0.3 0.481 0.4 0.39 0.55 0.46 0.54 0.46 0.31 0.47 0.5 0.686 0.11 1.483 0.4 0.43 0.58 0.5 0.54 0.5 0.41 0.54 0.22 0.58 0.33 0.481 0.39 0.485 0.47 0.5 0.25 0.65 1.49 0.42 0.47 0.5 0.47 0.2 0.56 0.54 0.6 0.22 0.54 0.22 0.42 0.22 0.4 0.45 0.42 0.23 0.19 1.05 0.37 0.49 0.46 0.26 0.2 0.37 0.46 0.09 0.4 0.47 0.648 0.901 0.465 0.54 0.5 0.5 0.4 0.48 0.42 0.4 0.37 0.23 0.3 0.56 0.53 1.46 0.38 0.22 1.345 0.1 0.45 0.54 0.52 0.43 0.4 0.635 1.46 0.47 0.14 0.5 0.4 0.3 1.42 0.4 0.4 0.31 0.4 0.42 0.45 0.46 1.38 0.45 0.485 0.59 0.58 0.5 0.47 1.483 0.5 0.46 0.4 0.42 0.51 0.54 0.54 1.345 0.53 0.724 0.42 0.65 0.43 0.7 0.47 0.58 0.4 0.47 0.25 0.37 0.59 0.485 0.301 0.59 0.36 0.5 0.11 0.4 0.4 0.25 0.45 0.45 0.49 0.762 0.762 0.54 0.34 0.4 0.4 0.33 0.46 1.67 0.4 0.901 1.483 1.345 0.34 0.45 0.65 0.33 0.724 0.31 0.58 0.637 0.901 0.41 0.47 0.54 0.17 0.4 0.53 0.55 0.41 0.37 0.55 1.05 1.05 0.58 0.17 0.68 0.68 0.32 0.33 0.59 0.34 0.377 0.27 0.4 0.47 0.36 0.4 0.59 0.46 0.4 0.65 0.4 0.7 0.377 0.476 0.58 0.59 0.56 0.58 0.52 0.617 0.42 0.37 0.71 0.5 0.58 0.4 0.47 0.36 0.53 0.301 0.58 0.59 0.1 0.481 0.2 0.45 0.42 0.41 0.47 0.4 1.66 0.33 0.58 0.4 0.301 0.4 0.23 1.345 0.48 0.27 0.58 0.53 0.3 0.465 0.43 0.56 0.55 0.54 0.762 0.52 0.476 0.476 1.35 0.4 0.42 0.4 0.46 0.39 0.38 0.5 0.4 0.4 0.14 0.37 0.51 0.4 0.23 0.56 0.59 0.59 0.54 0.5 0.4 1.345 0.48 0.4 0.4 0.68 0.54 0.65 0.25 0.5 0.65 0.48 0.5 0.47 0.3 1.483 0.5 0.43 0.51 0.47 0.4 0.46 0.54 0.32 0.4 1.46 0.53 0.54 0.25 0.59 0.55 0.3 0.11 0.58 0.4 0.41 0.4 0.37 0.4 1.4 0.5 0.4 1.46 0.6 0.56 0.43 0.54 0.65 0.4 0.54 0.901 0.635 0.46 0.56 0.43 0.648 0.52 0.3 0.55 0.58 0.5 0.33 0.39 0.637 0.48 0.53 0.22 0.686 0.636 0.22 0.4 1.483 0.09 0.47 0.36 0.58 1.248 0.58 0.23 0.47 0.42 0.46 0.37 0.5 0.46 0.56 0.25 1.345 0.59 0.45 0.47 0.4 1.03 0.45 0.485 0.4 0.56 0.48 0.45 0.42 1.345 0.901 0.5 0.41 0.54 0.4 0.47 0.54 0.33 0.4 0.54 0.636 0.3 0.71 0.46 0.47 0.52 0.41 0.4 0.4 0.1 0.27 1.66 1.345 1.483 0.3 0.23 1.483 0.55 0.17 0.56 0.37 1.43 0.71 0.23 0.4 0.54 0.38 0.36 0.635 0.58 0.26 0.45 0.19 1.483 0.1 0.5 1.345 0.46 0.58 0.5
Dot Production Prediction of Lab Growth Rates:
0.402219 0.388102 1.52162 0.413958 0.47488 0.554452 0.544224 1.44461 0.366285 0.400284 0.380229 0.401622 0.546396 0.532448 0.46505 0.355099 0.529307 0.409501 0.455641 0.84116 0.400636 0.329983 0.400703 0.792335 0.442959 0.420276 0.407461 0.465031 0.392433 0.687997 0.468983 0.328539 0.461664 0.545098 1.26819 0.452829 0.394849 0.373911 0.391211 0.428833 0.379562 0.459702 0.683159 0.91669 0.547542 0.399834 0.397151 0.390189 0.460048 0.454503 0.399769 0.530646 0.535891 0.53815 1.47594 0.549425 0.399716 0.397748 0.956727 0.533961 0.406459 0.441055 0.399908 0.530388 0.431066 1.50216 0.326922 0.397261 0.325287 0.693749 0.351645 0.548233 0.699667 0.355176 0.393235 0.414199 0.359452 0.394644 0.470956 0.681237 0.308598 0.397831 0.692618 0.403705 0.402102 0.405779 0.546835 0.548298 0.449003 0.958122 0.471587 0.415674 0.362316 0.402868 0.423904 0.461666 0.372664 0.528486 0.904482 0.403431 0.401215 0.424944 0.468369 0.529061 0.688977 0.53287 0.310789 1.47365 0.308264 0.401933 0.0864785 0.503635 0.436187 0.400251 0.0901643 0.446392 0.377331 0.812199 0.648376 0.476276 0.449166 0.380969 0.39148 0.409433 0.680005 0.358666 0.377215 0.382397 0.397626 0.377476 0.460376 0.430582 0.457943 0.969528 0.319821 0.79529 0.400444 0.10281 0.340788 0.958826 0.444563 0.540908 0.787047 1.5435 0.463918 0.397399 0.70009 0.387071 0.421429 0.626788 0.395548 0.464855 0.433587 0.3 0.361175 0.400468 0.35329 0.806696 1.49152 0.49318 0.386427 1.05025 0.394615 0.392504 0.439442 0.788765 0.413645 0.546176 0.262317 0.483313 0.402136 0.371098 0.547101 0.463077 0.446711 0.433152 0.537297 0.395372 0.500002 0.695555 0.414618 0.817989 0.39792 0.402624 0.419108 0.535953 0.405946 0.489444 0.425094 0.440127 0.457265 0.463597 0.401183 0.48337 0.391186 0.484357 0.454787 0.359428 0.342205 0.651978 1.52162 0.38003 0.437976 0.529249 0.43978 0.393538 0.462998 0.53465 0.317692 0.451682 0.450723 0.380039 0.37867 0.468027 0.401997 1.47798 0.334966 0.449293 0.361171 1.04838 0.533993 0.402193 0.454418 0.536289 0.425706 0.441016 0.509497 0.403503 0.399943 0.382692 0.687279 0.901251 0.489621 0.419884 0.466785 0.509188 0.398675 0.372026 0.368443 0.402786 0.450118 0.536969 0.283729 0.533536 0.544028 1.24696 0.351117 0.463647 0.816288 0.0880383 0.432429 0.440742 0.387877 0.430225 0.36951 0.688682 1.02424 0.419348 0.139909 0.472741 0.400179 0.367891 1.48826 0.403105 0.399245 0.546346 0.402437 0.331091 0.369507 0.499737 1.02189 0.395825 0.478076 0.34414 0.390421 0.501445 0.436212 0.763774 0.500595 0.334996 0.395103 0.350508 0.424166 0.534978 0.541201 0.826541 0.45607 0.694208 0.372656 0.649543 0.40434 0.697764 0.412937 0.349234 0.399874 0.453915 0.508567 0.344754 0.549119 0.473393 0.478598 0.361943 0.404433 0.363748 0.371974 0.398413 0.403631 0.397832 0.380414 1.47973 0.419706 0.903895 0.920003 0.417465 0.36757 0.427562 0.402081 0.444556 0.365325 1.39305 0.399013 0.903788 0.803582 0.806571 0.340096 1.46344 0.645728 0.500319 0.69255 0.537016 0.397021 0.68615 0.900787 0.409616 0.437362 0.411075 0.372805 0.401441 0.370747 0.555517 0.484153 0.447069 0.546876 1.02356 1.05 0.466227 0.373676 0.683623 0.672989 0.342168 0.357523 0.551307 0.353302 0.478547 0.330469 0.397289 0.460678 0.392626 0.401238 0.423101 0.462885 0.39911 0.631773 0.400791 0.711451 0.479616 0.489455 0.397376 0.550436 0.535343 0.462003 0.399361 0.617614 0.534331 0.4382 0.695653 0.546011 0.470466 0.400591 0.422297 0.361556 0.531301 0.476626 0.377672 0.54089 0.605539 0.481216 0.425291 0.432933 0.369149 0.385788 0.380821 0.396925 1.66 0.402592 0.464715 0.396129 0.484757 0.399854 0.451255 0.793312 0.35075 0.397584 0.465171 0.432031 0.307976 0.487647 0.417103 0.474655 0.452606 0.374344 0.912094 0.409374 0.489019 0.490132 1.34999 0.398937 0.421398 0.399424 0.4586 0.356658 0.395949 0.491645 0.401631 0.39997 0.14002 0.442674 0.443182 0.397196 0.52477 0.547194 0.544372 0.55493 0.445126 0.497885 0.400871 0.791381 0.364734 0.402746 0.398258 0.678384 0.449765 0.663353 0.395119 0.50686 0.65358 0.34218 0.469846 0.38869 0.293277 0.788547 0.531115 0.436579 0.433944 0.38539 0.400113 0.388989 0.425454 0.380926 0.403163 1.03176 0.420297 0.546721 0.517224 0.335847 0.542501 0.301301 0.405329 0.471269 0.401176 0.483907 0.40239 0.440316 0.3976 1.4 0.41788 0.402435 1.00693 0.315225 0.476128 0.436291 0.535038 0.666356 0.402789 0.343723 0.901001 0.686208 0.467153 0.461687 0.396091 0.684847 0.411322 0.3079 0.545033 0.470832 0.387268 0.35201 0.363049 0.684066 0.339321 0.392716 0.467344 0.69546 0.694505 0.419713 0.402453 0.773763 0.373912 0.396871 0.377065 0.468793 0.961832 0.3901 0.451558 0.415986 0.379495 0.458982 0.421361 0.371274 0.429803 0.547745 0.616508 0.807399 0.361752 0.367675 0.460406 0.402997 1.03 0.350966 0.48647 0.40043 0.544307 0.367285 1.52085 0.370577 0.757221 0.895088 0.461715 0.480801 0.401775 0.401738 0.371139 0.371004 0.404099 0.397305 0.407689 0.691255 0.407444 0.696824 0.459545 0.423985 0.383031 0.421203 0.376474 0.402934 1.38521 0.412971 1.65977 0.797429 0.795419 0.312218 0.537998 0.804317 0.451709 0.443929 0.54221 0.449841 1.42668 0.693543 0.53539 0.402167 0.439181 0.367197 0.364397 0.685983 0.400551 0.472186 0.35887 0.364015 0.805441 0.398326 0.358422 0.807957 0.443318 0.462307 0.510175
Testing:
Lab Growth Rates:
0.53 0.53 0.53
Dot Production Prediction of Lab Growth Rates:
0.517868 0.312698 0.479412
Best performance so far: 
Obj: 4.64054e-310Rho: 2.26291e-314Diff: 4.64054e-310
Anneal again with the best G and E so far as input
Cycle 2Round 1
Iter 500000 pBad 0.944159 T 0.0310503 Obj 1.14524 Rho 0 GRdif 79.4697 success 120087 failure 1318 obj_new 1.14524 SA_pAcc 0.993628 Delta 0.508724 SA_r 0.794317 freedomratio 0.284052
Iter 1000000 pBad 0.861896 T 0.00771294 Obj 1.04762 Rho 0 GRdif 27.2632 success 239410 failure 5819 obj_new 1.04762 SA_pAcc 1 Delta 0.522367 SA_r 0.757371 freedomratio 0.283092
Iter 1500000 pBad 0.806554 T 0.00191591 Obj 1.02538 Rho 0 GRdif 14.6856 success 357991 failure 12208 obj_new 1.02538 SA_pAcc 1.02392 Delta 0.189125 SA_r 0.150392 freedomratio 0.282138
Iter 2000000 pBad 0.721544 T 0.000475915 Obj 1.01912 Rho 0 GRdif 11.1004 success 474732 failure 22484 obj_new 1.01912 SA_pAcc 1 Delta 0.145659 SA_r 0.595323 freedomratio 0.283777
Iter 2500000 pBad 0.602234 T 0.000118218 Obj 1.0154 Rho 0 GRdif 8.95815 success 588422 failure 39793 obj_new 1.0154 SA_pAcc 1 Delta 0.271262 SA_r 0.499783 freedomratio 0.280383
Iter 3000000 pBad 0.42269 T 2.93656e-05 Obj 1.01212 Rho 0 GRdif 7.06123 success 694570 failure 72941 obj_new 1.01212 SA_pAcc 1 Delta -0.324689 SA_r 0.585054 freedomratio 0.283503
Iter 3500000 pBad 0.246482 T 7.29445e-06 Obj 1.01087 Rho 0 GRdif 6.33451 success 782641 failure 142606 obj_new 1.01087 SA_pAcc 2.48612 Delta 0.13307 SA_r 0.943197 freedomratio 0.272052
Iter 4000000 pBad 0.152523 T 1.81195e-06 Obj 1.00992 Rho 0 GRdif 5.78716 success 848705 failure 261410 obj_new 1.00992 SA_pAcc 1 Delta 0.151436 SA_r 0.77144 freedomratio 0.25
Iter 4500000 pBad 0.0674488 T 4.50092e-07 Obj 1.00931 Rho 0 GRdif 5.43115 success 895601 failure 432795 obj_new 1.00931 SA_pAcc 59.0133 Delta 0.0561138 SA_r 0.235811 freedomratio 0.222307
Iter 5000000 pBad 0.0376084 T 1.11804e-07 Obj 1.00898 Rho 0 GRdif 5.23685 success 923365 failure 665187 obj_new 1.00898 SA_pAcc 1 Delta 0.0331107 SA_r 0.694758 freedomratio 0.197373
Iter 5500000 pBad 0.0159224 T 2.77722e-08 Obj 1.00882 Rho 0 GRdif 5.16391 success 937911 failure 947915 obj_new 1.00885 SA_pAcc 0 Delta -0.0108843 SA_r 0.866128 freedomratio 0.182384
Iter 6000000 pBad 0.00649975 T 6.89867e-09 Obj 1.00876 Rho 0 GRdif 5.10953 success 946407 failure 1258625 obj_new 1.00876 SA_pAcc 6.94605e-17 Delta -0.00628317 SA_r 0.67198 freedomratio 0.172963
Iter 6500000 pBad 0.00826316 T 1.71364e-09 Obj 1.00873 Rho 0 GRdif 5.09345 success 952262 failure 1589194 obj_new 1.00873 SA_pAcc 1 Delta 0.0036876 SA_r 0.307926 freedomratio 0.166762
Iter 7000000 pBad 0.00196844 T 4.25671e-10 Obj 1.00872 Rho 0 GRdif 5.08769 success 955318 failure 1933272 obj_new 1.00872 SA_pAcc 0 Delta -0.000798985 SA_r 0.833317 freedomratio 0.162778
Iter 7500000 pBad 0.00230121 T 1.05737e-10 Obj 1.00871 Rho 0 GRdif 5.08057 success 958521 failure 2285354 obj_new 1.00871 SA_pAcc 4.80688e-52 Delta 0.000363136 SA_r 0.856922 freedomratio 0.158079
Iter 8000000 pBad 0.00136731 T 2.62654e-11 Obj 1.0087 Rho 0 GRdif 5.07792 success 960356 failure 2647452 obj_new 1.0087 SA_pAcc 1 Delta 0.000103085 SA_r 0.932526 freedomratio 0.155355
Iter 8500000 pBad 4.43595e-05 T 6.52436e-12 Obj 1.0087 Rho 0 GRdif 5.07575 success 964055 failure 3019176 obj_new 1.0087 SA_pAcc 0 Delta -4.59045e-06 SA_r 0.334611 freedomratio 0.151148
Iter 9000000 pBad 0.000163087 T 1.62066e-12 Obj 1.0087 Rho 0 GRdif 5.07453 success 969465 failure 3393286 obj_new 1.0087 SA_pAcc 0 Delta 6.72971e-05 SA_r 0.0685196 freedomratio 0.14843
Iter 9500000 pBad 3.77356e-29 T 4.02575e-13 Obj 1.0087 Rho 0 GRdif 5.07784 success 972337 failure 3736295 obj_new 1.0087 SA_pAcc 0 Delta 0 SA_r 0.914314 freedomratio 0.142683
Good enough
iter 9.34129e+06 obj1.0087 rho 0 GRdif 5.07421
Training:
Lab Growth Rates:
0.4 0.48 0.45 0.59 0.377 0.27 0.42 1.43 0.38 0.4 0.53 0.38 0.56 0.56 0.33 0.41 0.23 0.45 0.55 1.345 0.4 0.39 0.4 1.483 0.37 0.52 0.52 0.1 0.25 0.68 0.58 0.46 0.09 0.56 1.05 0.46 0.46 0.5 0.26 0.5 0.19 0.43 0.637 0.762 0.54 0.5 0.4 0.52 0.1 0.46 0.4 0.42 0.53 0.56 0.45 0.55 0.4 0.41 1.248 0.53 0.27 0.55 0.52 0.23 0.3 1.67 0.48 0.47 0.3 0.724 0.48 0.56 0.7 0.32 0.47 0.54 0.59 0.46 0.5 0.636 0.3 0.5 0.686 0.43 0.47 0.45 0.53 0.59 0.43 1.248 0.58 0.45 0.42 0.52 0.37 0.22 0.5 0.53 0.901 0.4 0.49 0.37 0.43 0.5 0.648 0.5 0.6 0.45 0.6 0.4 0.1 0.46 0.37 0.4 0.1 0.36 0.36 1.345 0.65 0.56 0.55 0.59 0.54 0.43 0.68 0.33 0.42 0.54 0.42 0.27 0.37 0.45 0.5 1.248 0.3 1.483 0.4 0.1 0.39 1.248 0.36 0.54 1.483 1.44 0.56 0.36 0.7 0.54 0.52 0.65 0.4 0.5 0.55 0.3 0.58 0.4 0.5 1.483 0.25 0.465 0.59 1.05 0.42 0.47 0.37 1.345 0.52 0.56 0.3 0.481 0.4 0.39 0.55 0.46 0.54 0.46 0.31 0.47 0.5 0.686 0.11 1.483 0.4 0.43 0.58 0.5 0.54 0.5 0.41 0.54 0.22 0.58 0.33 0.481 0.39 0.485 0.47 0.5 0.25 0.65 1.49 0.42 0.47 0.5 0.47 0.2 0.56 0.54 0.6 0.22 0.54 0.22 0.42 0.22 0.4 0.45 0.42 0.23 0.19 1.05 0.37 0.49 0.46 0.26 0.2 0.37 0.46 0.09 0.4 0.47 0.648 0.901 0.465 0.54 0.5 0.5 0.4 0.48 0.42 0.4 0.37 0.23 0.3 0.56 0.53 1.46 0.38 0.22 1.345 0.1 0.45 0.54 0.52 0.43 0.4 0.635 1.46 0.47 0.14 0.5 0.4 0.3 1.42 0.4 0.4 0.31 0.4 0.42 0.45 0.46 1.38 0.45 0.485 0.59 0.58 0.5 0.47 1.483 0.5 0.46 0.4 0.42 0.51 0.54 0.54 1.345 0.53 0.724 0.42 0.65 0.43 0.7 0.47 0.58 0.4 0.47 0.25 0.37 0.59 0.485 0.301 0.59 0.36 0.5 0.11 0.4 0.4 0.25 0.45 0.45 0.49 0.762 0.762 0.54 0.34 0.4 0.4 0.33 0.46 1.67 0.4 0.901 1.483 1.345 0.34 0.45 0.65 0.33 0.724 0.31 0.58 0.637 0.901 0.41 0.47 0.54 0.17 0.4 0.53 0.55 0.41 0.37 0.55 1.05 1.05 0.58 0.17 0.68 0.68 0.32 0.33 0.59 0.34 0.377 0.27 0.4 0.47 0.36 0.4 0.59 0.46 0.4 0.65 0.4 0.7 0.377 0.476 0.58 0.59 0.56 0.58 0.52 0.617 0.42 0.37 0.71 0.5 0.58 0.4 0.47 0.36 0.53 0.301 0.58 0.59 0.1 0.481 0.2 0.45 0.42 0.41 0.47 0.4 1.66 0.33 0.58 0.4 0.301 0.4 0.23 1.345 0.48 0.27 0.58 0.53 0.3 0.465 0.43 0.56 0.55 0.54 0.762 0.52 0.476 0.476 1.35 0.4 0.42 0.4 0.46 0.39 0.38 0.5 0.4 0.4 0.14 0.37 0.51 0.4 0.23 0.56 0.59 0.59 0.54 0.5 0.4 1.345 0.48 0.4 0.4 0.68 0.54 0.65 0.25 0.5 0.65 0.48 0.5 0.47 0.3 1.483 0.5 0.43 0.51 0.47 0.4 0.46 0.54 0.32 0.4 1.46 0.53 0.54 0.25 0.59 0.55 0.3 0.11 0.58 0.4 0.41 0.4 0.37 0.4 1.4 0.5 0.4 1.46 0.6 0.56 0.43 0.54 0.65 0.4 0.54 0.901 0.635 0.46 0.56 0.43 0.648 0.52 0.3 0.55 0.58 0.5 0.33 0.39 0.637 0.48 0.53 0.22 0.686 0.636 0.22 0.4 1.483 0.09 0.47 0.36 0.58 1.248 0.58 0.23 0.47 0.42 0.46 0.37 0.5 0.46 0.56 0.25 1.345 0.59 0.45 0.47 0.4 1.03 0.45 0.485 0.4 0.56 0.48 0.45 0.42 1.345 0.901 0.5 0.41 0.54 0.4 0.47 0.54 0.33 0.4 0.54 0.636 0.3 0.71 0.46 0.47 0.52 0.41 0.4 0.4 0.1 0.27 1.66 1.345 1.483 0.3 0.23 1.483 0.55 0.17 0.56 0.37 1.43 0.71 0.23 0.4 0.54 0.38 0.36 0.635 0.58 0.26 0.45 0.19 1.483 0.1 0.5 1.345 0.46 0.58 0.5
Dot Production Prediction of Lab Growth Rates:
0.397222 0.406428 1.51165 0.356808 0.496921 0.557366 0.51766 1.43125 0.340734 0.399446 0.375555 0.371463 0.534693 0.523089 0.498438 0.348565 0.517721 0.409649 0.483053 0.872741 0.403415 0.313796 0.400087 0.836711 0.449005 0.422967 0.366745 0.444822 0.369804 0.685491 0.477169 0.318177 0.477707 0.537322 1.44981 0.454659 0.393701 0.34919 0.353305 0.413818 0.385439 0.420422 0.695466 0.918103 0.541662 0.390913 0.393628 0.394485 0.438445 0.480587 0.399112 0.505259 0.53301 0.537382 1.48328 0.552322 0.402076 0.376924 0.942134 0.53201 0.393147 0.485518 0.409235 0.521765 0.411453 1.49885 0.311161 0.40729 0.327292 0.70931 0.334382 0.542133 0.690627 0.35752 0.409717 0.379727 0.340817 0.415178 0.495657 0.672589 0.303424 0.413596 0.711908 0.408949 0.387345 0.400036 0.540881 0.537883 0.39702 0.949054 0.463625 0.394324 0.363238 0.424555 0.442609 0.4904 0.340373 0.518307 0.904383 0.402567 0.398359 0.402485 0.43571 0.545443 0.70808 0.515938 0.303293 1.45357 0.307817 0.400186 1.14799 0.478262 0.446522 0.399811 1.242 0.457742 0.388146 0.813515 0.651982 0.497262 0.489035 0.362256 0.380595 0.410998 0.679922 0.351774 0.350041 0.344666 0.363605 0.353281 0.475687 0.432041 0.471317 0.963539 0.314327 0.791938 0.396809 1.42229 0.32712 0.943087 0.4384 0.548005 0.824394 1.46575 0.473843 0.399573 0.68962 0.385126 0.412511 0.630582 0.391919 0.491402 0.467254 0.303409 0.351922 0.400221 0.331581 0.855742 1.48017 0.487382 0.335835 1.05 0.360843 0.409637 0.450029 0.838266 0.373786 0.541981 0.260103 0.479205 0.400523 0.372655 0.551302 0.472988 0.479349 0.39445 0.507033 0.385908 0.498931 0.712977 0.434003 0.839785 0.399283 0.414302 0.444212 0.531229 0.385685 0.485887 0.418547 0.476248 0.487224 0.476212 0.404913 0.481859 0.401872 0.483522 0.436623 0.356097 0.341937 0.649829 1.51165 0.353617 0.417794 0.52907 0.472997 0.343984 0.474797 0.540074 0.312755 0.462353 0.482314 0.397117 0.384945 0.481996 0.401401 1.48545 0.332835 0.462545 0.363481 1.04797 0.510105 0.416365 0.415377 0.499333 0.397801 0.470734 0.49308 0.39464 0.399662 0.372226 0.704758 0.901003 0.48735 0.411158 0.482713 0.514935 0.40072 0.387141 0.392656 0.401518 0.46805 0.529525 0.282474 0.533902 0.529099 1.40305 0.315714 0.495139 0.895935 1.20016 0.410094 0.469763 0.360651 0.442372 0.333323 0.704109 0.963566 0.398309 0.140149 0.498238 0.399016 0.33864 1.48463 0.40107 0.395935 0.48599 0.404298 0.336268 0.360174 0.47021 0.971677 0.369231 0.481412 0.333264 0.382465 0.500415 0.419539 0.821063 0.503579 0.33577 0.39151 0.327939 0.436403 0.536093 0.532024 0.848093 0.457984 0.708405 0.353894 0.649486 0.406985 0.701095 0.383134 0.343282 0.400679 0.476551 0.472845 0.314975 0.543779 0.481288 0.504095 0.354172 0.393191 0.347139 0.373163 0.397267 0.403747 0.369056 0.330111 1.48957 0.434469 0.895995 0.93167 0.380353 0.358591 0.372882 0.40255 0.46672 0.360971 1.47406 0.397458 0.906161 0.82708 0.817518 0.344293 1.46346 0.63869 0.49272 0.704327 0.492398 0.412291 0.698353 0.898379 0.41519 0.397988 0.397212 0.335571 0.39989 0.34787 0.554306 0.487222 0.465496 0.539915 0.951125 1.05335 0.479049 0.362417 0.681941 0.667941 0.330848 0.357421 0.545519 0.346458 0.498725 0.319375 0.393691 0.446351 0.389169 0.402072 0.379618 0.463183 0.398723 0.646558 0.403765 0.704761 0.501655 0.489731 0.386575 0.545636 0.518936 0.464323 0.435289 0.616835 0.52379 0.4465 0.706115 0.539798 0.492542 0.406103 0.381208 0.359664 0.53011 0.504796 0.377446 0.54901 0.663073 0.478623 0.389794 0.419143 0.343131 0.364408 0.375369 0.397784 1.66001 0.39549 0.495 0.394551 0.512803 0.400093 0.461493 0.806492 0.345748 0.398132 0.475907 0.420499 0.314024 0.485507 0.372229 0.485739 0.479283 0.359116 0.912927 0.394778 0.491126 0.488403 1.35001 0.395018 0.418163 0.39688 0.408352 0.32947 0.360798 0.473566 0.400891 0.402956 0.136166 0.45269 0.457245 0.393393 0.510515 0.543946 0.543253 0.543456 0.455464 0.487577 0.398768 0.854825 0.358513 0.404494 0.395002 0.679356 0.45846 0.655893 0.36868 0.512028 0.654992 0.321362 0.480681 0.412283 0.302482 0.786507 0.531017 0.41322 0.444391 0.383677 0.401567 0.416909 0.423262 0.367255 0.401043 0.969886 0.430166 0.536584 0.515125 0.3342 0.540746 0.304013 0.423921 0.489827 0.403284 0.489102 0.400434 0.450516 0.3945 1.45398 0.400599 0.404268 0.888642 0.313663 0.493107 0.400338 0.545184 0.664246 0.400383 0.323666 0.908181 0.703371 0.463476 0.475039 0.393498 0.704056 0.428375 0.300002 0.542177 0.477996 0.385438 0.344203 0.365891 0.694983 0.336125 0.393402 0.480177 0.710676 0.707622 0.429432 0.399978 0.834559 0.375836 0.366728 0.360922 0.476912 0.94744 0.405411 0.462661 0.382209 0.346019 0.459398 0.395071 0.369788 0.436285 0.537573 0.649811 0.826987 0.350521 0.361933 0.441386 0.399834 1.03002 0.316545 0.487335 0.403194 0.545283 0.350079 1.50032 0.386023 0.847556 0.898428 0.480658 0.490756 0.423723 0.399996 0.354564 0.374822 0.404801 0.39289 0.367131 0.704309 0.379592 0.710016 0.459944 0.42648 0.389725 0.410785 0.347122 0.406111 1.38617 0.390255 1.65854 0.874337 0.810456 0.314963 0.532531 0.801639 0.483174 0.479349 0.525449 0.465622 1.42201 0.705193 0.522315 0.400443 0.455063 0.323067 0.363128 0.700926 0.398891 0.422859 0.328388 0.370017 0.860667 0.371504 0.348161 0.841854 0.443409 0.493295 0.512133
Testing:
Lab Growth Rates:
0.53 0.53 0.53
Dot Production Prediction of Lab Growth Rates:
0.487566 0.304358 0.464951
Best performance so far: 
Obj: 4.64054e-310Rho: 6.5069e-314Diff: 4.64054e-310
Test:
 Lab Growth Rates:
0.53 0.53 0.53Dot Product Prediction of Growth Rate:
0.4875664 0.3043576 0.4649513