seed =  5 traits =  1 
Training: part  15 
Training: part  15 
Round  1 
 Goal of obj  0.99 
Temperature range:  0.125 1e-13 
Cycle 1Round 1
Iter 500000 pBad 0.934356 T 0.0310503 Obj 1.15525 Rho 0 GRdif 84.2809 success 148125 failure 1614 obj_new 1.15525 SA_pAcc 1.00883 Delta -0.246613 SA_r 0.521286 freedomratio 0.362958
Iter 1000000 pBad 0.882313 T 0.00771294 Obj 1.04498 Rho 0 GRdif 25.6947 success 294691 failure 6086 obj_new 1.04498 SA_pAcc 1.03982 Delta 0.331517 SA_r 0.189898 freedomratio 0.371265
Iter 1500000 pBad 0.811669 T 0.00191591 Obj 1.02514 Rho 0 GRdif 14.5014 success 440662 failure 12542 obj_new 1.02514 SA_pAcc 1.02305 Delta 0.445557 SA_r 0.635909 freedomratio 0.362958
Iter 2000000 pBad 0.777334 T 0.000475915 Obj 1.01848 Rho 0 GRdif 10.6913 success 584652 failure 23048 obj_new 1.01848 SA_pAcc 1 Delta 0.624594 SA_r 0.632359 freedomratio 0.380704
Iter 2500000 pBad 0.684732 T 0.000118218 Obj 1.01276 Rho 0 GRdif 7.40333 success 724567 failure 42711 obj_new 1.01276 SA_pAcc 0.420335 Delta 0.0514009 SA_r 0.361478 freedomratio 0.369386
Iter 3000000 pBad 0.451276 T 2.93656e-05 Obj 1.01164 Rho 0 GRdif 6.75584 success 851642 failure 89520 obj_new 1.01164 SA_pAcc 1 Delta 0.204401 SA_r 0.576351 freedomratio 0.357843
Iter 3500000 pBad 0.21266 T 7.29445e-06 Obj 1.01066 Rho 0 GRdif 6.19105 success 957492 failure 178271 obj_new 1.01066 SA_pAcc 2.83452 Delta 0.189954 SA_r 0.0615885 freedomratio 0.335825
Iter 4000000 pBad 0.128846 T 1.81195e-06 Obj 1.01 Rho 0 GRdif 5.80926 success 1036512 failure 322590 obj_new 1.01 SA_pAcc 1 Delta 0.0732033 SA_r 0.552346 freedomratio 0.308831
Iter 4500000 pBad 0.0623319 T 4.50092e-07 Obj 1.00956 Rho 0 GRdif 5.55519 success 1089801 failure 528471 obj_new 1.00956 SA_pAcc 1 Delta 0.000503507 SA_r 0.089033 freedomratio 0.272897
Iter 5000000 pBad 0.0311334 T 1.11804e-07 Obj 1.00932 Rho 0 GRdif 5.41892 success 1119342 failure 797491 obj_new 1.00932 SA_pAcc 1 Delta 0.0182297 SA_r 0.237068 freedomratio 0.239148
Iter 5500000 pBad 0.0101905 T 2.77722e-08 Obj 1.00919 Rho 0 GRdif 5.34356 success 1136146 failure 1110659 obj_new 1.00919 SA_pAcc 3.23897e-07 Delta 0.007605 SA_r 0.995651 freedomratio 0.217262
Iter 6000000 pBad 0.00922539 T 6.89867e-09 Obj 1.00913 Rho 0 GRdif 5.30512 success 1146917 failure 1451771 obj_new 1.00913 SA_pAcc 0.00264989 Delta -0.0031523 SA_r 0.101206 freedomratio 0.20441
Iter 6500000 pBad 0.00629936 T 1.71364e-09 Obj 1.00909 Rho 0 GRdif 5.28971 success 1154009 failure 1813340 obj_new 1.0091 SA_pAcc 0 Delta -0.00475231 SA_r 0.379197 freedomratio 0.194732
Iter 7000000 pBad 0.00295902 T 4.25671e-10 Obj 1.00907 Rho 0 GRdif 5.27223 success 1159991 failure 2189896 obj_new 1.00907 SA_pAcc 1 Delta 0.00288025 SA_r 0.920899 freedomratio 0.18712
Iter 7500000 pBad 0.00111743 T 1.05737e-10 Obj 1.00906 Rho 0 GRdif 5.28155 success 1163673 failure 2577087 obj_new 1.00908 SA_pAcc 0 Delta 3.19497e-05 SA_r 0.338961 freedomratio 0.184111
Iter 8000000 pBad 0.000804802 T 2.62654e-11 Obj 1.00905 Rho 0 GRdif 5.26217 success 1166696 failure 2973769 obj_new 1.00905 SA_pAcc 8.81142e-89 Delta -0.00017296 SA_r 0.331259 freedomratio 0.179141
Iter 8500000 pBad 0.000459276 T 6.52436e-12 Obj 1.00905 Rho 0 GRdif 5.26176 success 1169760 failure 3376200 obj_new 1.00905 SA_pAcc 0 Delta 1.78674e-05 SA_r 0.409262 freedomratio 0.169324
Iter 9000000 pBad 1.38342e-49 T 1.62066e-12 Obj 1.00905 Rho 0 GRdif 5.30706 success 1174542 failure 3755179 obj_new 1.00913 SA_pAcc 0 Delta 0 SA_r 0.787659 freedomratio 0.161818
Iter 9500000 pBad 2.56011e-241 T 4.02575e-13 Obj 1.00905 Rho 0 GRdif 5.25985 success 1174542 failure 4101482 obj_new 1.00905 SA_pAcc 0 Delta 0 SA_r 0.0903832 freedomratio 0.13594
Iter 10000000 pBad 0 T 1e-13 Obj 1.00905 Rho 0 GRdif 5.3338 success 1174542 failure 4469698 obj_new 1.00918 SA_pAcc 0 Delta 0 SA_r 0.955441 freedomratio 0.0633062
Cannot move further
iter 8.7952e+06 obj1.00905 rho 0 GRdif 5.25938
Training:
Lab Growth Rates:
0.36 0.43 0.1 0.4 0.686 1.483 0.42 1.345 0.46 0.4 0.56 0.56 0.45 0.724 0.42 0.5 0.58 0.1 0.25 0.54 0.36 0.5 0.56 0.7 1.49 0.59 0.53 0.5 0.19 0.3 0.47 0.58 1.67 0.45 0.37 0.27 0.46 1.66 0.45 0.3 0.5 0.762 0.45 0.56 0.5 0.41 0.4 0.4 1.345 0.55 0.58 0.33 0.23 0.39 0.5 0.46 0.37 0.476 0.58 1.345 0.59 0.37 1.483 0.4 1.44 0.5 0.22 1.483 0.59 0.23 0.901 0.54 0.58 0.41 1.03 0.3 0.58 0.17 0.52 0.53 0.52 0.47 0.686 0.7 0.09 0.58 0.32 0.59 0.46 0.55 0.41 0.47 0.476 0.23 0.37 0.4 0.27 1.43 0.71 0.7 0.762 0.4 0.52 0.53 0.377 0.25 0.4 0.4 0.41 0.4 0.41 1.483 0.901 0.901 1.483 0.5 1.345 0.4 0.65 1.483 0.27 0.42 0.51 0.4 0.14 0.5 0.5 0.5 0.3 0.485 0.65 0.59 0.3 0.22 0.23 1.05 0.58 0.58 0.485 0.32 0.5 0.59 1.483 0.901 0.42 0.47 0.4 0.52 0.23 0.46 0.485 0.5 0.46 0.54 0.36 0.5 0.36 0.762 0.4 0.54 1.46 0.54 0.54 0.1 0.58 0.33 0.42 0.47 1.05 0.54 0.49 0.54 0.4 0.43 0.4 0.59 0.4 0.47 1.345 0.47 0.39 1.38 0.47 0.377 0.53 0.6 0.55 0.58 0.46 0.17 0.23 0.4 0.4 0.23 0.54 0.65 0.23 0.25 0.3 0.3 0.476 0.4 0.4 1.483 0.37 0.4 0.55 0.55 0.38 0.45 0.54 0.25 1.35 0.59 0.26 0.4 0.54 0.56 0.54 0.39 0.51 0.52 0.59 0.42 0.33 0.637 0.5 0.54 0.55 1.43 0.65 0.59 0.55 0.56 0.5 0.686 0.4 0.58 0.5 0.481 0.54 0.636 0.65 0.51 0.53 0.4 0.42 0.27 0.3 0.56 0.31 0.54 0.25 0.56 0.4 0.54 0.4 0.4 0.41 0.5 0.5 0.36 0.56 0.65 0.42 0.53 0.4 0.45 0.4 0.58 0.3 0.11 0.1 1.345 0.42 0.58 0.42 0.4 1.4 0.52 0.37 0.45 0.42 0.37 0.71 0.648 0.48 0.43 0.481 0.33 0.45 0.5 0.46 0.4 0.43 0.5 0.47 0.3 0.54 0.36 0.54 0.27 0.46 0.38 0.3 0.5 1.345 0.54 0.47 0.55 0.54 0.48 0.635 0.36 1.42 0.58 0.1 0.58 0.45 0.25 0.1 0.19 1.345 0.25 1.66 0.1 0.38 0.5 0.46 0.4 0.5 0.36 0.47 0.4 0.11 0.54 0.617 0.56 0.45 0.54 0.59 1.483 0.4 0.58 0.4 0.4 1.345 0.23 0.301 0.52 0.59 0.43 0.46 0.3 0.59 0.4 0.37 1.46 1.483 0.4 0.37 0.52 0.4 0.56 0.1 0.42 0.53 0.34 0.47 0.481 0.26 0.37 0.4 0.37 0.465 0.47 0.48 0.4 0.22 0.11 0.52 0.58 0.47 0.47 0.39 0.71 0.636 0.34 0.22 0.5 0.56 0.53 0.46 0.41 0.43 0.43 0.5 0.54 0.56 0.4 0.46 0.45 0.4 0.48 0.31 0.41 0.14 0.55 0.47 0.7 0.465 0.46 0.53 0.637 0.59 0.301 0.636 0.43 0.48 0.5 0.37 0.4 0.33 0.47 0.65 0.55 0.56 1.248 0.56 0.42 1.05 0.32 0.59 0.39 0.65 0.46 0.46 0.4 0.6 0.5 0.22 0.4 0.485 1.248 0.5 0.45 0.47 0.54 0.4 0.55 0.27 0.58 0.17 1.248 0.22 0.4 0.4 0.4 0.56 0.39 0.65 0.5 0.09 0.43 0.55 1.483 0.46 0.4 0.48 0.48 0.4 0.45 0.47 1.483 0.47 0.5 0.2 0.4 0.22 0.45 0.22 0.45 0.33 0.48 0.724 0.5 0.4 0.4 0.47 0.56 0.45 0.4 0.59 0.52 0.3 0.49 0.54 1.05 0.47 0.377 0.43 0.34 0.52 0.25 0.43 0.26 0.47 0.09 0.37 1.05 1.345 0.45 0.3 0.42 0.53 0.53 0.42 0.37 0.45 0.45 0.635 0.53 0.901 0.648 0.38 0.37 0.1 0.724 0.53 0.54 0.53 0.46 0.5 0.56 0.54 0.5 0.41 0.4 0.46 0.42 0.4 0.648 0.52 0.47 0.301 1.67 0.42 0.4 1.345 0.901 0.49 0.58 0.762 0.53 0.46 1.248 0.33 0.19 0.42 0.465 0.54 0.4 0.48 0.635 1.46 0.46 0.637 0.38 0.37 1.248 0.4 0.33 0.4 0.2 1.345 0.43 0.6 0.2 0.33 0.6 0.58 0.36 1.46 0.31
Dot Production Prediction of Lab Growth Rates:
0.390614 0.42541 0.456784 0.395331 0.686065 0.800033 0.366751 0.786722 0.436777 0.402715 0.552972 0.48342 0.367236 0.68304 0.371424 0.537717 0.409781 0.462582 0.385673 0.532438 0.393581 0.499765 0.54482 0.702446 1.51323 0.550854 0.424056 0.405773 0.371842 0.321869 0.397223 0.478356 1.50498 0.425409 0.409241 0.539858 0.378017 1.66 0.381327 0.293823 0.479116 1.25912 1.49032 0.546597 0.548145 0.406737 0.399424 0.395488 0.799397 0.540151 0.489792 0.399838 0.537022 0.372912 0.477392 0.423319 0.408468 0.767242 0.473648 0.836227 0.540436 0.42483 0.810701 0.406933 1.51969 0.482337 0.467181 0.823651 0.375197 0.4193 0.897572 0.467856 0.358743 0.37452 1.03002 0.42852 0.465726 0.368309 0.396184 0.366902 0.37636 0.406298 0.687683 0.699805 0.37316 0.472093 0.346939 0.410659 0.48016 0.463502 0.393296 0.426373 0.77031 0.529839 0.410921 0.399333 0.40111 1.4296 0.67454 0.702383 1.2574 0.395689 0.400287 0.384369 0.756492 0.385314 0.400976 0.403864 0.418944 0.388486 0.750585 0.818404 0.901252 0.900366 0.784672 0.350227 0.802653 0.400267 0.649798 0.828892 0.399029 0.346742 0.424999 0.404272 0.13837 0.535392 0.494917 0.496736 0.300014 0.747427 0.657056 0.347927 0.261796 0.416991 0.533095 1.05 0.493655 0.353677 0.759994 0.373215 0.522863 0.374822 0.819213 0.901 0.371291 0.398498 0.398064 0.396048 0.548922 0.343935 0.75127 0.366311 0.488157 0.418552 0.441094 0.466982 0.372973 1.25498 0.401316 0.374074 1.01534 0.406197 0.429987 1.25865 0.494382 0.402245 0.416339 0.405453 1.05308 0.396224 0.411528 0.34279 0.401759 0.445471 0.398658 0.53792 0.4032 0.419446 0.787159 0.400073 0.349921 1.02578 0.419304 0.761266 0.523983 0.310133 0.464343 0.449818 0.343486 0.442115 0.533244 0.402842 0.39191 0.421027 0.416879 0.648785 0.420585 0.513253 0.30434 0.30096 0.77219 0.39983 0.397017 0.80376 0.40171 0.398256 0.465343 0.558071 0.385378 0.375671 0.455152 0.490747 1.34987 0.401654 0.386815 0.401954 0.523848 0.489453 0.555677 0.369764 0.421906 0.38646 0.55132 0.370415 0.492566 0.670463 0.50001 0.472752 0.562697 1.43 0.649956 0.552432 0.549927 0.470847 0.494459 0.686 0.398602 0.389145 0.479909 0.75151 0.384802 0.680261 0.636596 0.44642 0.39663 0.397437 0.535429 0.402843 0.309617 0.53002 0.508358 0.466323 0.35318 0.547905 0.401666 0.551858 0.388494 0.40216 0.372542 0.497291 0.360713 0.380279 0.544815 0.617961 0.389073 0.530713 0.405755 1.51323 0.39721 0.475289 0.301937 0.416955 0.609064 0.853733 0.354025 0.469183 0.391594 0.405542 1.48919 0.413184 0.511874 0.407257 0.529849 0.409892 0.685139 0.670111 0.393425 0.425343 0.757852 0.36077 0.430424 0.360979 0.438497 0.401179 0.44183 0.36961 0.465281 0.36367 0.420588 0.357435 0.364634 0.377505 0.366401 0.343662 0.309509 0.388244 0.814742 0.475889 0.374835 0.462709 0.462593 0.38079 0.670874 0.432668 1.47741 0.405742 0.383159 0.382516 0.425542 0.387671 1.14884 0.363358 0.821118 0.614731 1.65738 1.36305 0.36309 0.548421 0.459182 0.397717 0.372878 0.363475 0.404955 0.400908 0.406151 0.542874 0.617103 0.548271 1.51309 0.533844 0.558264 0.801035 0.402477 0.478284 0.403432 0.402397 0.829034 0.53711 0.762777 0.408134 0.38003 0.405323 0.456795 0.396967 0.362433 0.397118 0.415152 1.00521 0.795603 0.40129 0.344167 0.397563 0.400003 0.543813 1.359 0.383177 0.421062 0.368287 0.479676 0.748617 0.517376 0.422373 0.404055 0.407672 0.761699 0.408117 0.360795 0.392426 0.475063 0.379023 0.399316 0.395318 0.456078 0.373399 0.390085 0.680254 0.677118 0.350762 0.44727 0.52484 0.546553 0.450346 0.466757 0.754601 0.402661 0.388419 0.405446 0.544371 0.476098 0.372076 0.408856 0.353529 0.40231 0.364689 0.501915 0.748301 0.140255 0.465741 0.384121 0.698975 0.77012 0.422079 0.539352 0.672169 0.356729 0.761229 0.686848 0.40427 0.370571 0.500217 0.419658 0.40008 0.452489 0.435828 0.649295 0.536631 0.474472 1.17494 0.53934 0.376292 1.03132 0.367303 0.368976 0.344814 0.663862 0.396618 0.46092 0.404641 0.308999 0.482333 0.385038 0.363526 0.761139 1.19049 0.504139 0.373159 0.388642 0.417121 0.400021 0.446788 0.341681 0.426029 0.358451 1.17654 0.472477 0.402931 0.390089 0.398721 0.491152 0.335171 0.660087 0.411117 0.400958 0.417357 0.542803 0.79979 0.501899 0.393736 0.337764 0.354758 0.404502 0.404708 0.396968 0.788418 0.454699 0.525818 0.426813 0.403551 0.471597 0.386522 0.475624 1.48289 0.367087 0.35278 0.684469 0.403207 0.397559 0.403531 0.435214 0.545499 1.48656 0.402443 0.543012 0.401064 0.288107 0.430787 0.404339 1.0498 0.381068 0.75603 0.397437 0.347151 0.408182 1.52052 0.433877 0.460781 0.398766 0.454861 0.45567 1.35271 0.816008 1.56135 0.32405 0.377865 0.533422 0.33243 0.542308 0.443184 1.477 0.39376 0.668162 0.549437 1.11554 0.667332 0.358338 0.408414 1.14673 0.684386 0.499752 0.406783 0.4719 0.486929 0.369597 0.526208 0.401156 0.517049 0.416362 0.402902 0.417289 0.38474 0.411782 0.674056 0.381484 0.390277 0.759487 1.48094 0.39039 0.386552 0.847709 0.901 0.407382 0.487308 1.24053 0.528887 0.460045 1.17717 0.351522 0.37659 0.343089 0.774204 0.397149 0.402881 0.33855 0.667644 1.00181 0.448483 0.667431 0.388258 0.421194 1.17638 0.403761 0.478432 0.402929 0.388215 0.8211 0.403554 0.310024 0.421652 0.395097 0.318539 0.397196 0.394987 1.33276 0.509384
Testing:
Lab Growth Rates:
0.68 0.68 0.68 0.68 0.68
Dot Production Prediction of Lab Growth Rates:
0.115519 0.114732 0.113522 0.115349 0.115076
Best performance so far: 
Obj: 4.63737e-310Rho: 2.26291e-314Diff: 4.63737e-310
Anneal again with the best G and E so far as input
Cycle 2Round 1
Iter 500000 pBad 0.939912 T 0.0310503 Obj 1.08158 Rho 0 GRdif 45.7978 success 121291 failure 1544 obj_new 1.08158 SA_pAcc 1 Delta -0.23323 SA_r 0.435317 freedomratio 0.292879
Iter 1000000 pBad 0.880592 T 0.00771294 Obj 1.05983 Rho 0 GRdif 33.9334 success 241950 failure 5795 obj_new 1.05983 SA_pAcc 0.941127 Delta 0.676766 SA_r 0.84782 freedomratio 0.289395
Iter 1500000 pBad 0.802745 T 0.00191591 Obj 1.02926 Rho 0 GRdif 16.8447 success 362486 failure 11847 obj_new 1.02926 SA_pAcc 0.999936 Delta 0.128252 SA_r 0.962386 freedomratio 0.291127
Iter 2000000 pBad 0.77301 T 0.000475915 Obj 1.01721 Rho 0 GRdif 9.96787 success 480473 failure 23162 obj_new 1.01721 SA_pAcc 1.06461 Delta -0.740685 SA_r 0.349978 freedomratio 0.288966
Iter 2500000 pBad 0.603774 T 0.000118218 Obj 1.01388 Rho 0 GRdif 8.04934 success 593667 failure 44037 obj_new 1.01388 SA_pAcc 0.927637 Delta 0.300739 SA_r 0.722702 freedomratio 0.290258
Iter 3000000 pBad 0.385815 T 2.93656e-05 Obj 1.01212 Rho 0 GRdif 7.03712 success 694835 failure 89806 obj_new 1.01212 SA_pAcc 1.87322 Delta -0.287426 SA_r 0.120441 freedomratio 0.284462
Iter 3500000 pBad 0.260915 T 7.29445e-06 Obj 1.01156 Rho 0 GRdif 6.71031 success 780937 failure 167236 obj_new 1.01156 SA_pAcc 1.52107 Delta 0.124955 SA_r 0.81393 freedomratio 0.271754
Iter 4000000 pBad 0.12457 T 1.81195e-06 Obj 1.01077 Rho 0 GRdif 6.27023 success 844655 failure 296452 obj_new 1.01079 SA_pAcc 9.88943e-06 Delta 0.0292967 SA_r 0.466611 freedomratio 0.252486
Iter 4500000 pBad 0.0600354 T 4.50092e-07 Obj 1.01023 Rho 0 GRdif 5.9464 success 889747 failure 475617 obj_new 1.01023 SA_pAcc 0.0158075 Delta -0.0393354 SA_r 0.492968 freedomratio 0.224012
Iter 5000000 pBad 0.0282472 T 1.11804e-07 Obj 1.00997 Rho 0 GRdif 5.81199 success 914744 failure 718106 obj_new 1.01 SA_pAcc 1.10826e-113 Delta 0.0134791 SA_r 0.622623 freedomratio 0.201033
Iter 5500000 pBad 0.0121946 T 2.77722e-08 Obj 1.00986 Rho 0 GRdif 5.73232 success 929360 failure 1000844 obj_new 1.00986 SA_pAcc 0.460074 Delta 0.00211294 SA_r 0.700992 freedomratio 0.185574
Iter 6000000 pBad 0.00609182 T 6.89867e-09 Obj 1.00983 Rho 0 GRdif 5.72208 success 936731 failure 1309781 obj_new 1.00985 SA_pAcc 0 Delta 0.00392347 SA_r 0.958128 freedomratio 0.181592
Iter 6500000 pBad 0.00336118 T 1.71364e-09 Obj 1.0098 Rho 0 GRdif 5.69819 success 940163 failure 1633120 obj_new 1.0098 SA_pAcc 1 Delta 0.00166405 SA_r 0.724853 freedomratio 0.177832
Iter 7000000 pBad 0.00159841 T 4.25671e-10 Obj 1.0098 Rho 0 GRdif 5.69616 success 942082 failure 1961462 obj_new 1.0098 SA_pAcc 0 Delta -0.0015861 SA_r 0.0637944 freedomratio 0.176649
Iter 7500000 pBad 0.00146762 T 1.05737e-10 Obj 1.00979 Rho 0 GRdif 5.68762 success 943537 failure 2293849 obj_new 1.00979 SA_pAcc 0 Delta -0.00138638 SA_r 0.0992368 freedomratio 0.174589
Iter 8000000 pBad 0.000617363 T 2.62654e-11 Obj 1.00978 Rho 0 GRdif 5.71839 success 944294 failure 2629699 obj_new 1.00984 SA_pAcc 0 Delta -0.000424007 SA_r 0.255162 freedomratio 0.173603
Iter 8500000 pBad 0.000905942 T 6.52436e-12 Obj 1.00978 Rho 0 GRdif 5.68389 success 948298 failure 2960420 obj_new 1.00978 SA_pAcc 0 Delta -0.000558445 SA_r 0.640182 freedomratio 0.1683
Iter 9000000 pBad 3.74295e-15 T 1.62066e-12 Obj 1.00978 Rho 0 GRdif 5.68302 success 951635 failure 3284385 obj_new 1.00978 SA_pAcc 1 Delta 3.54577e-15 SA_r 0.387838 freedomratio 0.160307
Iter 9500000 pBad 6.59777e-64 T 4.02575e-13 Obj 1.00978 Rho 0 GRdif 5.68347 success 951885 failure 3541453 obj_new 1.00978 SA_pAcc 0 Delta 0 SA_r 0.900107 freedomratio 0.160176
Good enough
iter 9.08359e+06 obj1.00978 rho 0 GRdif 5.68302
Training:
Lab Growth Rates:
0.36 0.43 0.1 0.4 0.686 1.483 0.42 1.345 0.46 0.4 0.56 0.56 0.45 0.724 0.42 0.5 0.58 0.1 0.25 0.54 0.36 0.5 0.56 0.7 1.49 0.59 0.53 0.5 0.19 0.3 0.47 0.58 1.67 0.45 0.37 0.27 0.46 1.66 0.45 0.3 0.5 0.762 0.45 0.56 0.5 0.41 0.4 0.4 1.345 0.55 0.58 0.33 0.23 0.39 0.5 0.46 0.37 0.476 0.58 1.345 0.59 0.37 1.483 0.4 1.44 0.5 0.22 1.483 0.59 0.23 0.901 0.54 0.58 0.41 1.03 0.3 0.58 0.17 0.52 0.53 0.52 0.47 0.686 0.7 0.09 0.58 0.32 0.59 0.46 0.55 0.41 0.47 0.476 0.23 0.37 0.4 0.27 1.43 0.71 0.7 0.762 0.4 0.52 0.53 0.377 0.25 0.4 0.4 0.41 0.4 0.41 1.483 0.901 0.901 1.483 0.5 1.345 0.4 0.65 1.483 0.27 0.42 0.51 0.4 0.14 0.5 0.5 0.5 0.3 0.485 0.65 0.59 0.3 0.22 0.23 1.05 0.58 0.58 0.485 0.32 0.5 0.59 1.483 0.901 0.42 0.47 0.4 0.52 0.23 0.46 0.485 0.5 0.46 0.54 0.36 0.5 0.36 0.762 0.4 0.54 1.46 0.54 0.54 0.1 0.58 0.33 0.42 0.47 1.05 0.54 0.49 0.54 0.4 0.43 0.4 0.59 0.4 0.47 1.345 0.47 0.39 1.38 0.47 0.377 0.53 0.6 0.55 0.58 0.46 0.17 0.23 0.4 0.4 0.23 0.54 0.65 0.23 0.25 0.3 0.3 0.476 0.4 0.4 1.483 0.37 0.4 0.55 0.55 0.38 0.45 0.54 0.25 1.35 0.59 0.26 0.4 0.54 0.56 0.54 0.39 0.51 0.52 0.59 0.42 0.33 0.637 0.5 0.54 0.55 1.43 0.65 0.59 0.55 0.56 0.5 0.686 0.4 0.58 0.5 0.481 0.54 0.636 0.65 0.51 0.53 0.4 0.42 0.27 0.3 0.56 0.31 0.54 0.25 0.56 0.4 0.54 0.4 0.4 0.41 0.5 0.5 0.36 0.56 0.65 0.42 0.53 0.4 0.45 0.4 0.58 0.3 0.11 0.1 1.345 0.42 0.58 0.42 0.4 1.4 0.52 0.37 0.45 0.42 0.37 0.71 0.648 0.48 0.43 0.481 0.33 0.45 0.5 0.46 0.4 0.43 0.5 0.47 0.3 0.54 0.36 0.54 0.27 0.46 0.38 0.3 0.5 1.345 0.54 0.47 0.55 0.54 0.48 0.635 0.36 1.42 0.58 0.1 0.58 0.45 0.25 0.1 0.19 1.345 0.25 1.66 0.1 0.38 0.5 0.46 0.4 0.5 0.36 0.47 0.4 0.11 0.54 0.617 0.56 0.45 0.54 0.59 1.483 0.4 0.58 0.4 0.4 1.345 0.23 0.301 0.52 0.59 0.43 0.46 0.3 0.59 0.4 0.37 1.46 1.483 0.4 0.37 0.52 0.4 0.56 0.1 0.42 0.53 0.34 0.47 0.481 0.26 0.37 0.4 0.37 0.465 0.47 0.48 0.4 0.22 0.11 0.52 0.58 0.47 0.47 0.39 0.71 0.636 0.34 0.22 0.5 0.56 0.53 0.46 0.41 0.43 0.43 0.5 0.54 0.56 0.4 0.46 0.45 0.4 0.48 0.31 0.41 0.14 0.55 0.47 0.7 0.465 0.46 0.53 0.637 0.59 0.301 0.636 0.43 0.48 0.5 0.37 0.4 0.33 0.47 0.65 0.55 0.56 1.248 0.56 0.42 1.05 0.32 0.59 0.39 0.65 0.46 0.46 0.4 0.6 0.5 0.22 0.4 0.485 1.248 0.5 0.45 0.47 0.54 0.4 0.55 0.27 0.58 0.17 1.248 0.22 0.4 0.4 0.4 0.56 0.39 0.65 0.5 0.09 0.43 0.55 1.483 0.46 0.4 0.48 0.48 0.4 0.45 0.47 1.483 0.47 0.5 0.2 0.4 0.22 0.45 0.22 0.45 0.33 0.48 0.724 0.5 0.4 0.4 0.47 0.56 0.45 0.4 0.59 0.52 0.3 0.49 0.54 1.05 0.47 0.377 0.43 0.34 0.52 0.25 0.43 0.26 0.47 0.09 0.37 1.05 1.345 0.45 0.3 0.42 0.53 0.53 0.42 0.37 0.45 0.45 0.635 0.53 0.901 0.648 0.38 0.37 0.1 0.724 0.53 0.54 0.53 0.46 0.5 0.56 0.54 0.5 0.41 0.4 0.46 0.42 0.4 0.648 0.52 0.47 0.301 1.67 0.42 0.4 1.345 0.901 0.49 0.58 0.762 0.53 0.46 1.248 0.33 0.19 0.42 0.465 0.54 0.4 0.48 0.635 1.46 0.46 0.637 0.38 0.37 1.248 0.4 0.33 0.4 0.2 1.345 0.43 0.6 0.2 0.33 0.6 0.58 0.36 1.46 0.31
Dot Production Prediction of Lab Growth Rates:
0.39442 0.395481 0.416521 0.40093 0.68679 0.740455 0.357259 0.750679 0.411543 0.40236 0.552772 0.468138 0.356671 0.683569 0.356065 0.545902 0.410556 0.423801 0.368846 0.537144 0.382977 0.49924 0.549913 0.705271 1.4932 0.549601 0.436761 0.416721 0.365884 0.316665 0.40582 0.459794 1.4068 0.418948 0.439652 0.514223 0.392622 1.66023 0.368912 0.294417 0.473453 1.45245 1.45306 0.539687 0.53644 0.418517 0.400388 0.398462 0.701624 0.546786 0.469783 0.401769 0.534815 0.38876 0.460789 0.420951 0.387957 0.745281 0.46443 0.734979 0.550713 0.42587 0.691343 0.403669 1.46625 0.465359 0.479134 0.758836 0.358379 0.462097 0.89826 0.459172 0.353637 0.380699 1.03013 0.397177 0.46391 0.35959 0.391951 0.357791 0.36158 0.379648 0.687711 0.699078 0.373234 0.464497 0.337344 0.378758 0.46419 0.475818 0.38271 0.383415 0.745559 0.541418 0.441098 0.39968 0.387331 1.42649 0.686716 0.695147 1.45622 0.401137 0.367649 0.399964 0.767715 0.361527 0.40141 0.401592 0.418004 0.397604 0.769933 0.726548 0.898804 0.901079 0.72845 0.346188 0.749321 0.402099 0.65107 0.734705 0.392507 0.352092 0.411944 0.401593 0.137754 0.553093 0.476427 0.502241 0.301472 0.739415 0.650065 0.346524 0.26063 0.416632 0.52457 1.02004 0.468828 0.361509 0.735051 0.372747 0.545549 0.368291 0.749617 0.903914 0.347619 0.405658 0.402776 0.418126 0.53066 0.343691 0.734216 0.375388 0.448837 0.367998 0.44166 0.468298 0.36294 1.44102 0.400656 0.351262 0.896707 0.382116 0.445812 1.17468 0.463895 0.39662 0.402805 0.41402 1.05079 0.387346 0.412305 0.359154 0.402744 0.421627 0.401029 0.550731 0.401053 0.404871 0.742356 0.391884 0.347032 0.9794 0.424405 0.772536 0.529533 0.292893 0.465217 0.45447 0.333262 0.45191 0.536993 0.402443 0.39841 0.462454 0.37308 0.633927 0.464023 0.485579 0.300055 0.302194 0.742456 0.402139 0.401504 0.684448 0.389068 0.400692 0.475034 0.553044 0.374413 0.36797 0.457773 0.445491 1.3502 0.368762 0.356116 0.400993 0.540232 0.469055 0.549652 0.377948 0.430514 0.387249 0.540981 0.354991 0.461765 0.683388 0.508661 0.457554 0.55224 1.4346 0.654107 0.556883 0.550855 0.460013 0.47128 0.686601 0.400204 0.387028 0.468662 0.738138 0.384289 0.684322 0.648344 0.434783 0.390038 0.396116 0.480331 0.380138 0.309554 0.535647 0.473887 0.463641 0.348959 0.539114 0.401023 0.547409 0.397654 0.403109 0.350204 0.472902 0.350158 0.381391 0.535086 0.640427 0.369096 0.543028 0.403222 1.4932 0.402244 0.460054 0.302283 0.409416 0.636162 0.758529 0.357572 0.452242 0.365279 0.401075 1.39833 0.400102 0.47774 0.405182 0.475098 0.441387 0.692358 0.682234 0.394466 0.401024 0.736826 0.357529 0.417584 0.367765 0.419282 0.400899 0.407223 0.349266 0.414412 0.347768 0.411884 0.354533 0.355635 0.354549 0.358242 0.335719 0.302947 0.38065 0.712637 0.467319 0.384477 0.46481 0.450363 0.372452 0.688562 0.428251 1.48939 0.391422 0.368311 0.386955 0.407044 0.361554 1.15504 0.369068 0.741079 0.610848 1.66023 1.37053 0.337048 0.524853 0.462658 0.401387 0.361778 0.362045 0.383165 0.401675 0.412336 0.539433 0.617686 0.537983 1.45401 0.530824 0.543327 0.712776 0.40171 0.462975 0.401611 0.402059 0.705824 0.537626 0.793759 0.422655 0.381838 0.377167 0.461974 0.371068 0.348349 0.400287 0.4438 0.97411 0.736714 0.401634 0.339278 0.399234 0.402675 0.539304 1.30966 0.357154 0.412018 0.366672 0.418068 0.735264 0.468333 0.467895 0.403759 0.444836 0.741843 0.377554 0.356256 0.401132 0.461918 0.371872 0.400152 0.388158 0.426065 0.377091 0.407575 0.686718 0.66499 0.358913 0.446845 0.545612 0.537373 0.448219 0.463027 0.769358 0.388659 0.391855 0.403484 0.540984 0.464423 0.349959 0.415253 0.343265 0.400066 0.352168 0.471247 0.770487 0.140364 0.471022 0.37662 0.701218 0.744449 0.41806 0.540629 0.683745 0.349285 0.804123 0.685556 0.400486 0.358166 0.507444 0.464002 0.400331 0.454071 0.460369 0.656427 0.543438 0.459139 1.24776 0.542631 0.370058 0.938503 0.365025 0.371215 0.341576 0.657764 0.412107 0.460573 0.403989 0.302939 0.499608 0.403094 0.346601 0.741575 1.26716 0.497811 0.354451 0.379587 0.421643 0.401658 0.456825 0.347006 0.424246 0.334624 1.24907 0.47275 0.400766 0.400236 0.400978 0.470286 0.335459 0.650373 0.396987 0.383558 0.389835 0.5463 0.725129 0.467274 0.398974 0.344912 0.353121 0.402578 0.390498 0.370068 0.683119 0.458508 0.522459 0.385473 0.401826 0.483064 0.4031 0.462497 1.44294 0.352167 0.344841 0.687295 0.385925 0.401192 0.403453 0.399942 0.54806 1.45651 0.401224 0.547023 0.427934 0.288326 0.42717 0.390994 1.04887 0.378088 0.775081 0.399893 0.343255 0.374095 1.4551 0.418288 0.408683 0.402931 0.456281 0.443969 1.47012 0.769402 1.46671 0.309365 0.35707 0.528594 0.336607 0.478378 0.438217 1.43195 0.372549 0.685719 0.546618 1.25113 0.680042 0.358185 0.442163 1.09647 0.688731 0.440525 0.366154 0.435065 0.449459 0.355865 0.539662 0.422303 0.525831 0.404512 0.4018 0.398779 0.363783 0.383832 0.684616 0.398656 0.385664 0.793997 1.47525 0.363065 0.399783 0.786181 0.900847 0.400107 0.474295 1.43745 0.532641 0.45935 1.23669 0.357691 0.385887 0.33887 0.752714 0.381407 0.402229 0.344467 0.687886 0.967407 0.457496 0.683253 0.361978 0.463187 1.24814 0.401012 0.480373 0.403848 0.354305 0.72082 0.40403 0.299695 0.397688 0.389392 0.304925 0.410395 0.400409 1.4279 0.454787
Testing:
Lab Growth Rates:
0.68 0.68 0.68 0.68 0.68
Dot Production Prediction of Lab Growth Rates:
0.0919041 0.0920015 0.0907743 0.0913304 0.0923044
Best performance so far: 
Obj: 4.63737e-310Rho: 6.5069e-314Diff: 4.63737e-310
Test:
 Lab Growth Rates:
0.68 0.68 0.68 0.68 0.68Dot Product Prediction of Growth Rate:
0.09190406 0.09200153 0.09077433 0.09133038 0.09230439