seed =  5 traits =  1 
Training: part  119 
Training: part  119 
Round  1 
 Goal of obj  0.99 
Temperature range:  0.125 2.5e-12 
Cycle 1Round 1
Iter 500000 pBad 0.947967 T 0.0364723 Obj 1.13163 Rho 0 GRdif 72.7105 success 147744 failure 1400 obj_new 1.13163 SA_pAcc 1 Delta 0.0693279 SA_r 0.879135 freedomratio 0.371212
Iter 1000000 pBad 0.897755 T 0.0106418 Obj 1.09155 Rho 0 GRdif 51.5062 success 294996 failure 5019 obj_new 1.09155 SA_pAcc 1 Delta -0.63044 SA_r 0.966448 freedomratio 0.363412
Iter 1500000 pBad 0.858241 T 0.00310503 Obj 1.03944 Rho 0 GRdif 22.7429 success 441357 failure 11397 obj_new 1.03944 SA_pAcc 1.13642 Delta -0.518115 SA_r 0.911229 freedomratio 0.3675
Iter 2000000 pBad 0.80387 T 0.000905977 Obj 1.02172 Rho 0 GRdif 12.6365 success 586836 failure 20327 obj_new 1.02172 SA_pAcc 0.860883 Delta 0.412397 SA_r 0.471791 freedomratio 0.371447
Iter 2500000 pBad 0.709239 T 0.000264343 Obj 1.01375 Rho 0 GRdif 8.0304 success 730320 failure 33507 obj_new 1.01375 SA_pAcc 0.983493 Delta -0.166341 SA_r 0.8497 freedomratio 0.378135
Iter 3000000 pBad 0.592713 T 7.71294e-05 Obj 1.01161 Rho 0 GRdif 6.78904 success 866346 failure 60812 obj_new 1.01161 SA_pAcc 1 Delta 0.234417 SA_r 0.433026 freedomratio 0.357664
Iter 3500000 pBad 0.39834 T 2.25046e-05 Obj 1.01094 Rho 0 GRdif 6.39868 success 988051 failure 118013 obj_new 1.01094 SA_pAcc 1.20443 Delta -0.326398 SA_r 0.327118 freedomratio 0.358318
Iter 4000000 pBad 0.257371 T 6.56634e-06 Obj 1.01017 Rho 0 GRdif 5.95207 success 1090178 failure 214454 obj_new 1.01017 SA_pAcc 1 Delta 0.056651 SA_r 0.176486 freedomratio 0.345476
Iter 4500000 pBad 0.141651 T 1.91591e-06 Obj 1.00953 Rho 0 GRdif 5.57977 success 1171231 failure 355807 obj_new 1.00953 SA_pAcc 0.977506 Delta 0.138335 SA_r 0.0600848 freedomratio 0.308661
Iter 5000000 pBad 0.0924409 T 5.59018e-07 Obj 1.0091 Rho 0 GRdif 5.3325 success 1228010 failure 553413 obj_new 1.00911 SA_pAcc 4.1191e-12 Delta 0.0453763 SA_r 0.259353 freedomratio 0.279335
Iter 5500000 pBad 0.0372014 T 1.63109e-07 Obj 1.00884 Rho 0 GRdif 5.17317 success 1261572 failure 811033 obj_new 1.00884 SA_pAcc 0.0110538 Delta -0.0341319 SA_r 0.324995 freedomratio 0.248416
Iter 6000000 pBad 0.019645 T 4.75915e-08 Obj 1.00871 Rho 0 GRdif 5.14989 success 1282131 failure 1111974 obj_new 1.0088 SA_pAcc 0 Delta -0.00457855 SA_r 0.613471 freedomratio 0.224256
Iter 6500000 pBad 0.0140808 T 1.38861e-08 Obj 1.00863 Rho 0 GRdif 5.06389 success 1294241 failure 1443476 obj_new 1.00865 SA_pAcc 0 Delta 0.00393737 SA_r 0.527678 freedomratio 0.212812
Iter 7000000 pBad 0.00528947 T 4.05165e-09 Obj 1.00857 Rho 0 GRdif 5.01671 success 1302056 failure 1793883 obj_new 1.00857 SA_pAcc 0.00160474 Delta 0.00203713 SA_r 0.84549 freedomratio 0.204238
Iter 7500000 pBad 0.00384812 T 1.18218e-09 Obj 1.00854 Rho 0 GRdif 4.9991 success 1307941 failure 2158721 obj_new 1.00854 SA_pAcc 4.14161e-07 Delta 0.000722101 SA_r 0.428929 freedomratio 0.195869
Iter 8000000 pBad 0.00324396 T 3.44933e-10 Obj 1.00852 Rho 0 GRdif 4.98656 success 1312862 failure 2534900 obj_new 1.00852 SA_pAcc 2.28934e-39 Delta -0.00159587 SA_r 0.860232 freedomratio 0.189128
Iter 8500000 pBad 0.000792351 T 1.00644e-10 Obj 1.00851 Rho 0 GRdif 4.99313 success 1315770 failure 2922921 obj_new 1.00853 SA_pAcc 0 Delta -0.000556644 SA_r 0.172271 freedomratio 0.185841
Iter 9000000 pBad 0.00029621 T 2.93655e-11 Obj 1.00851 Rho 0 GRdif 4.98091 success 1317387 failure 3316304 obj_new 1.00851 SA_pAcc 0 Delta 8.39483e-05 SA_r 0.955649 freedomratio 0.184615
Iter 9500000 pBad 0.000390119 T 8.5682e-12 Obj 1.0085 Rho 0 GRdif 5.06019 success 1318855 failure 3710952 obj_new 1.00864 SA_pAcc 0 Delta -0.000160412 SA_r 0.389075 freedomratio 0.183521
Iter 10000000 pBad 3.4302e-20 T 2.50001e-12 Obj 1.0085 Rho 0 GRdif 4.97627 success 1327969 failure 4078773 obj_new 1.0085 SA_pAcc 1 Delta 0 SA_r 0.591926 freedomratio 0.174119
Cannot move further
iter 9.9998e+06 obj1.0085 rho 0 GRdif 4.97627
Training:
Lab Growth Rates:
0.68 0.59 0.47 0.1 0.301 0.53 0.71 0.37 0.5 0.47 0.17 0.6 0.635 0.36 0.39 0.53 0.56 0.5 0.5 0.5 0.4 0.724 0.3 0.54 0.25 0.42 1.345 0.901 0.56 0.686 0.59 0.54 0.3 0.5 0.5 0.617 0.5 1.483 0.53 0.37 0.58 0.5 0.23 0.43 0.65 0.46 0.52 1.248 0.4 0.52 0.42 0.4 0.54 0.54 0.36 0.22 0.33 0.42 0.39 0.1 0.58 0.4 0.52 1.483 0.648 0.42 0.47 0.1 0.45 1.483 0.55 0.52 0.56 1.66 0.33 0.46 0.5 0.5 0.485 0.31 0.4 0.53 0.19 0.54 1.43 0.22 0.4 1.35 1.42 0.54 0.59 0.4 1.03 0.59 0.25 0.56 0.42 0.5 0.23 0.46 0.5 0.56 0.58 0.45 0.43 0.53 0.54 0.4 1.483 0.686 0.09 0.26 0.65 0.42 0.49 0.37 0.59 0.47 0.48 0.34 1.345 0.54 0.54 0.45 0.465 0.762 0.3 0.4 0.5 1.44 0.55 0.46 0.45 0.4 0.4 0.41 0.1 0.901 0.47 0.46 0.48 0.47 1.483 0.481 0.47 0.54 0.51 0.37 0.45 0.27 0.34 0.4 0.58 0.39 0.485 0.46 0.4 0.43 1.345 0.648 0.52 0.37 0.46 0.2 0.52 0.58 0.42 0.43 0.45 0.56 0.58 0.3 0.54 0.56 0.637 0.33 0.4 0.38 0.45 0.43 0.38 0.38 0.4 0.4 0.59 0.53 0.56 0.4 0.481 1.46 0.37 0.55 0.37 0.42 0.54 0.4 0.4 0.32 0.1 0.25 0.42 0.68 0.58 1.46 0.4 0.5 1.248 1.483 0.4 1.05 0.58 0.25 0.41 0.3 0.42 0.65 0.1 0.4 0.37 0.46 0.41 0.54 1.248 0.53 0.4 0.476 0.55 0.25 1.345 0.23 0.46 0.47 0.4 1.345 0.53 0.52 0.59 0.4 0.33 0.52 0.4 0.58 0.46 0.47 0.54 0.26 0.47 0.45 0.47 0.39 0.636 0.59 0.5 0.23 0.52 0.4 0.11 0.762 0.48 0.59 0.45 0.36 0.4 1.05 0.4 0.4 0.46 0.53 0.5 0.55 0.43 0.4 1.67 0.637 0.59 0.51 0.3 0.56 0.54 1.46 0.42 0.3 0.2 0.5 0.33 0.45 0.47 0.53 0.41 0.54 0.46 0.4 0.43 0.301 0.3 0.47 0.4 0.4 0.54 0.17 0.55 0.54 0.58 0.485 0.47 0.42 0.59 0.47 1.248 0.635 1.05 0.4 0.5 0.4 0.4 0.43 0.4 0.52 1.483 0.724 0.54 0.901 0.33 0.58 0.4 0.59 0.5 0.4 0.4 1.38 0.54 0.5 0.56 1.46 0.45 0.56 0.4 0.49 0.58 1.345 0.36 0.19 0.476 0.43 0.5 1.43 0.25 0.39 0.46 0.3 0.47 0.377 0.37 0.1 0.37 0.4 0.6 0.68 0.4 0.3 0.65 0.48 0.4 0.39 0.5 0.32 0.68 0.31 0.37 0.485 0.65 0.59 0.45 0.901 0.648 0.56 0.41 0.17 0.3 0.4 0.23 0.37 1.345 0.46 0.43 1.4 0.5 0.5 0.38 0.4 0.5 1.483 0.43 0.47 0.22 0.52 0.6 0.47 0.65 0.54 0.55 0.686 0.4 0.635 0.45 0.23 0.53 0.27 0.37 0.48 0.25 0.762 0.47 0.14 0.22 1.66 0.25 0.46 0.4 0.36 0.54 0.4 0.65 0.41 0.55 0.27 1.05 0.1 0.45 0.377 0.19 0.56 0.47 0.3 0.58 0.46 0.48 0.68 0.56 0.34 0.4 0.47 0.23 0.48 0.41 1.67 0.32 0.2 0.65 0.36 0.56 0.22 0.54 0.27 0.42 0.637 0.5 0.55 0.47 0.71 0.54 0.4 0.22 0.46 0.53 0.56 0.7 0.7 0.42 0.53 0.56 1.345 1.345 0.4 0.47 0.55 0.45 0.37 0.636 0.09 0.54 0.14 0.48 0.58 0.71 0.38 0.42 0.59 0.22 1.483 0.45 0.724 0.52 0.4 0.42 0.465 0.54 0.47 0.4 0.11 0.33 0.37 0.37 0.31 1.483 0.49 0.45 0.53 0.5 1.345 0.41 0.58 0.33 1.483 0.5 0.59 0.481 0.36 0.36 1.248 0.46 0.11 0.46 0.5 1.483 0.5 0.58 0.59 0.5 0.1 0.27 0.7 0.23 0.55 0.4 0.56 1.345 0.45 0.636 0.09 0.6 0.4 0.3 1.05 0.4 0.4 0.7 0.46 0.65 0.58 0.762 0.4 0.301 0.4 0.58 0.5 0.54 0.476 0.3 0.54 0.42 0.901 0.4 0.58 0.53 0.26 0.23 0.58 0.48 0.58 0.27 0.45 1.49 0.465 0.5 0.41 0.43 1.345 0.55 0.22 0.46 0.36 0.42 0.377 0.33 0.901 0.51 0.4
Dot Production Prediction of Lab Growth Rates:
0.682458 0.371327 0.382951 0.864386 0.532772 0.420241 0.683052 0.424833 0.428884 0.422696 0.446007 0.312688 0.686443 0.376803 0.36944 0.53005 0.53924 0.487471 0.388153 0.395346 0.398076 0.688989 0.312491 0.455136 0.38145 0.514428 0.817172 0.904719 0.534838 0.693607 0.543306 0.390306 0.309486 0.359714 0.478552 0.616785 0.362306 0.804037 0.451378 0.416229 0.483284 0.527741 0.526095 0.386953 0.649593 0.366282 0.416386 0.934108 0.400896 0.397705 0.346284 0.400689 0.413943 0.37443 0.441411 0.398008 0.478814 0.36516 0.342836 0.568271 0.462042 0.401406 0.412163 0.783916 0.683764 0.421502 0.371454 0.95873 0.363736 0.780034 0.542186 0.382524 0.537949 1.65773 0.354165 0.414503 0.493241 0.503389 0.526453 0.500499 0.402911 0.418403 0.367877 0.395727 1.43462 0.46789 0.39968 1.34999 1.4647 0.407278 0.359424 0.402019 1.03 0.38048 0.488977 0.480002 0.348436 0.542225 0.523636 0.401823 0.477389 0.532707 0.469178 0.34401 0.401818 0.323919 0.459947 0.391729 0.803547 0.688599 0.38751 0.390072 0.661238 0.362268 0.402443 0.33522 0.361496 0.368413 0.353906 0.358747 0.802858 0.393311 0.38397 0.411746 0.526434 0.920939 0.278338 0.401992 0.366933 1.48187 0.542213 0.43575 0.368114 0.402378 0.397349 0.396642 0.429078 0.901033 0.396545 0.475025 0.380987 0.398053 0.767673 0.519254 0.393568 0.547969 0.435342 0.401468 0.371112 0.386641 0.352362 0.400642 0.406315 0.355055 0.518312 0.466924 0.405185 0.426138 0.840456 0.691585 0.369709 0.434965 0.400423 0.397984 0.409541 0.470381 0.531525 0.395662 1.44703 0.53289 0.473302 0.299686 0.390386 0.532188 0.682056 0.402146 0.399901 0.341834 1.43351 0.384145 0.348813 0.390662 0.402544 0.401336 0.360637 0.532999 0.539779 0.394636 0.519756 1.33 0.414661 0.552735 0.4072 0.361948 0.542281 0.394868 0.403981 0.354167 0.369624 0.374215 0.377607 0.68277 0.470779 0.97309 0.3998 0.418227 0.95443 0.764538 0.4004 1.05 0.462766 1.46852 0.41605 0.308652 0.365911 0.662972 0.798024 0.397605 0.418284 0.458973 0.526942 0.450514 0.943374 0.442344 0.394325 0.534131 0.463423 0.349769 0.804917 0.531828 0.461108 0.40875 0.397254 0.787484 0.389603 0.398799 0.538838 0.402695 0.383213 0.400928 0.398327 0.398378 0.455344 0.401253 0.540257 0.431237 0.37868 0.417982 0.390968 0.390892 0.675014 0.362368 0.509859 0.532198 0.398536 0.399607 0.36699 0.925534 0.371375 0.550471 1.42817 0.388114 0.398515 1.04939 0.403534 0.402192 0.414423 0.537713 0.53617 0.551995 0.430427 0.398896 1.46157 0.682915 0.345013 0.417633 0.387962 0.542108 0.544551 1.00031 0.371963 0.404808 0.403034 0.5026 0.448138 1.45335 0.377994 0.523526 0.528219 0.360555 0.3379 0.399815 0.417199 0.532449 0.302573 0.441272 0.401489 0.401175 0.446704 0.351605 0.458968 0.387633 0.378741 0.524934 0.404978 0.368015 0.550537 0.402283 0.938128 0.68574 1.33784 0.402352 0.500049 0.396269 0.399149 0.397527 0.357705 0.391147 0.819607 0.684835 0.537458 0.899612 0.347723 0.476838 0.399906 0.542372 0.469327 0.399961 0.397731 1.02456 0.414079 0.360181 0.536387 1.00698 0.397404 0.477793 0.400057 0.421432 0.420479 0.78956 0.435226 0.379328 0.533375 0.419881 0.477512 1.41251 0.583416 0.357219 0.460128 0.318572 0.449838 0.531802 0.445792 0.789262 0.43987 0.402817 0.311419 0.666647 0.401968 0.302792 0.649647 0.368713 0.400859 0.370944 0.462014 0.371713 0.674502 0.505195 0.420085 0.518493 0.635419 0.372637 0.363506 0.901088 0.68721 0.47935 0.354834 0.356784 0.324358 0.401563 0.436156 0.412697 0.79184 0.489469 0.402337 1.43577 0.366627 0.499448 0.354678 0.392674 0.367851 0.808643 0.395331 0.406555 0.476766 0.422581 0.312571 0.374391 0.636482 0.401089 0.553152 0.692094 0.406018 0.686787 0.388554 0.434986 0.394062 0.374695 0.420512 0.337966 0.465562 0.898726 0.445195 0.140339 0.415693 1.66 0.380155 0.376357 0.400483 0.362428 0.539763 0.397525 0.671372 0.4005 0.444748 0.537996 1.00748 1.34466 0.392994 0.532056 0.365371 0.470497 0.395235 0.259056 0.471595 0.465332 0.3402 0.680022 0.530125 0.369203 0.392877 0.384498 0.537188 0.337443 0.407573 1.44492 0.361825 0.37573 0.651073 0.365485 0.535482 0.444895 0.350269 0.38979 0.377078 0.680177 0.501011 0.543212 0.465371 0.693317 0.450142 0.403153 0.463863 0.353974 0.479202 0.523659 0.701852 0.703136 0.530488 0.363517 0.467023 0.809175 0.838818 0.399765 0.397063 0.464109 1.50048 0.440589 0.690218 0.372193 0.459511 0.139242 0.355989 0.469875 0.686688 0.394043 0.370017 0.544937 0.466074 0.801849 0.353715 0.689309 0.403326 0.399956 0.3794 0.530326 0.539596 0.452878 0.400307 0.401556 0.395023 0.493368 0.436127 0.498135 0.788074 0.406072 0.412503 0.527214 0.526904 0.812207 0.527101 0.349329 0.354159 0.777122 0.485556 0.368053 0.521263 0.381023 0.393066 0.941002 0.469209 0.39868 0.429543 0.526328 0.777573 0.351466 0.396101 0.538015 0.482424 0.435107 0.331986 0.699932 0.433728 0.457575 0.401581 0.468272 0.812857 1.48115 0.688676 0.4604 0.308473 0.401657 0.355452 1.05386 0.396539 0.394272 0.692311 0.46068 0.622779 0.47986 0.906582 0.397102 0.538074 0.397167 0.355481 0.408922 0.38287 0.532338 0.300006 0.340999 0.368272 0.900894 0.402017 0.387566 0.526618 0.506702 0.525381 0.476454 0.400129 0.391264 0.389775 1.50106 1.50106 0.532846 0.473659 0.373822 0.410335 0.784555 0.460154 0.465307 0.412844 0.365791 0.347564 0.530321 0.469675 0.900986 0.428221 0.358414
Testing:
Lab Growth Rates:
0.5
Dot Production Prediction of Lab Growth Rates:
0.526041
Best performance so far: 
Obj: 4.64579e-310Rho: 2.26291e-314Diff: 4.64579e-310
Anneal again with the best G and E so far as input
Cycle 2Round 1
Iter 500000 pBad 0.947802 T 0.0364723 Obj 1.10447 Rho 0 GRdif 58.4262 success 117947 failure 1185 obj_new 1.10447 SA_pAcc 1 Delta -0.835395 SA_r 0.548124 freedomratio 0.279335
Iter 1000000 pBad 0.885539 T 0.0106418 Obj 1.05184 Rho 0 GRdif 29.72 success 236246 failure 4865 obj_new 1.05184 SA_pAcc 0.950421 Delta -0.0626014 SA_r 0.859764 freedomratio 0.283374
Iter 1500000 pBad 0.83295 T 0.00310503 Obj 1.03801 Rho 0 GRdif 21.9346 success 353912 failure 11197 obj_new 1.03801 SA_pAcc 1.01203 Delta 0.025181 SA_r 0.469441 freedomratio 0.28641
Iter 2000000 pBad 0.811289 T 0.000905977 Obj 1.02077 Rho 0 GRdif 12.0877 success 470017 failure 20679 obj_new 1.02077 SA_pAcc 1.22824 Delta -0.756369 SA_r 0.30642 freedomratio 0.288518
Iter 2500000 pBad 0.723488 T 0.000264343 Obj 1.01588 Rho 0 GRdif 9.26382 success 584642 failure 33833 obj_new 1.01588 SA_pAcc 1.06619 Delta -0.0839133 SA_r 0.63212 freedomratio 0.282964
Iter 3000000 pBad 0.579384 T 7.71294e-05 Obj 1.01338 Rho 0 GRdif 7.81661 success 692666 failure 59440 obj_new 1.01338 SA_pAcc 0.820508 Delta 0.306678 SA_r 0.0703055 freedomratio 0.276056
Iter 3500000 pBad 0.378736 T 2.25046e-05 Obj 1.0125 Rho 0 GRdif 7.30298 success 790788 failure 106357 obj_new 1.0125 SA_pAcc 0.444115 Delta 0.336134 SA_r 0.359176 freedomratio 0.273234
Iter 4000000 pBad 0.253317 T 6.56634e-06 Obj 1.01133 Rho 0 GRdif 6.62523 success 873973 failure 185414 obj_new 1.01133 SA_pAcc 1 Delta -0.233876 SA_r 0.841889 freedomratio 0.26427
Iter 4500000 pBad 0.128735 T 1.91591e-06 Obj 1.01053 Rho 0 GRdif 6.16188 success 939693 failure 304409 obj_new 1.01053 SA_pAcc 1 Delta -2.16242e-05 SA_r 0.182067 freedomratio 0.25096
Iter 5000000 pBad 0.0674437 T 5.59018e-07 Obj 1.01009 Rho 0 GRdif 5.90468 success 984544 failure 477280 obj_new 1.01009 SA_pAcc 1 Delta -0.0395395 SA_r 0.268724 freedomratio 0.221719
Iter 5500000 pBad 0.0378329 T 1.63109e-07 Obj 1.00985 Rho 0 GRdif 5.87312 success 1013679 failure 698643 obj_new 1.01004 SA_pAcc 0 Delta -0.00654707 SA_r 0.332528 freedomratio 0.203531
Iter 6000000 pBad 0.017976 T 4.75915e-08 Obj 1.00968 Rho 0 GRdif 5.66678 success 1031854 failure 959089 obj_new 1.00968 SA_pAcc 3.19957e-36 Delta 0.0112303 SA_r 0.537375 freedomratio 0.188946
Iter 6500000 pBad 0.0123385 T 1.38861e-08 Obj 1.00962 Rho 0 GRdif 5.63239 success 1041728 failure 1253352 obj_new 1.00962 SA_pAcc 1 Delta 0.00990785 SA_r 0.609189 freedomratio 0.180037
Iter 7000000 pBad 0.0048944 T 4.05165e-09 Obj 1.00959 Rho 0 GRdif 5.60938 success 1048872 failure 1564837 obj_new 1.00959 SA_pAcc 1 Delta -0.0015554 SA_r 0.902672 freedomratio 0.173349
Iter 7500000 pBad 0.00542202 T 1.18218e-09 Obj 1.00956 Rho 0 GRdif 5.59716 success 1053527 failure 1892574 obj_new 1.00956 SA_pAcc 1.21096e-25 Delta 0.00201612 SA_r 0.546081 freedomratio 0.167569
Iter 8000000 pBad 0.00127896 T 3.44933e-10 Obj 1.00956 Rho 0 GRdif 5.59208 success 1055823 failure 2232196 obj_new 1.00956 SA_pAcc 1.73095e-25 Delta 0.000772788 SA_r 0.595461 freedomratio 0.165308
Iter 8500000 pBad 0.0010332 T 1.00644e-10 Obj 1.00955 Rho 0 GRdif 5.59013 success 1057808 failure 2575535 obj_new 1.00955 SA_pAcc 0 Delta -0.000237402 SA_r 0.0342563 freedomratio 0.16356
Iter 9000000 pBad 0.000456557 T 2.93655e-11 Obj 1.00955 Rho 0 GRdif 5.59026 success 1059288 failure 2923988 obj_new 1.00955 SA_pAcc 0 Delta -0.000105058 SA_r 0.328175 freedomratio 0.161894
Iter 9500000 pBad 0.000900482 T 8.5682e-12 Obj 1.00954 Rho 0 GRdif 5.58549 success 1061521 failure 3273381 obj_new 1.00954 SA_pAcc 1 Delta -0.000660463 SA_r 0.199758 freedomratio 0.161008
Good enough
iter 9.99978e+06 obj1.00954 rho 0 GRdif 5.58396
Training:
Lab Growth Rates:
0.68 0.59 0.47 0.1 0.301 0.53 0.71 0.37 0.5 0.47 0.17 0.6 0.635 0.36 0.39 0.53 0.56 0.5 0.5 0.5 0.4 0.724 0.3 0.54 0.25 0.42 1.345 0.901 0.56 0.686 0.59 0.54 0.3 0.5 0.5 0.617 0.5 1.483 0.53 0.37 0.58 0.5 0.23 0.43 0.65 0.46 0.52 1.248 0.4 0.52 0.42 0.4 0.54 0.54 0.36 0.22 0.33 0.42 0.39 0.1 0.58 0.4 0.52 1.483 0.648 0.42 0.47 0.1 0.45 1.483 0.55 0.52 0.56 1.66 0.33 0.46 0.5 0.5 0.485 0.31 0.4 0.53 0.19 0.54 1.43 0.22 0.4 1.35 1.42 0.54 0.59 0.4 1.03 0.59 0.25 0.56 0.42 0.5 0.23 0.46 0.5 0.56 0.58 0.45 0.43 0.53 0.54 0.4 1.483 0.686 0.09 0.26 0.65 0.42 0.49 0.37 0.59 0.47 0.48 0.34 1.345 0.54 0.54 0.45 0.465 0.762 0.3 0.4 0.5 1.44 0.55 0.46 0.45 0.4 0.4 0.41 0.1 0.901 0.47 0.46 0.48 0.47 1.483 0.481 0.47 0.54 0.51 0.37 0.45 0.27 0.34 0.4 0.58 0.39 0.485 0.46 0.4 0.43 1.345 0.648 0.52 0.37 0.46 0.2 0.52 0.58 0.42 0.43 0.45 0.56 0.58 0.3 0.54 0.56 0.637 0.33 0.4 0.38 0.45 0.43 0.38 0.38 0.4 0.4 0.59 0.53 0.56 0.4 0.481 1.46 0.37 0.55 0.37 0.42 0.54 0.4 0.4 0.32 0.1 0.25 0.42 0.68 0.58 1.46 0.4 0.5 1.248 1.483 0.4 1.05 0.58 0.25 0.41 0.3 0.42 0.65 0.1 0.4 0.37 0.46 0.41 0.54 1.248 0.53 0.4 0.476 0.55 0.25 1.345 0.23 0.46 0.47 0.4 1.345 0.53 0.52 0.59 0.4 0.33 0.52 0.4 0.58 0.46 0.47 0.54 0.26 0.47 0.45 0.47 0.39 0.636 0.59 0.5 0.23 0.52 0.4 0.11 0.762 0.48 0.59 0.45 0.36 0.4 1.05 0.4 0.4 0.46 0.53 0.5 0.55 0.43 0.4 1.67 0.637 0.59 0.51 0.3 0.56 0.54 1.46 0.42 0.3 0.2 0.5 0.33 0.45 0.47 0.53 0.41 0.54 0.46 0.4 0.43 0.301 0.3 0.47 0.4 0.4 0.54 0.17 0.55 0.54 0.58 0.485 0.47 0.42 0.59 0.47 1.248 0.635 1.05 0.4 0.5 0.4 0.4 0.43 0.4 0.52 1.483 0.724 0.54 0.901 0.33 0.58 0.4 0.59 0.5 0.4 0.4 1.38 0.54 0.5 0.56 1.46 0.45 0.56 0.4 0.49 0.58 1.345 0.36 0.19 0.476 0.43 0.5 1.43 0.25 0.39 0.46 0.3 0.47 0.377 0.37 0.1 0.37 0.4 0.6 0.68 0.4 0.3 0.65 0.48 0.4 0.39 0.5 0.32 0.68 0.31 0.37 0.485 0.65 0.59 0.45 0.901 0.648 0.56 0.41 0.17 0.3 0.4 0.23 0.37 1.345 0.46 0.43 1.4 0.5 0.5 0.38 0.4 0.5 1.483 0.43 0.47 0.22 0.52 0.6 0.47 0.65 0.54 0.55 0.686 0.4 0.635 0.45 0.23 0.53 0.27 0.37 0.48 0.25 0.762 0.47 0.14 0.22 1.66 0.25 0.46 0.4 0.36 0.54 0.4 0.65 0.41 0.55 0.27 1.05 0.1 0.45 0.377 0.19 0.56 0.47 0.3 0.58 0.46 0.48 0.68 0.56 0.34 0.4 0.47 0.23 0.48 0.41 1.67 0.32 0.2 0.65 0.36 0.56 0.22 0.54 0.27 0.42 0.637 0.5 0.55 0.47 0.71 0.54 0.4 0.22 0.46 0.53 0.56 0.7 0.7 0.42 0.53 0.56 1.345 1.345 0.4 0.47 0.55 0.45 0.37 0.636 0.09 0.54 0.14 0.48 0.58 0.71 0.38 0.42 0.59 0.22 1.483 0.45 0.724 0.52 0.4 0.42 0.465 0.54 0.47 0.4 0.11 0.33 0.37 0.37 0.31 1.483 0.49 0.45 0.53 0.5 1.345 0.41 0.58 0.33 1.483 0.5 0.59 0.481 0.36 0.36 1.248 0.46 0.11 0.46 0.5 1.483 0.5 0.58 0.59 0.5 0.1 0.27 0.7 0.23 0.55 0.4 0.56 1.345 0.45 0.636 0.09 0.6 0.4 0.3 1.05 0.4 0.4 0.7 0.46 0.65 0.58 0.762 0.4 0.301 0.4 0.58 0.5 0.54 0.476 0.3 0.54 0.42 0.901 0.4 0.58 0.53 0.26 0.23 0.58 0.48 0.58 0.27 0.45 1.49 0.465 0.5 0.41 0.43 1.345 0.55 0.22 0.46 0.36 0.42 0.377 0.33 0.901 0.51 0.4
Dot Production Prediction of Lab Growth Rates:
0.681778 0.377809 0.395662 2.04345 0.428534 0.428954 0.707904 0.449206 0.428854 0.426532 0.455278 0.30469 0.708947 0.391184 0.376037 0.543869 0.543847 0.475204 0.39733 0.40594 0.399324 0.711324 0.307206 0.467227 0.380723 0.501457 0.74507 0.901 0.531957 0.714321 0.54496 0.396963 0.303961 0.357963 0.468451 0.616987 0.365668 0.734148 0.452604 0.443571 0.467979 0.543917 0.540059 0.405492 0.652333 0.362608 0.435433 1.2373 0.402087 0.403281 0.341632 0.404411 0.428442 0.377614 0.449475 0.399009 0.481931 0.380226 0.341958 0.603114 0.467473 0.403645 0.417092 0.70983 0.707179 0.42434 0.391342 2.20498 0.378432 0.743728 0.549567 0.392687 0.5429 1.65613 0.365812 0.42211 0.506012 0.497299 0.417448 0.503383 0.406526 0.445822 0.370066 0.392111 1.43065 0.476504 0.402182 1.35 1.50629 0.409606 0.352753 0.405215 1.03 0.395727 0.494225 0.471926 0.360938 0.535796 0.539628 0.40752 0.486102 0.540831 0.466099 0.354119 0.410523 0.330777 0.471169 0.392272 0.748575 0.712506 0.404712 0.376701 0.650001 0.374105 0.413543 0.333791 0.371027 0.373171 0.351817 0.348558 0.72972 0.397963 0.392851 0.427476 0.417733 1.39477 0.280544 0.402653 0.380185 1.49137 0.550401 0.447383 0.379201 0.401552 0.393706 0.403 0.444027 0.901971 0.397084 0.480155 0.368709 0.395726 0.731561 0.417723 0.400214 0.548986 0.445377 0.412065 0.384981 0.398512 0.346529 0.400393 0.404349 0.355632 0.415113 0.468778 0.405185 0.429478 0.782151 0.709478 0.375444 0.463687 0.406981 0.393574 0.427725 0.463294 0.503265 0.397779 1.46706 0.541719 0.472712 0.300965 0.403017 0.545595 0.706153 0.405275 0.403903 0.341139 1.44655 0.4021 0.351581 0.39951 0.405985 0.400437 0.347248 0.539762 0.545906 0.396672 0.414841 1.28539 0.443386 0.549445 0.412703 0.351167 0.544335 0.396159 0.4042 0.342919 0.392203 0.380872 0.386917 0.682534 0.466843 0.946801 0.399108 0.414807 1.25942 0.731923 0.402179 1.05186 0.465564 1.49289 0.425247 0.303152 0.369356 0.666367 1.937 0.398294 0.447104 0.462599 0.419414 0.471068 1.24843 0.448075 0.390831 0.420295 0.483268 0.34282 0.747936 0.537664 0.457466 0.418266 0.39459 0.717394 0.399297 0.403531 0.54966 0.404528 0.381505 0.397875 0.399503 0.392417 0.455743 0.403236 0.542442 0.433813 0.39918 0.431523 0.397782 0.40275 0.705682 0.360626 0.514678 0.546215 0.397051 0.400547 0.379178 1.40071 0.36806 0.549804 1.45784 0.388106 0.398169 1.03849 0.405188 0.405252 0.440124 0.545621 0.554484 0.548499 0.444785 0.401598 1.49447 0.707055 0.344001 0.421889 0.400404 0.546011 0.546957 0.980887 0.362437 0.418867 0.397166 0.510385 0.458854 1.45719 0.392724 0.52976 0.420147 0.354547 0.335664 0.395778 0.431867 0.430021 0.301982 0.436255 0.403277 0.402171 0.456949 0.359497 0.473082 0.38967 0.380047 0.41721 0.403887 0.35971 0.550525 0.406515 1.23941 0.712464 1.32827 0.402141 0.502669 0.393889 0.400822 0.408365 0.357502 0.412791 0.734424 0.709073 0.543082 1.21245 0.345321 0.478223 0.402361 0.548789 0.464251 0.39972 0.398247 0.994955 0.449219 0.364036 0.536321 0.984906 0.422177 0.472969 0.399545 0.425079 0.421545 0.757699 0.438583 0.382126 0.419817 0.426717 0.468707 1.41006 0.591053 0.358231 0.462599 0.311718 0.438935 0.423801 0.448886 1.89469 0.466075 0.40152 0.302765 0.671494 0.402072 0.298748 0.653847 0.369151 0.400814 0.37834 0.479097 0.378112 0.678818 0.518668 0.447051 0.414714 0.635925 0.384063 0.378719 0.900028 0.706188 0.470269 0.349385 0.366549 0.32496 0.401854 0.463006 0.444341 0.759677 0.494433 0.417558 1.54574 0.374519 0.503556 0.350212 0.391785 0.373016 0.76544 0.409238 0.412114 0.478271 0.415255 0.307284 0.39662 0.6455 0.415658 0.549292 0.712178 0.40174 0.709042 0.401444 0.463532 0.400349 0.371256 0.428225 0.344669 0.469342 1.383 0.433334 0.140172 0.422803 1.66 0.382043 0.403783 0.401645 0.371372 0.539188 0.398881 0.659543 0.418016 0.471583 0.538042 0.961411 1.39284 0.400524 0.42237 0.366862 0.474971 0.409438 0.264008 0.470666 0.461281 0.350082 0.679533 0.53758 0.359599 0.389357 0.388593 0.539996 0.335934 0.427201 1.54599 0.367451 0.383815 0.649073 0.37191 0.543415 0.456679 0.371255 0.395009 0.374573 0.707091 0.500234 0.551922 0.461281 0.711671 0.463707 0.404046 0.466991 0.341275 0.480051 0.537371 0.698331 0.700539 0.503501 0.376797 0.46996 0.737502 0.760232 0.402244 0.393264 0.480888 1.49526 0.444295 0.710503 0.384382 0.473317 0.138814 0.352049 0.472611 0.709008 0.391073 0.373439 0.546191 0.470073 0.71497 0.365939 0.709042 0.415597 0.399805 0.388345 0.418018 0.539457 0.466497 0.39946 0.427161 0.403279 0.500698 0.465137 0.509678 0.742115 0.40666 0.412974 0.529449 0.536771 0.76332 0.420393 0.345683 0.355888 0.725564 0.48731 0.373106 0.417535 0.396187 0.390905 1.24778 0.472832 0.412766 0.439544 0.536641 0.710159 0.345639 0.405292 0.551242 0.472308 0.446748 0.327282 0.700065 0.462963 0.478491 0.401368 0.469946 0.726399 1.46876 0.708434 0.467826 0.301503 0.401874 0.371509 1.04997 0.393153 0.390812 0.698838 0.468825 0.632535 0.466701 1.38814 0.39594 0.432704 0.398213 0.365638 0.398047 0.392468 0.421437 0.300003 0.344171 0.370658 0.89814 0.401347 0.395982 0.5342 0.491775 0.542863 0.467696 0.38406 0.400301 0.401889 1.51288 1.51288 0.421473 0.467773 0.390675 0.424872 0.74705 0.475701 0.472128 0.428253 0.367632 0.335208 0.424278 0.482781 0.901 0.439371 0.361921
Testing:
Lab Growth Rates:
0.5
Dot Production Prediction of Lab Growth Rates:
0.546147
Best performance so far: 
Obj: 4.64579e-310Rho: 6.5069e-314Diff: 4.64579e-310
Test:
 Lab Growth Rates:
0.5Dot Product Prediction of Growth Rate:
0.5461473