seed =  5 traits =  1 
Training: part  109 
Training: part  109 
Round  1 
 Goal of obj  0.99 
Temperature range:  0.125 1e-12 
Cycle 1Round 1
Iter 500000 pBad 0.944831 T 0.034839 Obj 1.14232 Rho 0 GRdif 78.2405 success 148326 failure 1618 obj_new 1.14232 SA_pAcc 1 Delta 0 SA_r 0.522471 freedomratio 0.369811
Iter 1000000 pBad 0.889523 T 0.00971002 Obj 1.06092 Rho 0 GRdif 34.77 success 294917 failure 6010 obj_new 1.06092 SA_pAcc 1 Delta 0.795402 SA_r 0.975057 freedomratio 0.364087
Iter 1500000 pBad 0.854408 T 0.00270629 Obj 1.03122 Rho 0 GRdif 18.0793 success 441307 failure 12568 obj_new 1.03122 SA_pAcc 1 Delta 0.259294 SA_r 0.146826 freedomratio 0.373571
Iter 2000000 pBad 0.802671 T 0.000754274 Obj 1.01833 Rho 0 GRdif 10.6827 success 586065 failure 22372 obj_new 1.01833 SA_pAcc 1 Delta -0.155391 SA_r 0.405359 freedomratio 0.371681
Iter 2500000 pBad 0.723583 T 0.000210225 Obj 1.01422 Rho 0 GRdif 8.30486 success 727974 failure 38767 obj_new 1.01422 SA_pAcc 1 Delta -0.578369 SA_r 0.213965 freedomratio 0.372624
Iter 3000000 pBad 0.581481 T 5.8592e-05 Obj 1.01224 Rho 0 GRdif 7.15622 success 862001 failure 70459 obj_new 1.01224 SA_pAcc 1.45411 Delta -0.362033 SA_r 0.131572 freedomratio 0.368421
Iter 3500000 pBad 0.359417 T 1.63302e-05 Obj 1.01066 Rho 0 GRdif 6.23413 success 980500 failure 134577 obj_new 1.01066 SA_pAcc 0.363325 Delta 0.317569 SA_r 0.0459352 freedomratio 0.3581
Iter 4000000 pBad 0.198235 T 4.55142e-06 Obj 1.01 Rho 0 GRdif 5.8505 success 1075554 failure 246250 obj_new 1.01 SA_pAcc 0.59897 Delta 0.112661 SA_r 0.37216 freedomratio 0.334281
Iter 4500000 pBad 0.100807 T 1.26853e-06 Obj 1.00952 Rho 0 GRdif 5.57283 success 1146581 failure 409453 obj_new 1.00952 SA_pAcc 1 Delta -0.0596588 SA_r 0.795242 freedomratio 0.29712
Iter 5000000 pBad 0.0554462 T 3.53554e-07 Obj 1.00905 Rho 0 GRdif 5.29852 success 1191726 failure 635629 obj_new 1.00905 SA_pAcc 1 Delta -0.0183227 SA_r 0.838029 freedomratio 0.265104
Iter 5500000 pBad 0.0251338 T 9.85396e-08 Obj 1.00882 Rho 0 GRdif 5.16326 success 1218948 failure 914883 obj_new 1.00882 SA_pAcc 1 Delta 0.00907116 SA_r 0.57387 freedomratio 0.231496
Iter 6000000 pBad 0.0147652 T 2.74641e-08 Obj 1.00874 Rho 0 GRdif 5.11521 success 1234153 failure 1236080 obj_new 1.00874 SA_pAcc 9.7834e-23 Delta 0.0126349 SA_r 0.922165 freedomratio 0.216256
Iter 6500000 pBad 0.00969843 T 7.65455e-09 Obj 1.00868 Rho 0 GRdif 5.09956 success 1244137 failure 1579792 obj_new 1.00871 SA_pAcc 0 Delta -0.00530164 SA_r 0.956743 freedomratio 0.205594
Iter 7000000 pBad 0.00437733 T 2.13341e-09 Obj 1.00867 Rho 0 GRdif 5.11201 success 1249575 failure 1942639 obj_new 1.00873 SA_pAcc 0 Delta -0.00105815 SA_r 0.186825 freedomratio 0.200136
Iter 7500000 pBad 0.00102756 T 5.94605e-10 Obj 1.00866 Rho 0 GRdif 5.07161 success 1252422 failure 2313745 obj_new 1.00866 SA_pAcc 1 Delta -0.000780007 SA_r 0.872254 freedomratio 0.197382
Iter 8000000 pBad 0.00187401 T 1.65723e-10 Obj 1.00866 Rho 0 GRdif 5.08407 success 1254333 failure 2689807 obj_new 1.00868 SA_pAcc 0 Delta -0.00184304 SA_r 0.424007 freedomratio 0.196458
Iter 8500000 pBad 0.000562744 T 4.61889e-11 Obj 1.00865 Rho 0 GRdif 5.0695 success 1255655 failure 3067908 obj_new 1.00866 SA_pAcc 0 Delta -0.000381661 SA_r 0.863399 freedomratio 0.194702
Iter 9000000 pBad 0.000103481 T 1.28734e-11 Obj 1.00865 Rho 0 GRdif 5.07107 success 1257674 failure 3446585 obj_new 1.00866 SA_pAcc 0 Delta -3.89568e-05 SA_r 0.29802 freedomratio 0.193804
Iter 9500000 pBad 0.000357458 T 3.58795e-12 Obj 1.00865 Rho 0 GRdif 5.08936 success 1260975 failure 3819700 obj_new 1.00869 SA_pAcc 0 Delta -0.00012744 SA_r 0.304736 freedomratio 0.191718
Iter 10000000 pBad 3.40756e-26 T 1e-12 Obj 1.00865 Rho 0 GRdif 5.15274 success 1266855 failure 4125921 obj_new 1.0088 SA_pAcc 0 Delta 0 SA_r 0.183359 freedomratio 0.180645
Cannot move further
iter 9.82911e+06 obj1.00865 rho 0 GRdif 5.06222
Training:
Lab Growth Rates:
0.68 0.59 0.47 0.1 0.301 0.53 0.71 0.37 0.5 0.47 0.17 0.6 0.635 0.36 0.39 0.53 0.56 0.5 0.5 0.5 0.4 0.724 0.3 0.54 0.25 0.42 1.345 0.901 0.56 0.686 0.59 0.54 0.3 0.5 0.5 0.617 0.5 1.483 0.53 0.37 0.58 0.5 0.23 0.43 0.65 0.46 0.52 1.248 0.4 0.52 0.42 0.4 0.54 0.54 0.36 0.22 0.33 0.42 0.39 0.1 0.58 0.4 0.52 1.483 0.648 0.42 0.47 0.1 0.45 1.483 0.55 0.52 0.56 1.66 0.33 0.46 0.5 0.5 0.485 0.31 0.4 0.53 0.19 0.54 1.43 0.22 0.4 1.35 1.42 0.54 0.59 0.4 1.03 0.59 0.25 0.56 0.42 0.5 0.23 0.46 0.5 0.56 0.58 0.45 0.43 0.53 0.54 0.4 1.483 0.686 0.09 0.26 0.65 0.42 0.49 0.37 0.59 0.47 0.48 0.34 1.345 0.54 0.54 0.45 0.465 0.762 0.3 0.4 0.5 1.44 0.55 0.46 0.45 0.4 0.4 0.41 0.1 0.901 0.47 0.46 0.48 0.47 1.483 0.481 0.47 0.54 0.51 0.37 0.45 0.27 0.34 0.4 0.58 0.39 0.485 0.46 0.4 0.43 1.345 0.648 0.52 0.37 0.46 0.2 0.52 0.58 0.42 0.43 0.45 0.56 0.58 0.3 0.54 0.56 0.637 0.33 0.4 0.38 0.45 0.43 0.38 0.38 0.4 0.4 0.59 0.53 0.56 0.4 0.481 1.46 0.37 0.55 0.37 0.42 0.54 0.4 0.4 0.32 0.1 0.25 0.42 0.68 0.58 1.46 0.4 0.5 1.248 1.483 0.4 1.05 0.58 0.25 0.41 0.3 0.42 0.65 0.1 0.4 0.37 0.46 0.41 0.54 1.248 0.53 0.4 0.476 0.55 0.25 1.345 0.23 0.46 0.47 0.4 1.345 0.53 0.52 0.59 0.4 0.33 0.52 0.4 0.58 0.46 0.47 0.54 0.26 0.47 0.45 0.47 0.39 0.636 0.59 0.5 0.23 0.52 0.4 0.11 0.762 0.48 0.59 0.45 0.36 0.4 1.05 0.4 0.4 0.46 0.53 0.5 0.55 0.43 0.4 1.67 0.637 0.59 0.51 0.3 0.56 0.54 1.46 0.42 0.3 0.2 0.5 0.33 0.45 0.47 0.53 0.41 0.54 0.46 0.4 0.43 0.301 0.3 0.47 0.4 0.4 0.54 0.17 0.55 0.54 0.58 0.485 0.47 0.42 0.59 0.47 1.248 0.635 1.05 0.4 0.5 0.4 0.4 0.43 0.4 0.52 1.483 0.724 0.54 0.901 0.33 0.58 0.4 0.59 0.5 0.4 0.4 1.38 0.54 0.5 0.56 1.46 0.45 0.56 0.4 0.49 0.58 1.345 0.36 0.19 0.476 0.43 0.5 1.43 0.25 0.39 0.46 0.3 0.47 0.377 0.37 0.1 0.37 0.4 0.6 0.68 0.4 0.3 0.65 0.48 0.4 0.39 0.5 0.32 0.68 0.31 0.37 0.485 0.65 0.59 0.45 0.901 0.648 0.56 0.41 0.17 0.3 0.4 0.23 0.37 1.345 0.46 0.43 1.4 0.5 0.5 0.38 0.4 0.5 1.483 0.43 0.47 0.22 0.52 0.6 0.47 0.65 0.54 0.55 0.686 0.4 0.635 0.45 0.23 0.53 0.27 0.37 0.48 0.25 0.762 0.47 0.14 0.22 1.66 0.25 0.46 0.4 0.36 0.54 0.4 0.65 0.41 0.55 0.27 1.05 0.1 0.45 0.377 0.19 0.56 0.47 0.3 0.58 0.46 0.48 0.68 0.56 0.34 0.4 0.47 0.23 0.48 0.41 1.67 0.32 0.2 0.65 0.36 0.56 0.22 0.54 0.27 0.42 0.637 0.5 0.55 0.47 0.71 0.54 0.4 0.22 0.46 0.53 0.56 0.7 0.7 0.42 0.53 0.56 1.345 1.345 0.4 0.47 0.55 0.45 0.37 0.636 0.09 0.54 0.14 0.48 0.58 0.71 0.38 0.42 0.59 0.22 1.483 0.45 0.724 0.52 0.4 0.42 0.465 0.54 0.47 0.4 0.11 0.33 0.37 0.37 0.31 1.483 0.49 0.45 0.53 0.5 1.345 0.41 0.58 0.33 1.483 0.5 0.59 0.481 0.36 0.36 1.248 0.46 0.11 0.46 0.5 1.483 0.5 0.58 0.59 0.5 0.1 0.27 0.7 0.23 0.55 0.4 0.56 1.345 0.45 0.636 0.09 0.5 0.4 0.3 1.05 0.4 0.4 0.7 0.46 0.65 0.58 0.762 0.4 0.301 0.4 0.58 0.5 0.54 0.476 0.3 0.54 0.42 0.901 0.4 0.58 0.53 0.26 0.23 0.58 0.48 0.58 0.27 0.45 1.49 0.465 0.5 0.41 0.43 1.345 0.55 0.22 0.46 0.36 0.42 0.377 0.33 0.901 0.51 0.4
Dot Production Prediction of Lab Growth Rates:
0.688535 0.370363 0.381743 0.355089 0.677512 0.412758 0.698175 0.426005 0.400574 0.435223 0.438613 0.306065 0.694983 0.369142 0.35663 0.529797 0.548902 0.489817 0.379454 0.393778 0.399802 0.702314 0.304404 0.453908 0.402949 0.556161 0.818923 0.901003 0.531398 0.703445 0.550919 0.419794 0.304315 0.355776 0.474432 0.617078 0.364107 0.798801 0.495658 0.417702 0.479343 0.533112 0.522907 0.420045 0.652069 0.354575 0.405128 1.12808 0.401536 0.409302 0.342525 0.400586 0.416765 0.376449 0.44615 0.389174 0.48951 0.382919 0.334819 0.607459 0.473664 0.403619 0.414893 0.790451 0.692104 0.414709 0.382047 0.403094 0.394153 0.747751 0.541375 0.386285 0.549219 1.66 0.353636 0.444445 0.49977 0.499139 0.680162 0.524183 0.40262 0.412498 0.36835 0.405569 1.43807 0.460911 0.39854 1.35 1.48354 0.409241 0.346242 0.402413 1.03 0.424952 0.534321 0.470157 0.369216 0.542355 0.515851 0.393085 0.474375 0.535128 0.467258 0.356044 0.391338 0.318482 0.438045 0.399859 0.777244 0.704352 0.403724 0.378649 0.648792 0.372334 0.399543 0.353202 0.393232 0.370885 0.339764 0.345678 0.803224 0.377379 0.417088 0.419715 0.677178 1.17032 0.278306 0.4025 0.377703 1.47338 0.542214 0.464543 0.364117 0.400031 0.400344 0.383183 0.452374 0.901 0.419953 0.492936 0.367844 0.389546 0.751591 0.675108 0.386783 0.552388 0.439627 0.417321 0.384787 0.398745 0.338822 0.400038 0.39832 0.351041 0.666662 0.459478 0.401759 0.43561 0.787638 0.697436 0.364151 0.43613 0.39908 0.434169 0.402102 0.470784 0.550297 0.410802 1.45249 0.533864 0.476613 0.30001 0.406074 0.538038 0.691785 0.397145 0.399078 0.360785 1.46206 0.377972 0.377371 0.387816 0.401896 0.40069 0.342603 0.532172 0.542357 0.400223 0.671449 1.27889 0.419183 0.551681 0.413483 0.370617 0.53751 0.397782 0.402261 0.330169 0.38197 0.393859 0.388126 0.683783 0.468573 0.98605 0.400437 0.40169 1.14467 0.751357 0.403059 1.05109 0.460278 1.49188 0.406915 0.3 0.382623 0.65903 0.33103 0.400931 0.421053 0.459137 0.676241 0.439066 1.13188 0.44527 0.398319 0.683352 0.43785 0.343277 0.796923 0.532711 0.459403 0.440943 0.398154 0.812089 0.374372 0.39783 0.554258 0.40027 0.404104 0.386393 0.397828 0.384231 0.453408 0.412291 0.53907 0.449706 0.42902 0.418934 0.392109 0.386946 0.688489 0.356033 0.506378 0.529259 0.379474 0.399495 0.374401 1.16453 0.362332 0.556237 1.45868 0.402825 0.400682 1.05 0.40076 0.400522 0.435158 0.550696 0.531848 0.547003 0.457478 0.401102 1.47401 0.689802 0.337059 0.417666 0.407028 0.545271 0.547737 0.995564 0.382562 0.43686 0.440528 0.498193 0.448445 1.47333 0.388318 0.526707 0.681562 0.380239 0.343629 0.398917 0.457044 0.684495 0.300498 0.455039 0.399101 0.401015 0.452647 0.364383 0.439948 0.378758 0.369874 0.676628 0.413741 0.382144 0.550522 0.402937 1.12209 0.693955 1.31856 0.402103 0.507956 0.398131 0.401576 0.399654 0.367993 0.39031 0.802346 0.703616 0.540439 1.04757 0.347389 0.484257 0.398867 0.552821 0.472576 0.40048 0.399872 1.0177 0.418434 0.354153 0.537824 0.992079 0.397711 0.474311 0.399963 0.41285 0.41239 0.740413 0.428503 0.381943 0.688738 0.437168 0.474322 1.42331 0.591892 0.348049 0.458656 0.327283 0.484366 0.676558 0.457832 0.324334 0.439241 0.40192 0.305745 0.671049 0.401478 0.296382 0.648766 0.360057 0.39968 0.356971 0.550029 0.360849 0.680008 0.518989 0.419729 0.672478 0.637879 0.413335 0.359548 0.89758 0.695025 0.475454 0.351913 0.354729 0.321743 0.400385 0.43364 0.41545 0.75638 0.500982 0.433129 1.39748 0.372441 0.516891 0.353287 0.399537 0.366566 0.777024 0.389061 0.419708 0.464012 0.401937 0.311581 0.38575 0.633494 0.409988 0.55264 0.707867 0.423584 0.698243 0.388516 0.431927 0.383114 0.38405 0.428301 0.336481 0.501773 1.15473 0.483739 0.140284 0.409643 1.66 0.402815 0.37929 0.401341 0.361543 0.540943 0.401015 0.668438 0.401629 0.435016 0.556435 1.02875 1.37116 0.41079 0.67526 0.35587 0.478617 0.441736 0.255551 0.477894 0.46503 0.359758 0.676495 0.526413 0.367659 0.399935 0.388911 0.531445 0.338054 0.404636 1.36295 0.356574 0.402686 0.651498 0.355859 0.535877 0.448694 0.367005 0.401775 0.395085 0.689786 0.454061 0.539346 0.447879 0.705277 0.449962 0.402309 0.467301 0.345362 0.518063 0.529945 0.699306 0.700495 0.565143 0.383535 0.479134 0.807563 0.827795 0.399887 0.388061 0.43855 1.49195 0.436915 0.703997 0.366638 0.442298 0.137848 0.37123 0.477253 0.706234 0.387771 0.384889 0.554079 0.471174 0.81858 0.355972 0.703888 0.405243 0.399662 0.404984 0.683231 0.54481 0.441075 0.402096 0.402448 0.395193 0.51355 0.432242 0.515556 0.76534 0.39463 0.421752 0.535235 0.528776 0.770268 0.680772 0.341742 0.374726 0.79106 0.501631 0.35736 0.677012 0.380476 0.379838 1.12695 0.477527 0.395785 0.461439 0.526311 0.811491 0.346191 0.389822 0.542449 0.476034 0.45645 0.32716 0.704514 0.43447 0.435075 0.399957 0.477692 0.816574 1.48266 0.702868 0.449361 0.500012 0.403391 0.371789 1.05 0.399437 0.398902 0.698726 0.447851 0.639752 0.476268 1.16188 0.398393 0.68183 0.398116 0.354938 0.401361 0.416399 0.689314 0.301229 0.335538 0.375288 0.900799 0.403251 0.378351 0.528726 0.535821 0.528165 0.472476 0.386984 0.38397 0.395754 1.49688 1.49688 0.686145 0.47092 0.389169 0.434284 0.759661 0.442595 0.455266 0.420332 0.36821 0.349405 0.672772 0.465566 0.902022 0.423866 0.38608
Testing:
Lab Growth Rates:
0.6
Dot Production Prediction of Lab Growth Rates:
0.313706
Best performance so far: 
Obj: 4.68895e-310Rho: 2.26291e-314Diff: 4.68895e-310
Anneal again with the best G and E so far as input
Cycle 2Round 1
Iter 500000 pBad 0.942551 T 0.034839 Obj 1.17015 Rho 0 GRdif 92.3947 success 114747 failure 1283 obj_new 1.17015 SA_pAcc 1.00372 Delta -0.583588 SA_r 0.650564 freedomratio 0.275927
Iter 1000000 pBad 0.860743 T 0.00971002 Obj 1.07175 Rho 0 GRdif 40.7424 success 229293 failure 5363 obj_new 1.07175 SA_pAcc 1.05143 Delta 0.753548 SA_r 0.461057 freedomratio 0.27197
Iter 1500000 pBad 0.855387 T 0.00270629 Obj 1.03476 Rho 0 GRdif 20.0904 success 342706 failure 11447 obj_new 1.03476 SA_pAcc 0.902294 Delta -0.833482 SA_r 0.405607 freedomratio 0.272475
Iter 2000000 pBad 0.784505 T 0.000754274 Obj 1.01824 Rho 0 GRdif 10.6281 success 455524 failure 20297 obj_new 1.01824 SA_pAcc 1 Delta 0.0637034 SA_r 0.636955 freedomratio 0.277883
Iter 2500000 pBad 0.720306 T 0.000210225 Obj 1.01537 Rho 0 GRdif 8.97074 success 565695 failure 34769 obj_new 1.01537 SA_pAcc 1 Delta -0.0449391 SA_r 0.445493 freedomratio 0.27541
Iter 3000000 pBad 0.512228 T 5.8592e-05 Obj 1.01223 Rho 0 GRdif 7.14697 success 669944 failure 60423 obj_new 1.01223 SA_pAcc 1.01125 Delta -0.231906 SA_r 0.723191 freedomratio 0.271468
Iter 3500000 pBad 0.356674 T 1.63302e-05 Obj 1.01157 Rho 0 GRdif 6.76387 success 761252 failure 113743 obj_new 1.01157 SA_pAcc 0.865807 Delta -0.126877 SA_r 0.481111 freedomratio 0.266184
Iter 4000000 pBad 0.188489 T 4.55142e-06 Obj 1.01067 Rho 0 GRdif 6.24435 success 836914 failure 200471 obj_new 1.01068 SA_pAcc 0.389262 Delta -0.0551568 SA_r 0.414113 freedomratio 0.254215
Iter 4500000 pBad 0.0972211 T 1.26853e-06 Obj 1.00987 Rho 0 GRdif 5.77613 success 896623 failure 325714 obj_new 1.00987 SA_pAcc 0.789681 Delta 0.0480461 SA_r 0.283077 freedomratio 0.232964
Iter 5000000 pBad 0.0555953 T 3.53554e-07 Obj 1.00944 Rho 0 GRdif 5.52503 success 936064 failure 507816 obj_new 1.00944 SA_pAcc 1 Delta 0.0295957 SA_r 0.166563 freedomratio 0.212658
Iter 5500000 pBad 0.0294029 T 9.85396e-08 Obj 1.00919 Rho 0 GRdif 5.37823 success 959675 failure 740630 obj_new 1.00919 SA_pAcc 1 Delta 0.00290202 SA_r 0.666515 freedomratio 0.195739
Iter 6000000 pBad 0.0156902 T 2.74641e-08 Obj 1.0091 Rho 0 GRdif 5.32576 success 973056 failure 1015076 obj_new 1.0091 SA_pAcc 1 Delta -0.0131853 SA_r 0.0811842 freedomratio 0.180037
Iter 6500000 pBad 0.00726062 T 7.65455e-09 Obj 1.00903 Rho 0 GRdif 5.29051 success 981524 failure 1311472 obj_new 1.00904 SA_pAcc 4.14352e-248 Delta 0.00204873 SA_r 0.644018 freedomratio 0.173862
Iter 7000000 pBad 0.00334426 T 2.13341e-09 Obj 1.00899 Rho 0 GRdif 5.26206 success 986388 failure 1626352 obj_new 1.00899 SA_pAcc 1 Delta -0.00303948 SA_r 0.999363 freedomratio 0.166714
Iter 7500000 pBad 0.00241807 T 5.94605e-10 Obj 1.00898 Rho 0 GRdif 5.2663 success 989047 failure 1953382 obj_new 1.009 SA_pAcc 0 Delta 0.00234708 SA_r 0.591209 freedomratio 0.165587
Iter 8000000 pBad 0.0015455 T 1.65723e-10 Obj 1.00896 Rho 0 GRdif 5.24747 success 992088 failure 2289824 obj_new 1.00896 SA_pAcc 1 Delta -0.000639195 SA_r 0.476918 freedomratio 0.159523
Iter 8500000 pBad 0.000827352 T 4.61889e-11 Obj 1.00896 Rho 0 GRdif 5.24404 success 993747 failure 2632389 obj_new 1.00896 SA_pAcc 1.89229e-214 Delta 0.000674985 SA_r 0.0850255 freedomratio 0.158448
Iter 9000000 pBad 0.00035509 T 1.28734e-11 Obj 1.00895 Rho 0 GRdif 5.24171 success 995850 failure 2979740 obj_new 1.00895 SA_pAcc 2.32765e-19 Delta 2.71571e-05 SA_r 0.208389 freedomratio 0.154737
Iter 9500000 pBad 0.000536244 T 3.58795e-12 Obj 1.00895 Rho 0 GRdif 5.25 success 1000794 failure 3332695 obj_new 1.00897 SA_pAcc 0 Delta 0.000397861 SA_r 0.207897 freedomratio 0.150847
Good enough
iter 9.99994e+06 obj1.00895 rho 0 GRdif 5.23725
Training:
Lab Growth Rates:
0.68 0.59 0.47 0.1 0.301 0.53 0.71 0.37 0.5 0.47 0.17 0.6 0.635 0.36 0.39 0.53 0.56 0.5 0.5 0.5 0.4 0.724 0.3 0.54 0.25 0.42 1.345 0.901 0.56 0.686 0.59 0.54 0.3 0.5 0.5 0.617 0.5 1.483 0.53 0.37 0.58 0.5 0.23 0.43 0.65 0.46 0.52 1.248 0.4 0.52 0.42 0.4 0.54 0.54 0.36 0.22 0.33 0.42 0.39 0.1 0.58 0.4 0.52 1.483 0.648 0.42 0.47 0.1 0.45 1.483 0.55 0.52 0.56 1.66 0.33 0.46 0.5 0.5 0.485 0.31 0.4 0.53 0.19 0.54 1.43 0.22 0.4 1.35 1.42 0.54 0.59 0.4 1.03 0.59 0.25 0.56 0.42 0.5 0.23 0.46 0.5 0.56 0.58 0.45 0.43 0.53 0.54 0.4 1.483 0.686 0.09 0.26 0.65 0.42 0.49 0.37 0.59 0.47 0.48 0.34 1.345 0.54 0.54 0.45 0.465 0.762 0.3 0.4 0.5 1.44 0.55 0.46 0.45 0.4 0.4 0.41 0.1 0.901 0.47 0.46 0.48 0.47 1.483 0.481 0.47 0.54 0.51 0.37 0.45 0.27 0.34 0.4 0.58 0.39 0.485 0.46 0.4 0.43 1.345 0.648 0.52 0.37 0.46 0.2 0.52 0.58 0.42 0.43 0.45 0.56 0.58 0.3 0.54 0.56 0.637 0.33 0.4 0.38 0.45 0.43 0.38 0.38 0.4 0.4 0.59 0.53 0.56 0.4 0.481 1.46 0.37 0.55 0.37 0.42 0.54 0.4 0.4 0.32 0.1 0.25 0.42 0.68 0.58 1.46 0.4 0.5 1.248 1.483 0.4 1.05 0.58 0.25 0.41 0.3 0.42 0.65 0.1 0.4 0.37 0.46 0.41 0.54 1.248 0.53 0.4 0.476 0.55 0.25 1.345 0.23 0.46 0.47 0.4 1.345 0.53 0.52 0.59 0.4 0.33 0.52 0.4 0.58 0.46 0.47 0.54 0.26 0.47 0.45 0.47 0.39 0.636 0.59 0.5 0.23 0.52 0.4 0.11 0.762 0.48 0.59 0.45 0.36 0.4 1.05 0.4 0.4 0.46 0.53 0.5 0.55 0.43 0.4 1.67 0.637 0.59 0.51 0.3 0.56 0.54 1.46 0.42 0.3 0.2 0.5 0.33 0.45 0.47 0.53 0.41 0.54 0.46 0.4 0.43 0.301 0.3 0.47 0.4 0.4 0.54 0.17 0.55 0.54 0.58 0.485 0.47 0.42 0.59 0.47 1.248 0.635 1.05 0.4 0.5 0.4 0.4 0.43 0.4 0.52 1.483 0.724 0.54 0.901 0.33 0.58 0.4 0.59 0.5 0.4 0.4 1.38 0.54 0.5 0.56 1.46 0.45 0.56 0.4 0.49 0.58 1.345 0.36 0.19 0.476 0.43 0.5 1.43 0.25 0.39 0.46 0.3 0.47 0.377 0.37 0.1 0.37 0.4 0.6 0.68 0.4 0.3 0.65 0.48 0.4 0.39 0.5 0.32 0.68 0.31 0.37 0.485 0.65 0.59 0.45 0.901 0.648 0.56 0.41 0.17 0.3 0.4 0.23 0.37 1.345 0.46 0.43 1.4 0.5 0.5 0.38 0.4 0.5 1.483 0.43 0.47 0.22 0.52 0.6 0.47 0.65 0.54 0.55 0.686 0.4 0.635 0.45 0.23 0.53 0.27 0.37 0.48 0.25 0.762 0.47 0.14 0.22 1.66 0.25 0.46 0.4 0.36 0.54 0.4 0.65 0.41 0.55 0.27 1.05 0.1 0.45 0.377 0.19 0.56 0.47 0.3 0.58 0.46 0.48 0.68 0.56 0.34 0.4 0.47 0.23 0.48 0.41 1.67 0.32 0.2 0.65 0.36 0.56 0.22 0.54 0.27 0.42 0.637 0.5 0.55 0.47 0.71 0.54 0.4 0.22 0.46 0.53 0.56 0.7 0.7 0.42 0.53 0.56 1.345 1.345 0.4 0.47 0.55 0.45 0.37 0.636 0.09 0.54 0.14 0.48 0.58 0.71 0.38 0.42 0.59 0.22 1.483 0.45 0.724 0.52 0.4 0.42 0.465 0.54 0.47 0.4 0.11 0.33 0.37 0.37 0.31 1.483 0.49 0.45 0.53 0.5 1.345 0.41 0.58 0.33 1.483 0.5 0.59 0.481 0.36 0.36 1.248 0.46 0.11 0.46 0.5 1.483 0.5 0.58 0.59 0.5 0.1 0.27 0.7 0.23 0.55 0.4 0.56 1.345 0.45 0.636 0.09 0.5 0.4 0.3 1.05 0.4 0.4 0.7 0.46 0.65 0.58 0.762 0.4 0.301 0.4 0.58 0.5 0.54 0.476 0.3 0.54 0.42 0.901 0.4 0.58 0.53 0.26 0.23 0.58 0.48 0.58 0.27 0.45 1.49 0.465 0.5 0.41 0.43 1.345 0.55 0.22 0.46 0.36 0.42 0.377 0.33 0.901 0.51 0.4
Dot Production Prediction of Lab Growth Rates:
0.672741 0.376962 0.386807 1.67522 0.386823 0.412014 0.710103 0.432397 0.42228 0.425495 0.462566 0.30843 0.714179 0.391501 0.391041 0.540423 0.554963 0.494547 0.398081 0.408991 0.400242 0.719244 0.314218 0.484293 0.366725 0.483109 0.752091 0.905428 0.533878 0.720269 0.553009 0.38638 0.307242 0.364237 0.492929 0.617127 0.369957 0.747213 0.449734 0.42654 0.493854 0.546256 0.536728 0.379197 0.650573 0.370793 0.433148 0.942136 0.401612 0.383333 0.349018 0.404276 0.425928 0.378223 0.451669 0.39852 0.469278 0.376298 0.344154 0.579202 0.474318 0.404386 0.411848 0.721213 0.708268 0.426901 0.386272 1.80361 0.361266 0.750936 0.546084 0.385146 0.55213 1.6595 0.361368 0.392749 0.49434 0.500248 0.378934 0.460219 0.405616 0.435178 0.374492 0.387583 1.43403 0.486936 0.403707 1.34996 1.49355 0.420924 0.362315 0.404544 1.03001 0.367581 0.471217 0.493277 0.345709 0.542135 0.531163 0.422193 0.481169 0.544426 0.474048 0.345385 0.41795 0.338692 0.506201 0.397857 0.770213 0.718092 0.39542 0.367351 0.649767 0.361405 0.415574 0.326088 0.354044 0.367717 0.355292 0.353175 0.741667 0.39885 0.383227 0.41465 0.377511 0.92777 0.286727 0.401553 0.364894 1.46731 0.548232 0.412007 0.379527 0.40231 0.396078 0.396633 0.428897 0.901122 0.378476 0.455982 0.384094 0.41414 0.749623 0.373313 0.412736 0.558846 0.448405 0.400371 0.372488 0.390046 0.356349 0.400199 0.419531 0.352522 0.372254 0.477402 0.407043 0.423059 0.792811 0.711801 0.37324 0.445518 0.416563 0.391407 0.422468 0.47447 0.497931 0.39152 1.47655 0.545223 0.481282 0.297661 0.389359 0.544695 0.710015 0.410818 0.403592 0.329333 1.4687 0.404802 0.335687 0.379557 0.404987 0.403664 0.355051 0.536749 0.546612 0.402958 0.372514 1.44974 0.426912 0.552842 0.404814 0.368559 0.554262 0.399186 0.403642 0.352926 0.367451 0.372659 0.364223 0.675211 0.475061 0.92092 0.401166 0.416331 0.959806 0.731782 0.402378 1.05098 0.46764 1.48118 0.413739 0.304618 0.363323 0.659615 1.57677 0.40125 0.428597 0.459509 0.375338 0.493088 0.950744 0.456415 0.394293 0.382097 0.491647 0.371136 0.758001 0.539129 0.461816 0.396316 0.397464 0.726163 0.400798 0.410725 0.557922 0.404386 0.3861 0.380984 0.399945 0.399917 0.458317 0.386159 0.538379 0.409414 0.37584 0.434601 0.382784 0.414408 0.688208 0.370927 0.52269 0.541986 0.402703 0.401159 0.382546 0.931847 0.372438 0.554579 1.48555 0.391379 0.401359 1.03663 0.404809 0.405727 0.417051 0.546864 0.543965 0.550359 0.413166 0.402666 1.51114 0.709007 0.351285 0.429089 0.384398 0.55362 0.546548 0.972738 0.364157 0.404632 0.381538 0.503429 0.451641 1.45321 0.383017 0.52476 0.381041 0.349866 0.343444 0.398809 0.416874 0.39075 0.300516 0.424221 0.404317 0.402305 0.464292 0.348399 0.495108 0.403934 0.392548 0.377129 0.413922 0.358371 0.55436 0.385744 0.944438 0.711766 1.48774 0.402737 0.503887 0.397476 0.402303 0.402605 0.346548 0.41059 0.767617 0.715532 0.538206 0.900317 0.354065 0.492469 0.403112 0.556735 0.482495 0.403045 0.399884 0.995473 0.446097 0.369621 0.537353 0.982002 0.415857 0.487222 0.400129 0.443596 0.432765 0.772632 0.441063 0.388291 0.382816 0.392342 0.484492 1.41526 0.563087 0.355773 0.460043 0.312672 0.429767 0.38567 0.447171 1.52163 0.447537 0.39958 0.297905 0.65965 0.403047 0.300979 0.65038 0.362021 0.403208 0.392323 0.511655 0.376381 0.671705 0.475413 0.42783 0.373822 0.630873 0.358774 0.376872 0.901008 0.708147 0.492135 0.36094 0.36329 0.323422 0.403125 0.438961 0.425471 0.765065 0.46784 0.401501 1.42043 0.364295 0.528354 0.355656 0.396446 0.387315 0.760071 0.417538 0.407819 0.489601 0.4255 0.303444 0.394821 0.635262 0.40713 0.552487 0.71977 0.380962 0.713491 0.405652 0.43892 0.403031 0.36869 0.434053 0.347255 0.447745 0.910388 0.424198 0.143004 0.426074 1.66 0.371312 0.39623 0.400598 0.366016 0.538054 0.400927 0.668236 0.418862 0.48757 0.513345 0.965118 1.41553 0.38866 0.386601 0.378555 0.479757 0.381446 0.261612 0.479171 0.46546 0.359526 0.672054 0.544003 0.366036 0.39462 0.390974 0.542963 0.343168 0.431719 1.43937 0.373047 0.354326 0.648854 0.375116 0.543287 0.451029 0.364714 0.388854 0.369786 0.706207 0.476683 0.548089 0.471822 0.721551 0.48027 0.404095 0.478764 0.352515 0.466172 0.539031 0.698983 0.707982 0.493709 0.362001 0.478578 0.744341 0.775804 0.401995 0.414816 0.509023 1.47852 0.451239 0.71438 0.391697 0.508645 0.139487 0.352472 0.482962 0.711521 0.373284 0.381698 0.555137 0.481532 0.727359 0.350338 0.718628 0.420509 0.398869 0.373466 0.378598 0.538691 0.458397 0.400051 0.426694 0.411182 0.472132 0.445575 0.462744 0.746368 0.416002 0.405272 0.531867 0.538834 0.778767 0.380411 0.356483 0.363534 0.743647 0.507017 0.367156 0.37526 0.401717 0.410787 0.950933 0.446933 0.421856 0.404782 0.538664 0.717737 0.356671 0.415607 0.55208 0.49268 0.435182 0.343278 0.700784 0.439124 0.49723 0.403405 0.475836 0.731723 1.48251 0.714345 0.466194 0.484652 0.403048 0.351255 1.05 0.397394 0.397981 0.698848 0.467999 0.62776 0.487661 0.913616 0.399677 0.397221 0.402029 0.364932 0.415004 0.383009 0.385112 0.300018 0.348252 0.381585 0.897006 0.402444 0.395824 0.537011 0.476307 0.53691 0.490302 0.404836 0.403761 0.414736 1.49042 1.49042 0.38314 0.485259 0.378163 0.406481 0.76087 0.489049 0.487544 0.433241 0.367604 0.351086 0.386094 0.468117 0.907985 0.441432 0.355532
Testing:
Lab Growth Rates:
0.6
Dot Production Prediction of Lab Growth Rates:
0.304461
Best performance so far: 
Obj: 4.68895e-310Rho: 6.5069e-314Diff: 4.68895e-310
Test:
 Lab Growth Rates:
0.6Dot Product Prediction of Growth Rate:
0.304461