seed =  5 traits =  1 
Training: part  168 
Training: part  168 
Round  1 
 Goal of obj  0.99 
Temperature range:  0.125 5e-12 
Cycle 1Round 1
Iter 500000 pBad 0.953968 T 0.0377584 Obj 1.14638 Rho 0 GRdif 80.0531 success 147071 failure 1332 obj_new 1.14638 SA_pAcc 1 Delta -0.809838 SA_r 0.159227 freedomratio 0.368553
Iter 1000000 pBad 0.87869 T 0.0114056 Obj 1.0377 Rho 0 GRdif 21.6859 success 294087 failure 5452 obj_new 1.0377 SA_pAcc 1.02675 Delta 0.866281 SA_r 0.799471 freedomratio 0.354079
Iter 1500000 pBad 0.855125 T 0.00344524 Obj 1.03265 Rho 0 GRdif 18.8293 success 440201 failure 11602 obj_new 1.03265 SA_pAcc 0.96683 Delta 0.364441 SA_r 0.888275 freedomratio 0.366479
Iter 2000000 pBad 0.785973 T 0.00104069 Obj 1.02069 Rho 0 GRdif 12.0003 success 585173 failure 20719 obj_new 1.02069 SA_pAcc 0.935519 Delta -0.378904 SA_r 0.488553 freedomratio 0.368785
Iter 2500000 pBad 0.747243 T 0.000314359 Obj 1.01623 Rho 0 GRdif 9.43464 success 727709 failure 34175 obj_new 1.01623 SA_pAcc 1 Delta 0.405183 SA_r 0.670768 freedomratio 0.367398
Iter 3000000 pBad 0.625719 T 9.49575e-05 Obj 1.01364 Rho 0 GRdif 7.94146 success 863842 failure 61308 obj_new 1.01364 SA_pAcc 0.955256 Delta -0.491567 SA_r 0.995527 freedomratio 0.366708
Iter 3500000 pBad 0.450986 T 2.86835e-05 Obj 1.01212 Rho 0 GRdif 7.05993 success 992657 failure 103299 obj_new 1.01212 SA_pAcc 1 Delta -0.433705 SA_r 0.77194 freedomratio 0.366938
Iter 4000000 pBad 0.299558 T 8.66433e-06 Obj 1.01149 Rho 0 GRdif 6.69723 success 1107139 failure 174856 obj_new 1.01149 SA_pAcc 1.11376 Delta -0.0696848 SA_r 0.246216 freedomratio 0.346131
Iter 4500000 pBad 0.144893 T 2.61721e-06 Obj 1.0107 Rho 0 GRdif 6.23419 success 1199075 failure 292348 obj_new 1.0107 SA_pAcc 1 Delta -0.142197 SA_r 0.635885 freedomratio 0.31952
Iter 5000000 pBad 0.0856881 T 7.90571e-07 Obj 1.01033 Rho 0 GRdif 6.01987 success 1261655 failure 474689 obj_new 1.01033 SA_pAcc 1 Delta -0.0504464 SA_r 0.275288 freedomratio 0.28867
Iter 5500000 pBad 0.0330805 T 2.38805e-07 Obj 1.01001 Rho 0 GRdif 5.84049 success 1301177 failure 716737 obj_new 1.01002 SA_pAcc 4.14949e-06 Delta 0.0167273 SA_r 0.545302 freedomratio 0.250964
Iter 6000000 pBad 0.0161584 T 7.21352e-08 Obj 1.00987 Rho 0 GRdif 5.77354 success 1323970 failure 1010114 obj_new 1.0099 SA_pAcc 1.31376e-192 Delta 0.011786 SA_r 0.576946 freedomratio 0.228371
Iter 6500000 pBad 0.0161651 T 2.17896e-08 Obj 1.00979 Rho 0 GRdif 5.70762 success 1337411 failure 1336094 obj_new 1.00979 SA_pAcc 1.56322e-28 Delta 0.0019176 SA_r 0.684404 freedomratio 0.215204
Iter 7000000 pBad 0.00541409 T 6.58193e-09 Obj 1.00977 Rho 0 GRdif 5.69536 success 1345611 failure 1681362 obj_new 1.00977 SA_pAcc 3.46805e-13 Delta -0.00313495 SA_r 0.545255 freedomratio 0.207801
Iter 7500000 pBad 0.004785 T 1.98818e-09 Obj 1.00974 Rho 0 GRdif 5.68066 success 1350908 failure 2038860 obj_new 1.00974 SA_pAcc 2.31691e-05 Delta 0.000774439 SA_r 0.195558 freedomratio 0.202418
Iter 8000000 pBad 0.00211756 T 6.00564e-10 Obj 1.00973 Rho 0 GRdif 5.69281 success 1354387 failure 2405326 obj_new 1.00976 SA_pAcc 0 Delta -0.00158963 SA_r 0.256923 freedomratio 0.198644
Iter 8500000 pBad 0.00186962 T 1.8141e-10 Obj 1.00972 Rho 0 GRdif 5.67117 success 1356601 failure 2779887 obj_new 1.00972 SA_pAcc 1 Delta 0.00120454 SA_r 0.891272 freedomratio 0.194814
Iter 9000000 pBad 0.000457796 T 5.4798e-11 Obj 1.00972 Rho 0 GRdif 5.66958 success 1358072 failure 3158798 obj_new 1.00972 SA_pAcc 0 Delta 0.000200483 SA_r 0.0604025 freedomratio 0.193208
Iter 9500000 pBad 0.000780875 T 1.65527e-11 Obj 1.00972 Rho 0 GRdif 5.66694 success 1359432 failure 3540064 obj_new 1.00972 SA_pAcc 0 Delta -0.000114342 SA_r 0.623836 freedomratio 0.192636
Iter 10000000 pBad 0.000734944 T 5.00001e-12 Obj 1.00972 Rho 0 GRdif 5.6664 success 1362692 failure 3916735 obj_new 1.00972 SA_pAcc 0 Delta 0.000426488 SA_r 0.40741 freedomratio 0.188062
Cannot move further
iter 1e+07 obj1.00972 rho 0 GRdif 5.66583
Training:
Lab Growth Rates:
0.617 0.5 0.4 0.4 0.33 0.55 0.54 0.58 0.1 0.09 0.47 0.636 0.4 0.38 0.45 0.4 0.54 0.42 0.23 0.23 0.47 0.23 0.4 0.53 0.56 0.43 0.58 0.485 0.2 0.4 0.33 0.42 0.3 0.56 0.52 0.648 0.65 0.4 0.1 0.17 0.55 0.56 0.5 0.3 0.37 0.46 0.5 0.47 0.485 0.46 0.4 1.67 0.48 0.1 0.54 0.33 0.45 0.5 0.4 0.58 0.4 0.5 0.59 0.6 0.54 0.23 0.4 0.58 1.05 0.4 0.25 0.55 0.5 0.11 1.483 0.41 0.47 0.38 0.4 0.53 0.65 1.03 0.59 0.23 0.4 1.345 0.53 0.4 0.46 0.42 0.59 0.686 0.377 0.59 0.37 0.43 0.25 0.47 0.37 0.4 0.22 0.25 0.4 0.17 0.56 0.54 0.45 0.4 0.37 1.4 0.56 0.22 0.4 0.45 0.1 0.48 0.54 0.58 0.59 0.686 0.53 0.26 0.34 0.56 0.4 0.54 0.56 0.5 0.46 0.68 0.59 0.47 0.4 0.36 0.52 0.54 0.4 0.465 1.483 0.4 0.58 0.38 0.481 0.37 0.47 0.4 0.635 0.51 0.648 1.483 0.55 0.09 0.4 0.901 0.54 0.33 0.47 0.5 1.483 0.65 0.5 0.68 0.42 0.476 0.42 0.59 0.47 0.4 0.635 0.31 0.58 0.4 1.345 0.46 0.42 1.05 0.33 0.54 0.48 0.46 0.43 0.56 1.345 0.31 0.58 0.4 0.37 0.5 0.27 0.47 0.46 0.71 0.47 0.59 0.53 1.42 0.33 0.71 0.37 0.37 0.71 0.25 0.48 0.46 0.3 0.43 0.47 0.11 0.43 0.53 1.46 1.248 0.762 0.3 0.54 0.47 0.39 0.59 0.55 0.4 0.476 0.7 0.47 0.4 0.47 0.5 0.22 0.648 0.36 0.53 0.41 0.47 0.53 0.3 0.637 0.377 0.42 0.41 0.37 0.36 1.46 0.42 0.5 0.36 1.05 0.65 0.465 0.46 0.22 0.4 0.45 0.54 0.5 0.5 1.345 0.4 0.4 0.36 0.45 0.58 0.4 1.35 0.43 0.43 0.43 0.4 0.59 1.345 0.43 0.54 0.47 0.22 0.3 0.56 0.42 0.41 0.53 0.46 0.1 0.22 0.45 0.5 0.41 1.248 0.2 0.37 0.7 0.46 0.23 0.58 1.483 0.3 0.42 0.5 0.56 0.4 0.53 1.248 0.3 0.65 0.45 1.46 0.635 0.901 0.56 0.56 0.36 0.25 0.25 0.4 0.5 1.483 0.42 0.27 0.59 0.37 0.39 0.55 0.58 0.42 0.4 0.45 0.901 0.4 0.485 1.483 0.55 0.27 0.5 0.7 0.53 0.36 0.58 0.5 0.54 0.46 0.5 0.5 0.54 0.6 0.36 0.42 0.2 0.4 0.41 0.41 0.5 0.686 0.52 0.32 0.46 0.39 0.59 0.52 0.58 0.39 0.481 1.66 0.637 0.901 0.52 0.46 0.4 0.54 0.762 0.301 0.4 1.345 0.55 0.47 0.33 0.47 0.53 0.5 0.42 0.56 0.3 0.58 0.54 0.485 0.45 0.46 0.42 0.54 0.54 0.54 0.6 0.46 0.3 0.4 0.476 0.46 1.345 0.54 0.27 0.37 0.23 0.45 0.56 0.46 0.301 0.42 0.34 0.17 0.65 0.14 0.4 0.53 0.47 0.26 0.59 0.42 0.4 1.345 0.37 0.49 0.68 0.5 0.4 1.38 0.4 0.4 0.55 0.4 0.34 0.45 0.41 0.59 1.483 0.5 1.43 0.26 1.248 0.49 0.48 0.25 0.43 0.5 0.27 0.45 1.483 1.345 1.67 0.724 0.45 0.58 0.56 0.5 1.49 0.4 0.5 0.55 0.27 1.66 0.5 0.58 0.4 0.636 1.345 0.52 0.3 1.483 0.4 0.11 0.51 0.37 0.65 0.5 0.53 0.7 0.58 0.65 1.248 0.49 0.58 0.48 0.47 0.37 0.68 0.4 0.52 1.345 0.47 0.301 0.45 0.38 0.54 0.3 0.48 0.68 0.59 0.23 0.56 0.465 0.54 0.38 0.3 0.4 1.46 0.47 0.23 0.33 0.22 0.48 0.5 0.724 0.4 0.54 0.14 0.33 0.58 0.54 0.45 0.39 0.51 0.1 0.52 0.46 1.345 0.39 0.4 0.54 0.52 0.45 0.31 0.5 0.46 0.54 0.52 0.6 0.43 0.55 0.45 0.58 0.637 0.4 0.41 1.05 0.4 1.05 0.32 0.52 0.53 0.636 0.4 0.65 0.1 0.377 0.22 0.36 0.901 0.47 0.32 0.58 0.37 0.901 0.46 0.25 0.43 0.4 0.3 0.1 1.43 0.5 0.5 0.52 1.483 0.56 1.44 0.54 0.4 0.481 0.762 1.483 0.56 0.48 0.45 0.09 0.4 0.1 0.762 0.42 0.724 0.59 0.55 0.4
Dot Production Prediction of Lab Growth Rates:
0.617096 0.377203 0.405687 0.400889 0.477737 0.470435 0.461426 0.379095 1.15141 0.398827 0.408346 0.712345 0.399377 0.408657 0.393442 0.400142 0.404441 0.383742 0.531567 0.446603 0.390038 0.545214 0.39984 0.400853 0.544989 0.430303 0.459602 0.623516 0.374983 0.399757 0.470505 0.382406 0.286108 0.529188 0.424117 0.698742 0.639502 0.399292 1.15803 0.380217 0.476562 0.530379 0.539925 0.300937 0.424631 0.37979 0.541543 0.432184 0.626014 0.409497 0.402756 1.3665 0.362748 0.440235 0.411728 0.404459 0.427895 0.47851 0.398177 0.458297 0.399809 0.470152 0.411522 0.296825 0.433617 0.531291 0.402968 0.414341 1.04985 0.402877 0.500596 0.556385 0.376605 0.398517 0.699304 0.425193 0.411257 0.344365 0.400279 0.442424 0.649851 1.03 0.540715 0.540283 0.399764 0.758418 0.529459 0.400323 0.463585 0.371956 0.396667 0.709214 0.638948 0.380636 0.453059 0.41027 1.45599 0.379012 0.441503 0.400141 0.482162 0.373186 0.398056 0.443129 0.464742 0.407644 1.49731 0.402863 0.349008 1.39886 0.536253 0.470936 0.400374 0.379889 1.24284 0.378865 0.460986 0.451842 0.384287 0.706123 0.530903 0.49034 0.379968 0.552555 0.400047 0.37756 0.552716 0.374691 0.361243 0.665394 0.543159 0.408278 0.397405 0.411257 0.418409 0.372623 0.399889 0.617527 0.684639 0.398805 0.476913 0.403585 0.623433 0.422283 0.443081 0.402419 0.708244 0.451945 0.704625 0.740932 0.47944 0.404859 0.399981 1.33706 0.432169 0.453499 0.404188 0.548874 0.718645 0.649908 0.415264 0.679109 0.39372 0.622421 0.467551 0.374919 0.378639 0.401331 0.707478 0.498557 0.480233 0.409472 0.729324 0.477676 0.429821 1.05 0.38159 0.545751 0.390619 0.423722 0.430713 0.528836 0.724445 0.48535 0.464349 0.40136 0.422428 0.500014 0.394467 0.395349 0.475666 0.70605 0.400314 0.379098 0.527223 1.49264 0.364935 0.70192 0.427957 0.439181 0.708035 0.386329 0.378482 0.435182 0.306652 0.395513 0.411301 0.420791 0.438952 0.429848 0.9759 1.2812 1.46509 0.421122 0.433614 0.40039 0.374876 0.375599 0.549938 0.400823 0.622274 0.701369 0.41981 0.400802 0.458517 0.438008 0.449066 0.703173 0.397225 0.541421 0.417926 0.41478 0.413731 0.300001 0.706853 0.632369 0.360605 0.371618 0.493821 0.388312 1.31681 0.38062 0.499736 0.441912 1.05051 0.649018 0.619746 0.471925 0.405288 0.369278 1.44032 0.555818 0.411008 0.519669 0.729618 0.400462 0.400728 0.393291 0.437665 0.424645 0.400008 1.35 0.412358 0.410248 0.432461 0.398416 0.369877 0.742656 0.422479 0.542635 0.400733 0.477436 0.401891 0.474861 0.391123 0.644589 0.459192 0.450409 0.445945 0.465636 0.367376 0.544781 0.419219 1.24556 0.393693 0.425603 0.697803 0.433051 0.536885 0.463906 0.717784 0.296428 0.379515 0.497741 0.530904 0.399994 0.430126 1.25844 0.303738 0.651657 1.44538 1.00706 0.708783 0.901018 0.476436 0.530842 0.409223 0.591049 0.476197 0.400596 0.393672 0.707044 0.370322 0.40908 0.553004 0.42845 0.376219 0.555049 0.457864 0.383412 0.403864 0.402576 0.901 0.402649 0.62375 0.735762 0.482121 0.421813 0.495836 0.694886 0.361145 0.388641 0.432157 0.400752 0.453106 0.4597 0.508965 0.545623 0.406657 0.305522 0.444004 0.386815 0.396797 0.402807 0.641175 0.399929 0.506708 0.707267 0.410708 0.369312 0.423596 0.398344 0.549505 0.40718 0.399999 0.393699 0.620715 1.66 0.703419 0.892707 0.437375 0.422937 0.403283 0.456977 1.48965 0.65643 0.400774 0.707577 0.477126 0.430316 0.378952 0.414634 0.52562 0.471277 0.374268 0.465743 0.310875 0.477637 0.455028 0.61867 1.4431 0.455207 0.476635 0.380682 0.53496 0.41099 0.303929 0.478433 0.386185 0.374433 0.619778 0.42799 0.721381 0.400418 0.382848 0.406925 0.540663 1.44201 0.476477 0.461327 0.661066 0.476389 0.355607 0.371232 0.649802 0.140288 0.40117 0.447421 0.398534 0.448771 0.383101 0.39147 0.397518 0.721313 0.442696 0.436757 0.684679 0.380159 0.397282 1.00723 0.401613 0.399214 0.478574 0.400463 0.361007 0.406086 0.646611 0.540017 0.723706 0.544272 1.44992 0.387819 1.25708 0.424239 0.400693 0.390371 0.409067 0.483198 0.365279 1.49959 0.721189 0.762407 1.48136 0.707403 0.424008 0.460676 0.462563 0.465257 1.49731 0.39926 0.499837 0.543816 0.519254 1.65999 0.546982 0.398639 0.400638 0.68743 0.724918 0.40055 0.30002 0.72088 0.40578 0.429345 0.436547 0.443476 0.643525 0.431664 0.373731 0.704803 0.416345 0.652788 1.24724 0.419858 0.475686 0.369842 0.444224 0.408404 0.685502 0.400165 0.414942 0.726078 0.426795 0.658316 0.408257 0.365825 0.562353 0.302624 0.366068 0.680002 0.549266 0.446717 0.533188 0.616023 0.545804 0.35591 0.307522 0.402152 1.00489 0.396295 0.445298 0.422955 0.473269 0.386857 0.483485 0.713267 0.399258 0.406187 0.138849 0.416336 0.38961 0.451789 0.379038 0.410616 0.456075 1.33258 0.405191 0.423794 0.733035 0.362515 0.405023 0.535689 0.399275 1.46037 0.483738 0.459755 0.35653 0.398911 0.422971 0.299514 0.421313 0.545937 0.395121 0.450885 0.705043 0.40082 0.432175 1.02117 0.399984 1.33479 0.395551 0.420596 0.536515 0.704641 0.398706 0.639821 0.404328 0.638773 0.432021 0.377699 0.893714 0.399113 0.394264 0.408071 0.423412 0.859316 0.462285 0.385594 0.416761 0.40245 0.26665 1.23713 1.42755 0.419484 0.387573 0.412384 0.687229 0.551244 1.45922 0.409653 0.402604 0.61956 1.46334 0.738258 0.543586 0.392259 0.404162 0.456533 0.401079 0.590557 1.53531 0.389192 0.712804 0.554321 0.543189 0.403777
Testing:
Lab Growth Rates:
0.19 0.19 0.19
Dot Production Prediction of Lab Growth Rates:
0.406745 0.387882 0.390457
Best performance so far: 
Obj: 4.6562e-310Rho: 2.26291e-314Diff: 4.6562e-310
Anneal again with the best G and E so far as input
Cycle 2Round 1
Iter 500000 pBad 0.938494 T 0.0377584 Obj 1.14248 Rho 0 GRdif 78.058 success 111142 failure 1315 obj_new 1.14248 SA_pAcc 0.958044 Delta 0.546462 SA_r 0.0797591 freedomratio 0.25872
Iter 1000000 pBad 0.88823 T 0.0114056 Obj 1.06088 Rho 0 GRdif 34.6311 success 222151 failure 4875 obj_new 1.06088 SA_pAcc 1 Delta 0.436962 SA_r 0.808076 freedomratio 0.25556
Iter 1500000 pBad 0.837348 T 0.00344524 Obj 1.03763 Rho 0 GRdif 21.6453 success 331496 failure 10640 obj_new 1.03763 SA_pAcc 1 Delta -0.0276009 SA_r 0.496713 freedomratio 0.258948
Iter 2000000 pBad 0.784842 T 0.00104069 Obj 1.02347 Rho 0 GRdif 13.5964 success 440588 failure 18334 obj_new 1.02347 SA_pAcc 1 Delta -0.49295 SA_r 0.465356 freedomratio 0.25872
Iter 2500000 pBad 0.702689 T 0.000314359 Obj 1.01631 Rho 0 GRdif 9.4778 success 547863 failure 29180 obj_new 1.01631 SA_pAcc 1.0016 Delta 0.135563 SA_r 0.545621 freedomratio 0.258491
Iter 3000000 pBad 0.58996 T 9.49575e-05 Obj 1.01341 Rho 0 GRdif 7.80525 success 650428 failure 49856 obj_new 1.01341 SA_pAcc 1 Delta -0.287911 SA_r 0.0493441 freedomratio 0.259063
Iter 3500000 pBad 0.439423 T 2.86835e-05 Obj 1.01147 Rho 0 GRdif 6.68069 success 745215 failure 87795 obj_new 1.01147 SA_pAcc 1 Delta -0.119268 SA_r 0.436878 freedomratio 0.25434
Iter 4000000 pBad 0.261305 T 8.66433e-06 Obj 1.01061 Rho 0 GRdif 6.18644 success 827678 failure 150935 obj_new 1.01061 SA_pAcc 1 Delta 0.227461 SA_r 0.72252 freedomratio 0.245188
Iter 4500000 pBad 0.181232 T 2.61721e-06 Obj 1.01017 Rho 0 GRdif 5.92717 success 895810 failure 246987 obj_new 1.01017 SA_pAcc 1 Delta -0.0845198 SA_r 0.964825 freedomratio 0.235815
Iter 5000000 pBad 0.10388 T 7.90571e-07 Obj 1.00964 Rho 0 GRdif 5.62304 success 948651 failure 383601 obj_new 1.00964 SA_pAcc 1.23754 Delta 0.0115001 SA_r 0.296922 freedomratio 0.218984
Iter 5500000 pBad 0.0568439 T 2.38805e-07 Obj 1.00933 Rho 0 GRdif 5.4795 success 981325 failure 576112 obj_new 1.00939 SA_pAcc 8.02598e-110 Delta -0.0290797 SA_r 0.858361 freedomratio 0.20319
Iter 6000000 pBad 0.0216096 T 7.21352e-08 Obj 1.0092 Rho 0 GRdif 5.36498 success 1001846 failure 813545 obj_new 1.0092 SA_pAcc 1 Delta -0.011523 SA_r 0.527655 freedomratio 0.183641
Iter 6500000 pBad 0.0121331 T 2.17896e-08 Obj 1.00913 Rho 0 GRdif 5.32534 success 1013371 failure 1088292 obj_new 1.00913 SA_pAcc 1.93461e-72 Delta 0.00277225 SA_r 0.376578 freedomratio 0.175712
Iter 7000000 pBad 0.00685902 T 6.58193e-09 Obj 1.00907 Rho 0 GRdif 5.34348 success 1020941 failure 1382133 obj_new 1.00916 SA_pAcc 0 Delta -0.00205419 SA_r 0.276555 freedomratio 0.16719
Iter 7500000 pBad 0.00755756 T 1.98818e-09 Obj 1.00904 Rho 0 GRdif 5.27101 success 1025724 failure 1694590 obj_new 1.00904 SA_pAcc 1 Delta 0.00168746 SA_r 0.391599 freedomratio 0.162959
Iter 8000000 pBad 0.00387043 T 6.00564e-10 Obj 1.00902 Rho 0 GRdif 5.26095 success 1028409 failure 2015554 obj_new 1.00902 SA_pAcc 1 Delta -0.00341203 SA_r 0.73209 freedomratio 0.159934
Iter 8500000 pBad 0.00139242 T 1.8141e-10 Obj 1.00901 Rho 0 GRdif 5.25337 success 1030502 failure 2342904 obj_new 1.00901 SA_pAcc 1 Delta 0.000153968 SA_r 0.528346 freedomratio 0.157315
Iter 9000000 pBad 0.00082452 T 5.4798e-11 Obj 1.00899 Rho 0 GRdif 5.25702 success 1032606 failure 2681698 obj_new 1.00901 SA_pAcc 0 Delta -0.000304899 SA_r 0.0432775 freedomratio 0.152644
Iter 9500000 pBad 0.000329257 T 1.65527e-11 Obj 1.00899 Rho 0 GRdif 5.2449 success 1033907 failure 3026277 obj_new 1.00899 SA_pAcc 2.43198e-119 Delta 0.000120276 SA_r 0.857167 freedomratio 0.151578
Good enough
iter 9.9976e+06 obj1.00899 rho 0 GRdif 5.24368
Training:
Lab Growth Rates:
0.617 0.5 0.4 0.4 0.33 0.55 0.54 0.58 0.1 0.09 0.47 0.636 0.4 0.38 0.45 0.4 0.54 0.42 0.23 0.23 0.47 0.23 0.4 0.53 0.56 0.43 0.58 0.485 0.2 0.4 0.33 0.42 0.3 0.56 0.52 0.648 0.65 0.4 0.1 0.17 0.55 0.56 0.5 0.3 0.37 0.46 0.5 0.47 0.485 0.46 0.4 1.67 0.48 0.1 0.54 0.33 0.45 0.5 0.4 0.58 0.4 0.5 0.59 0.6 0.54 0.23 0.4 0.58 1.05 0.4 0.25 0.55 0.5 0.11 1.483 0.41 0.47 0.38 0.4 0.53 0.65 1.03 0.59 0.23 0.4 1.345 0.53 0.4 0.46 0.42 0.59 0.686 0.377 0.59 0.37 0.43 0.25 0.47 0.37 0.4 0.22 0.25 0.4 0.17 0.56 0.54 0.45 0.4 0.37 1.4 0.56 0.22 0.4 0.45 0.1 0.48 0.54 0.58 0.59 0.686 0.53 0.26 0.34 0.56 0.4 0.54 0.56 0.5 0.46 0.68 0.59 0.47 0.4 0.36 0.52 0.54 0.4 0.465 1.483 0.4 0.58 0.38 0.481 0.37 0.47 0.4 0.635 0.51 0.648 1.483 0.55 0.09 0.4 0.901 0.54 0.33 0.47 0.5 1.483 0.65 0.5 0.68 0.42 0.476 0.42 0.59 0.47 0.4 0.635 0.31 0.58 0.4 1.345 0.46 0.42 1.05 0.33 0.54 0.48 0.46 0.43 0.56 1.345 0.31 0.58 0.4 0.37 0.5 0.27 0.47 0.46 0.71 0.47 0.59 0.53 1.42 0.33 0.71 0.37 0.37 0.71 0.25 0.48 0.46 0.3 0.43 0.47 0.11 0.43 0.53 1.46 1.248 0.762 0.3 0.54 0.47 0.39 0.59 0.55 0.4 0.476 0.7 0.47 0.4 0.47 0.5 0.22 0.648 0.36 0.53 0.41 0.47 0.53 0.3 0.637 0.377 0.42 0.41 0.37 0.36 1.46 0.42 0.5 0.36 1.05 0.65 0.465 0.46 0.22 0.4 0.45 0.54 0.5 0.5 1.345 0.4 0.4 0.36 0.45 0.58 0.4 1.35 0.43 0.43 0.43 0.4 0.59 1.345 0.43 0.54 0.47 0.22 0.3 0.56 0.42 0.41 0.53 0.46 0.1 0.22 0.45 0.5 0.41 1.248 0.2 0.37 0.7 0.46 0.23 0.58 1.483 0.3 0.42 0.5 0.56 0.4 0.53 1.248 0.3 0.65 0.45 1.46 0.635 0.901 0.56 0.56 0.36 0.25 0.25 0.4 0.5 1.483 0.42 0.27 0.59 0.37 0.39 0.55 0.58 0.42 0.4 0.45 0.901 0.4 0.485 1.483 0.55 0.27 0.5 0.7 0.53 0.36 0.58 0.5 0.54 0.46 0.5 0.5 0.54 0.6 0.36 0.42 0.2 0.4 0.41 0.41 0.5 0.686 0.52 0.32 0.46 0.39 0.59 0.52 0.58 0.39 0.481 1.66 0.637 0.901 0.52 0.46 0.4 0.54 0.762 0.301 0.4 1.345 0.55 0.47 0.33 0.47 0.53 0.5 0.42 0.56 0.3 0.58 0.54 0.485 0.45 0.46 0.42 0.54 0.54 0.54 0.6 0.46 0.3 0.4 0.476 0.46 1.345 0.54 0.27 0.37 0.23 0.45 0.56 0.46 0.301 0.42 0.34 0.17 0.65 0.14 0.4 0.53 0.47 0.26 0.59 0.42 0.4 1.345 0.37 0.49 0.68 0.5 0.4 1.38 0.4 0.4 0.55 0.4 0.34 0.45 0.41 0.59 1.483 0.5 1.43 0.26 1.248 0.49 0.48 0.25 0.43 0.5 0.27 0.45 1.483 1.345 1.67 0.724 0.45 0.58 0.56 0.5 1.49 0.4 0.5 0.55 0.27 1.66 0.5 0.58 0.4 0.636 1.345 0.52 0.3 1.483 0.4 0.11 0.51 0.37 0.65 0.5 0.53 0.7 0.58 0.65 1.248 0.49 0.58 0.48 0.47 0.37 0.68 0.4 0.52 1.345 0.47 0.301 0.45 0.38 0.54 0.3 0.48 0.68 0.59 0.23 0.56 0.465 0.54 0.38 0.3 0.4 1.46 0.47 0.23 0.33 0.22 0.48 0.5 0.724 0.4 0.54 0.14 0.33 0.58 0.54 0.45 0.39 0.51 0.1 0.52 0.46 1.345 0.39 0.4 0.54 0.52 0.45 0.31 0.5 0.46 0.54 0.52 0.6 0.43 0.55 0.45 0.58 0.637 0.4 0.41 1.05 0.4 1.05 0.32 0.52 0.53 0.636 0.4 0.65 0.1 0.377 0.22 0.36 0.901 0.47 0.32 0.58 0.37 0.901 0.46 0.25 0.43 0.4 0.3 0.1 1.43 0.5 0.5 0.52 1.483 0.56 1.44 0.54 0.4 0.481 0.762 1.483 0.56 0.48 0.45 0.09 0.4 0.1 0.762 0.42 0.724 0.59 0.55 0.4
Dot Production Prediction of Lab Growth Rates:
0.627761 0.383417 0.406319 0.404916 0.466562 0.455906 0.449789 0.378737 0.30641 0.407495 0.419757 0.707781 0.405544 0.400641 0.403127 0.398538 0.405901 0.379336 0.527707 0.474275 0.413359 0.538549 0.403125 0.40152 0.537416 0.431326 0.483198 0.556843 0.374063 0.405209 0.462083 0.389853 0.29035 0.541116 0.41871 0.70493 0.626968 0.400692 0.30296 0.388185 0.465255 0.541108 0.532616 0.300128 0.455024 0.389444 0.527443 0.436766 0.551671 0.402071 0.403348 1.41476 0.357707 0.433466 0.41451 0.412406 0.42272 0.475245 0.39358 0.480385 0.400786 0.480723 0.386457 0.300466 0.447332 0.529071 0.403701 0.418269 1.03751 0.403066 0.483538 0.553525 0.384779 0.406283 0.656134 0.42295 0.407485 0.346797 0.401484 0.443993 0.649909 1.03042 0.544533 0.533946 0.393626 0.695055 0.538239 0.40166 0.466543 0.377943 0.377475 0.712266 0.586534 0.385192 0.452967 0.412484 1.49084 0.384218 0.479342 0.39897 0.482049 0.390851 0.400098 0.462464 0.481056 0.4002 1.50027 0.407744 0.347033 1.40043 0.548992 0.468674 0.399396 0.359377 0.347523 0.369198 0.455418 0.472634 0.389863 0.714036 0.536937 0.474386 0.383237 0.543488 0.402061 0.384059 0.54592 0.375877 0.377383 0.669173 0.554915 0.409427 0.391576 0.407155 0.405071 0.365537 0.401806 0.564631 0.654743 0.39575 0.476466 0.402377 0.564775 0.456011 0.464505 0.400392 0.707082 0.443226 0.708398 0.680874 0.458556 0.403507 0.402755 0.89687 0.425291 0.444204 0.415943 0.541665 0.667661 0.65017 0.415298 0.681077 0.397838 0.573343 0.469836 0.377698 0.395402 0.401777 0.708142 0.476132 0.477766 0.409273 0.687675 0.467021 0.428498 1.05045 0.383987 0.535033 0.392273 0.426972 0.420459 0.544391 0.666684 0.466853 0.480397 0.409736 0.456012 0.500863 0.405323 0.402778 0.455658 0.708152 0.411311 0.370867 0.534977 1.49941 0.381901 0.703521 0.462676 0.475744 0.71002 0.396872 0.373598 0.424007 0.311187 0.407529 0.421896 0.432596 0.441239 0.427761 0.945761 0.95108 0.906046 0.417736 0.431959 0.404459 0.370829 0.372579 0.553072 0.405748 0.571129 0.700987 0.432626 0.399671 0.474152 0.423937 0.454548 0.704754 0.41021 0.547196 0.407546 0.426732 0.413391 0.300165 0.705681 0.579785 0.354713 0.382461 0.486308 0.407465 1.30293 0.388267 0.494624 0.453152 1.05168 0.649808 0.571881 0.458119 0.414584 0.370031 1.4714 0.533676 0.429889 0.516099 0.689358 0.401983 0.402809 0.401272 0.440649 0.41021 0.400114 1.35059 0.413318 0.412807 0.431163 0.399284 0.374925 0.69302 0.419273 0.535629 0.411727 0.477878 0.395241 0.475169 0.395867 0.571304 0.460869 0.45653 0.43926 0.469133 0.356251 0.530505 0.422875 0.935468 0.396348 0.458322 0.692345 0.437721 0.53295 0.479745 0.672492 0.303259 0.393515 0.488775 0.544772 0.403097 0.428704 0.942079 0.306132 0.650587 1.4836 0.989383 0.708008 0.902873 0.46966 0.530116 0.422765 0.563936 0.459905 0.407249 0.393372 0.671936 0.374068 0.402777 0.548394 0.441476 0.366811 0.55562 0.479811 0.388582 0.405374 0.399463 0.901348 0.405137 0.570593 0.688936 0.463744 0.418612 0.486684 0.698421 0.351405 0.394747 0.442699 0.402769 0.44879 0.462364 0.505667 0.530984 0.40084 0.308685 0.444486 0.382049 0.397453 0.406228 0.568126 0.400842 0.506649 0.713094 0.42706 0.375591 0.430075 0.399015 0.546622 0.412007 0.411338 0.392641 0.557438 1.66047 0.703208 0.902406 0.425262 0.429722 0.406668 0.453467 0.927151 0.588547 0.401462 0.657572 0.466914 0.446379 0.384528 0.426166 0.530252 0.486825 0.366722 0.477382 0.314256 0.476203 0.454232 0.567751 1.4658 0.460214 0.481311 0.377237 0.535067 0.410878 0.29826 0.455059 0.369238 0.377384 0.571218 0.418083 0.680464 0.40081 0.386275 0.413159 0.541025 1.47925 0.472224 0.463319 0.579945 0.478646 0.377359 0.375147 0.654179 0.140092 0.403802 0.450839 0.42252 0.428543 0.380541 0.379302 0.397975 0.675715 0.48177 0.446591 0.678634 0.383276 0.395949 1.00305 0.406724 0.392173 0.461979 0.4007 0.3795 0.409315 0.571204 0.544411 0.670716 0.537327 1.44241 0.384313 0.9394 0.421099 0.423983 0.394056 0.404547 0.484562 0.354025 1.52377 0.681214 0.705152 1.476 0.706024 0.419695 0.480198 0.479096 0.479332 1.50027 0.40252 0.500633 0.54714 0.51117 1.66068 0.521808 0.411858 0.4073 0.684666 0.676947 0.412655 0.296854 0.680572 0.409846 0.436178 0.444379 0.456331 0.63911 0.414556 0.379549 0.703446 0.427618 0.65435 0.934854 0.430967 0.476565 0.376856 0.439037 0.416462 0.684098 0.397076 0.429843 0.684591 0.432792 0.58316 0.421446 0.377249 0.541782 0.30179 0.372509 0.680299 0.551102 0.473084 0.536346 0.565595 0.545669 0.358851 0.311288 0.407825 0.995696 0.401954 0.473892 0.416823 0.470091 0.383307 0.475846 0.711454 0.398091 0.41886 0.139617 0.419091 0.386223 0.457393 0.370645 0.412814 0.458098 1.40215 0.413143 0.427328 0.689564 0.367128 0.407902 0.53748 0.401906 1.46931 0.464049 0.468267 0.368645 0.405107 0.425701 0.298973 0.425676 0.549759 0.408877 0.459689 0.703942 0.404834 0.434866 0.981957 0.405639 1.31607 0.399876 0.411937 0.545211 0.705395 0.397932 0.638089 0.379349 0.574732 0.437889 0.385019 0.897043 0.400126 0.395544 0.419729 0.456064 0.907009 0.462431 0.394775 0.421391 0.403925 0.271944 0.321335 1.42805 0.410152 0.393627 0.437379 0.656016 0.544315 1.49511 0.409806 0.404196 0.555643 0.914683 0.688517 0.541546 0.405973 0.398274 0.466077 0.40274 0.569269 0.933611 0.393505 0.711325 0.552722 0.546954 0.40754
Testing:
Lab Growth Rates:
0.19 0.19 0.19
Dot Production Prediction of Lab Growth Rates:
0.407906 0.3996 0.399829
Best performance so far: 
Obj: 4.6562e-310Rho: 6.5069e-314Diff: 4.6562e-310
Test:
 Lab Growth Rates:
0.19 0.19 0.19Dot Product Prediction of Growth Rate:
0.4079064 0.3996004 0.3998287