seed =  5 traits =  1 
Training: part  134 
Training: part  134 
Round  1 
 Goal of obj  0.99 
Temperature range:  0.125 5e-12 
Cycle 1Round 1
Iter 500000 pBad 0.942017 T 0.0377584 Obj 1.17829 Rho 0 GRdif 96.14 success 147021 failure 1471 obj_new 1.17829 SA_pAcc 1.0001 Delta -0.0224275 SA_r 0.512067 freedomratio 0.373724
Iter 1000000 pBad 0.886172 T 0.0114056 Obj 1.05557 Rho 0 GRdif 31.6904 success 293234 failure 5607 obj_new 1.05557 SA_pAcc 1 Delta -0.0406417 SA_r 0.75793 freedomratio 0.370417
Iter 1500000 pBad 0.858783 T 0.00344524 Obj 1.02953 Rho 0 GRdif 17.054 success 439359 failure 11864 obj_new 1.02953 SA_pAcc 0.99574 Delta -0.717657 SA_r 0.609963 freedomratio 0.371356
Iter 2000000 pBad 0.791381 T 0.00104069 Obj 1.02392 Rho 0 GRdif 13.8543 success 584167 failure 20504 obj_new 1.02392 SA_pAcc 0.99805 Delta -0.675508 SA_r 0.812253 freedomratio 0.366479
Iter 2500000 pBad 0.771446 T 0.000314359 Obj 1.0171 Rho 0 GRdif 9.93514 success 726508 failure 34153 obj_new 1.0171 SA_pAcc 1 Delta -0.752911 SA_r 0.958146 freedomratio 0.369716
Iter 3000000 pBad 0.664419 T 9.49575e-05 Obj 1.01289 Rho 0 GRdif 7.50484 success 862725 failure 60251 obj_new 1.01289 SA_pAcc 1 Delta -0.51673 SA_r 0.290874 freedomratio 0.366708
Iter 3500000 pBad 0.456737 T 2.86835e-05 Obj 1.01154 Rho 0 GRdif 6.72276 success 988079 failure 110159 obj_new 1.01154 SA_pAcc 1 Delta 0.319442 SA_r 0.257611 freedomratio 0.35841
Iter 4000000 pBad 0.250734 T 8.66433e-06 Obj 1.01045 Rho 0 GRdif 6.09259 success 1096087 failure 194742 obj_new 1.01045 SA_pAcc 1 Delta 0.020297 SA_r 0.534824 freedomratio 0.340104
Iter 4500000 pBad 0.180428 T 2.61721e-06 Obj 1.00997 Rho 0 GRdif 5.81828 success 1181331 failure 327084 obj_new 1.00998 SA_pAcc 0.0825514 Delta 0.162198 SA_r 0.71907 freedomratio 0.329399
Iter 5000000 pBad 0.0755859 T 7.90571e-07 Obj 1.00949 Rho 0 GRdif 5.53687 success 1242012 failure 515434 obj_new 1.00949 SA_pAcc 0.47789 Delta 0.0221083 SA_r 0.344084 freedomratio 0.283777
Iter 5500000 pBad 0.056797 T 2.38805e-07 Obj 1.00911 Rho 0 GRdif 5.31247 success 1282009 failure 756465 obj_new 1.00911 SA_pAcc 1.48789 Delta -0.00721505 SA_r 0.527669 freedomratio 0.248516
Iter 6000000 pBad 0.0225843 T 7.21352e-08 Obj 1.00888 Rho 0 GRdif 5.17796 success 1305838 failure 1048349 obj_new 1.00888 SA_pAcc 0.918749 Delta 0.00345097 SA_r 0.903869 freedomratio 0.225038
Iter 6500000 pBad 0.0131578 T 2.17896e-08 Obj 1.00878 Rho 0 GRdif 5.12207 success 1320555 failure 1374811 obj_new 1.00878 SA_pAcc 1 Delta 0.012017 SA_r 0.400879 freedomratio 0.209585
Iter 7000000 pBad 0.00655996 T 6.58193e-09 Obj 1.00874 Rho 0 GRdif 5.1149 success 1329014 failure 1725125 obj_new 1.00877 SA_pAcc 0 Delta -0.00412617 SA_r 0.267799 freedomratio 0.203402
Iter 7500000 pBad 0.00390017 T 1.98818e-09 Obj 1.00872 Rho 0 GRdif 5.09182 success 1334563 failure 2089389 obj_new 1.00873 SA_pAcc 0 Delta 0.00352845 SA_r 0.30872 freedomratio 0.198308
Iter 8000000 pBad 0.00186236 T 6.00564e-10 Obj 1.00871 Rho 0 GRdif 5.08415 success 1338277 failure 2461412 obj_new 1.00871 SA_pAcc 0 Delta -0.000700167 SA_r 0.901839 freedomratio 0.193976
Iter 8500000 pBad 0.0010979 T 1.8141e-10 Obj 1.0087 Rho 0 GRdif 5.07856 success 1340985 failure 2841201 obj_new 1.0087 SA_pAcc 1 Delta -0.000246516 SA_r 0.911577 freedomratio 0.190942
Iter 9000000 pBad 0.001377 T 5.4798e-11 Obj 1.0087 Rho 0 GRdif 5.077 success 1342466 failure 3227132 obj_new 1.0087 SA_pAcc 0 Delta 0.00100669 SA_r 0.767519 freedomratio 0.189032
Iter 9500000 pBad 0.000464873 T 1.65527e-11 Obj 1.0087 Rho 0 GRdif 5.07869 success 1344317 failure 3612649 obj_new 1.0087 SA_pAcc 0 Delta -0.000262353 SA_r 0.579119 freedomratio 0.188001
Iter 10000000 pBad 0.00124329 T 5.00001e-12 Obj 1.0087 Rho 0 GRdif 5.0929 success 1345981 failure 4002152 obj_new 1.00873 SA_pAcc 0 Delta 0.000442372 SA_r 0.351709 freedomratio 0.184916
Cannot move further
iter 9.9995e+06 obj1.0087 rho 0 GRdif 5.07507
Training:
Lab Growth Rates:
0.4 0.33 0.5 0.43 0.48 0.31 0.46 0.56 0.465 0.37 0.4 0.36 0.5 0.65 0.45 0.54 0.41 0.48 0.1 0.4 0.53 0.22 0.59 0.23 0.25 0.901 0.46 0.47 0.54 0.53 0.648 0.901 0.59 0.5 0.19 0.42 0.11 0.1 0.724 1.345 0.46 0.4 0.54 0.54 1.345 0.4 0.53 0.39 0.5 0.54 0.485 0.4 0.7 0.37 0.59 0.4 1.03 1.345 0.25 0.58 1.345 0.47 0.4 0.54 0.52 0.27 0.46 0.53 0.45 0.52 0.49 0.54 0.47 0.637 0.48 0.4 0.1 0.4 0.58 0.45 0.55 0.3 0.45 0.41 0.42 1.483 1.43 0.901 0.6 0.23 0.301 0.52 0.65 0.648 0.25 0.41 1.42 0.45 0.4 0.485 0.68 0.43 0.65 0.4 0.65 0.54 0.55 0.3 0.4 1.4 0.3 0.42 0.4 0.33 0.59 0.39 0.58 0.36 0.55 0.56 0.36 0.43 0.3 0.4 0.46 0.5 0.4 0.38 1.345 0.47 1.483 0.46 0.37 0.301 0.4 0.37 0.686 0.4 0.4 0.37 0.58 0.58 0.55 0.54 0.476 0.45 0.4 0.33 0.26 0.27 0.377 0.56 0.33 0.5 0.43 0.42 1.345 0.42 0.636 0.485 0.22 0.42 0.4 0.26 0.42 1.05 0.4 0.2 0.33 0.53 0.485 0.3 0.56 0.27 0.5 0.46 0.17 1.35 0.22 0.53 0.3 0.5 0.39 0.68 0.36 0.58 0.54 0.47 0.637 0.59 0.901 0.54 0.43 0.47 0.4 0.25 0.1 0.19 0.54 0.46 0.686 0.43 0.58 0.11 0.37 0.4 0.56 0.47 1.46 0.4 0.14 0.5 0.42 0.19 0.2 0.4 0.39 0.23 0.09 1.483 0.59 0.54 0.3 0.42 0.17 0.41 0.25 0.4 0.4 0.55 0.37 0.42 1.483 0.4 0.39 0.3 0.37 0.42 0.54 0.56 0.4 0.47 0.65 0.45 0.4 0.45 0.5 0.5 0.56 0.52 0.5 0.617 1.483 0.635 0.37 0.59 0.54 0.22 0.58 0.52 0.5 1.46 0.23 0.45 0.46 0.68 0.4 0.52 0.3 0.6 0.42 0.59 0.22 0.46 0.38 0.636 0.58 0.42 0.58 0.31 1.05 0.6 0.22 0.6 0.4 0.45 0.762 0.47 0.46 0.46 0.56 0.4 0.762 0.481 0.53 0.11 0.46 0.47 0.47 0.53 0.58 0.32 0.54 0.5 0.45 0.37 0.4 0.56 0.58 0.45 0.48 0.3 0.37 0.46 0.3 0.53 0.5 0.4 0.58 0.4 0.476 0.55 0.59 0.45 0.47 1.483 0.45 0.55 0.5 0.56 0.54 0.636 0.41 0.25 0.3 0.56 0.377 0.46 0.58 0.58 0.37 0.59 0.5 0.301 1.49 0.5 0.59 0.56 0.58 0.4 0.58 0.53 1.248 0.55 0.56 0.47 0.762 0.25 0.41 0.476 0.5 0.51 0.1 0.36 1.05 0.46 0.56 0.686 0.56 0.54 0.4 0.33 0.901 0.45 0.42 0.42 0.55 0.648 0.22 0.54 0.52 0.53 0.65 0.635 0.27 1.38 1.67 0.52 0.17 0.09 1.46 0.27 0.46 0.47 0.42 0.38 0.48 0.58 0.25 0.465 1.05 0.37 0.3 0.47 0.54 1.248 0.5 0.5 0.56 0.36 1.248 0.481 0.901 0.23 1.345 0.14 0.4 0.58 0.33 0.65 0.53 1.345 0.3 0.71 0.45 0.34 0.23 0.1 0.7 0.762 0.52 0.4 0.5 0.43 0.68 0.53 0.58 1.345 1.44 0.1 0.1 0.51 0.37 0.34 0.33 0.37 0.36 1.66 0.36 0.31 0.4 0.46 0.71 0.26 0.22 0.34 0.27 0.23 0.49 0.38 0.4 0.46 0.4 0.43 0.635 0.48 0.5 0.4 0.65 0.54 0.4 0.4 1.248 0.49 0.54 0.47 0.5 0.5 0.55 0.5 1.483 0.56 0.5 0.47 0.5 0.724 0.53 0.32 1.43 0.47 0.45 0.56 0.46 0.09 1.46 0.4 1.05 0.59 0.43 0.52 0.47 0.32 0.59 1.66 0.637 0.36 0.54 1.483 0.59 0.481 0.42 0.724 0.43 0.52 0.54 0.4 0.4 0.47 0.5 0.4 0.4 0.45 0.47 0.58 0.43 0.47 0.48 0.54 0.45 0.2 0.43 0.48 0.7 0.54 0.37 0.41 1.345 0.41 0.54 1.483 0.59 0.33 0.23 0.4 0.4 1.483 0.5 0.54 0.5 0.5 0.48 0.4 0.55 0.51 0.71 0.65 0.47 1.67 1.248 1.483 1.345 0.23 0.52 0.377 0.4 0.7 0.53 0.59 0.46 0.5 0.68 0.39 0.1 1.345 0.4 0.38 0.465 0.4 1.483 0.41 0.47 0.42 0.4 0.4 0.5 0.55
Dot Production Prediction of Lab Growth Rates:
0.400944 0.348714 0.543137 0.39068 0.324477 0.527257 0.371875 0.534889 0.510441 0.446968 0.401297 0.396978 0.484158 0.649926 0.421439 0.402907 0.376171 0.37836 0.451307 0.402427 0.526886 0.467431 0.353178 0.529253 0.347078 1.1903 0.503506 0.382057 0.327243 0.485141 0.691103 0.901151 0.357659 0.419569 0.36592 0.373865 0.368686 0.625163 0.697594 0.846085 0.443539 0.403537 0.420711 0.406094 0.786696 0.400562 0.414028 0.340094 0.513484 0.360197 0.511672 0.400077 0.703705 0.535508 0.360203 0.400888 1.03001 0.83944 0.398347 0.338638 0.839528 0.37751 0.401744 0.395163 0.391043 0.577193 0.444193 0.359538 1.4405 0.400743 0.398727 0.380614 0.415731 0.679761 0.342504 0.365739 0.42904 0.400565 0.476108 1.52643 0.544009 0.310587 0.35962 0.506384 0.364175 0.835947 1.43286 0.900786 0.321975 0.447101 0.510031 0.404568 0.640106 0.688826 0.398223 0.383829 1.45144 1.52385 0.396663 0.500731 0.683134 0.4047 0.650059 0.400764 0.640579 0.458993 0.448202 0.298544 0.403976 1.46402 0.309088 0.57189 0.401214 0.363962 0.387647 0.383599 0.479175 0.379809 0.556515 0.536527 0.38183 0.434299 0.264528 0.404159 0.4254 0.499905 0.40173 0.40021 0.838304 0.459235 0.812301 0.363521 0.426433 0.506022 0.399301 0.43597 0.70287 0.400276 0.396266 0.411766 0.377727 0.477916 0.552263 0.455043 0.518427 0.368447 0.400702 0.386943 0.534767 0.33534 0.51488 0.523799 0.355971 0.368503 0.42776 0.56859 0.805593 0.388049 0.691505 0.501482 0.468195 0.358281 0.401691 0.395903 0.579036 1.25023 0.40096 0.411825 0.404916 0.51835 0.510062 0.287872 0.48264 0.375948 0.530892 0.332042 0.36064 1.35 0.443181 0.314535 0.369614 0.482615 0.34906 0.681058 0.372193 0.492087 0.451401 0.378978 0.679 0.353741 0.901 0.384382 0.444318 0.447329 0.400458 0.504228 0.364593 0.374729 0.540875 0.459398 0.70221 0.414105 0.477106 0.394082 0.455811 0.401031 0.549263 0.387878 1.23905 0.402127 0.139944 0.544365 0.377834 0.367795 0.395452 0.403191 0.357406 0.447771 0.375333 0.818855 0.5466 0.415202 0.306178 0.396482 0.440748 0.50704 0.53931 0.399862 0.390637 0.453895 0.442313 0.390873 0.771455 0.400363 0.333529 0.314725 0.440048 0.335559 0.450641 0.477288 0.401562 0.47847 0.620448 0.423608 0.397602 0.347327 0.366406 0.35908 0.479961 0.427308 0.527392 0.617632 0.820489 0.685501 0.458209 0.544896 0.421468 0.460627 0.373099 0.420643 0.493134 1.00813 0.524674 0.370333 0.388655 0.674724 0.403556 0.376828 0.300008 0.312014 0.346149 0.552893 0.470538 0.338064 0.352508 0.672949 0.479289 0.394654 0.396624 0.5282 1.05035 0.315126 0.407436 0.321209 0.400397 0.392058 1.36054 0.3609 0.443612 0.419087 0.548845 0.414524 1.37127 0.505721 0.371236 0.408018 0.510667 0.413304 0.422792 0.440562 0.397079 0.358304 0.538111 0.392073 0.350337 0.458409 0.403879 0.547802 0.388103 0.410174 0.348295 0.325019 0.441728 0.468888 0.428028 0.529928 0.480104 0.394496 0.391525 0.395844 0.515342 0.445288 0.550561 0.400715 0.384253 0.810771 1.43992 0.55274 0.526096 0.540769 0.392594 0.692906 0.389484 1.47294 0.404848 0.537336 0.511678 0.45972 0.482384 0.467943 0.447764 0.344919 0.486176 0.505711 1.52643 0.506044 0.364876 0.533329 0.48477 0.400012 0.411253 0.389271 1.248 0.458571 0.483849 0.396992 1.34562 0.643572 0.420148 0.517055 0.532163 0.436476 0.411878 0.38615 1.04967 0.387871 0.484821 0.702552 0.524266 0.544411 0.399908 0.49915 0.901 1.44728 0.381679 0.373918 0.54368 0.687261 0.466097 0.404409 0.390868 0.534204 0.665676 0.687299 0.389624 1.04687 1.44715 0.392324 0.359581 0.401888 0.978858 0.407874 0.416079 0.48195 0.330747 0.347779 0.380115 0.479582 0.390521 0.517068 1.05 0.458141 0.300201 0.388967 0.461464 1.24067 0.500055 0.359281 0.482216 0.36865 1.25669 0.503044 0.899749 0.516963 0.839875 0.140012 0.400834 0.48131 0.464616 0.670532 0.52683 0.81582 0.329634 0.693781 0.384974 0.347294 0.449806 0.449368 0.699771 1.34961 0.408642 0.398539 0.503456 0.447751 0.677554 0.546704 0.362678 0.85798 1.50054 0.483553 1.31819 0.413933 0.337331 0.331751 0.404819 0.447097 0.425175 1.66 0.430343 0.527226 0.402095 0.490544 0.698035 0.450318 0.380412 0.366839 0.402126 0.532963 0.415403 0.395114 0.363737 0.464543 0.398397 0.402632 0.685158 0.333247 0.367121 0.391387 0.659898 0.538528 0.399832 0.391078 1.23952 0.399882 0.548848 0.459974 0.499837 0.364594 0.457849 0.392859 0.78193 0.537053 0.359093 0.384824 0.470353 0.697487 0.525653 0.337529 1.42682 0.40093 1.42694 0.531364 0.454741 0.450528 1.00778 0.390776 1.0264 0.348398 0.405837 0.382064 0.410688 0.383184 0.549082 1.65806 0.679289 0.37096 0.366074 0.792661 0.545863 0.502465 0.379204 0.695759 0.431805 0.399908 0.542758 0.392826 0.394005 0.396298 0.474113 0.40341 0.405326 1.49403 0.417556 0.475874 0.39833 0.388492 0.379974 0.454517 0.425758 0.421504 0.447488 0.368672 0.700159 0.407064 0.437309 0.349792 0.79498 0.499698 0.54654 0.810653 0.546285 0.441937 0.522467 0.394962 0.399877 0.818773 0.39031 0.414585 0.477715 0.529792 0.348444 0.400982 0.542292 0.414622 0.699687 0.649536 0.417787 1.48548 1.23992 0.820195 0.809782 0.536336 0.396524 0.506781 0.390709 0.699715 0.408594 0.404972 0.465641 0.483461 0.68 0.364392 0.40576 0.856142 0.398637 0.355688 0.511074 0.401982 0.802846 0.403429 0.412705 0.412015 0.401229 0.393222 0.399676 0.468439
Testing:
Lab Growth Rates:
0.4 0.4 0.4
Dot Production Prediction of Lab Growth Rates:
0.400384 0.393882 0.401697
Best performance so far: 
Obj: 4.64809e-310Rho: 2.26291e-314Diff: 4.64809e-310
Anneal again with the best G and E so far as input
Cycle 2Round 1
Iter 500000 pBad 0.947633 T 0.0377584 Obj 1.19302 Rho 0 GRdif 103.42 success 112215 failure 1232 obj_new 1.19302 SA_pAcc 1 Delta -0.0355995 SA_r 0.536776 freedomratio 0.265399
Iter 1000000 pBad 0.871295 T 0.0114056 Obj 1.08449 Rho 0 GRdif 47.5298 success 223404 failure 4491 obj_new 1.08449 SA_pAcc 1.0002 Delta -0.503321 SA_r 0.83288 freedomratio 0.266606
Iter 1500000 pBad 0.832148 T 0.00344524 Obj 1.03897 Rho 0 GRdif 22.4038 success 334901 failure 10013 obj_new 1.03897 SA_pAcc 1 Delta 0.0291297 SA_r 0.883338 freedomratio 0.264799
Iter 2000000 pBad 0.78317 T 0.00104069 Obj 1.03048 Rho 0 GRdif 17.5954 success 445849 failure 17257 obj_new 1.03048 SA_pAcc 1 Delta 0.245452 SA_r 0.824633 freedomratio 0.262192
Iter 2500000 pBad 0.751895 T 0.000314359 Obj 1.01922 Rho 0 GRdif 11.1573 success 555430 failure 27588 obj_new 1.01922 SA_pAcc 1 Delta 0.309898 SA_r 0.567744 freedomratio 0.262192
Iter 3000000 pBad 0.660548 T 9.49575e-05 Obj 1.01553 Rho 0 GRdif 9.02849 success 661604 failure 44742 obj_new 1.01553 SA_pAcc 1 Delta -0.375282 SA_r 0.0591266 freedomratio 0.266001
Iter 3500000 pBad 0.489071 T 2.86835e-05 Obj 1.01375 Rho 0 GRdif 8.00529 success 761038 failure 76021 obj_new 1.01375 SA_pAcc 0.436937 Delta 0.29463 SA_r 0.22399 freedomratio 0.259407
Iter 4000000 pBad 0.313545 T 8.66433e-06 Obj 1.01283 Rho 0 GRdif 7.46768 success 847801 failure 134063 obj_new 1.01283 SA_pAcc 1 Delta -0.152239 SA_r 0.138621 freedomratio 0.256455
Iter 4500000 pBad 0.177026 T 2.61721e-06 Obj 1.01174 Rho 0 GRdif 6.84051 success 921497 failure 221788 obj_new 1.01174 SA_pAcc 0.482107 Delta -0.119171 SA_r 0.313538 freedomratio 0.24255
Iter 5000000 pBad 0.0767809 T 7.90571e-07 Obj 1.01091 Rho 0 GRdif 6.35782 success 973936 failure 361702 obj_new 1.01091 SA_pAcc 1 Delta 0.0107874 SA_r 0.29061 freedomratio 0.222898
Iter 5500000 pBad 0.0574345 T 2.38805e-07 Obj 1.01045 Rho 0 GRdif 6.09096 success 1007302 failure 557246 obj_new 1.01045 SA_pAcc 1 Delta -0.0561907 SA_r 0.121638 freedomratio 0.198846
Iter 6000000 pBad 0.0197409 T 7.21352e-08 Obj 1.01022 Rho 0 GRdif 5.95603 success 1027236 failure 800199 obj_new 1.01022 SA_pAcc 2.49653 Delta 0.0161927 SA_r 0.587415 freedomratio 0.183469
Iter 6500000 pBad 0.0158305 T 2.17896e-08 Obj 1.01014 Rho 0 GRdif 5.91488 success 1038963 failure 1078820 obj_new 1.01014 SA_pAcc 8.56702e-24 Delta 0.0017825 SA_r 0.0830878 freedomratio 0.174197
Iter 7000000 pBad 0.0059754 T 6.58193e-09 Obj 1.01008 Rho 0 GRdif 5.87782 success 1046286 failure 1378002 obj_new 1.01008 SA_pAcc 1.85565e-10 Delta 0.00471932 SA_r 0.286337 freedomratio 0.167716
Iter 7500000 pBad 0.00348472 T 1.98818e-09 Obj 1.01005 Rho 0 GRdif 5.86148 success 1050915 failure 1692455 obj_new 1.01005 SA_pAcc 3.10442e-69 Delta -0.00270716 SA_r 0.710892 freedomratio 0.163459
Iter 8000000 pBad 0.00296034 T 6.00564e-10 Obj 1.01003 Rho 0 GRdif 5.90604 success 1053295 failure 2017651 obj_new 1.01013 SA_pAcc 0 Delta 7.00291e-05 SA_r 0.783895 freedomratio 0.160592
Iter 8500000 pBad 0.00252983 T 1.8141e-10 Obj 1.01003 Rho 0 GRdif 5.84873 success 1054827 failure 2347641 obj_new 1.01003 SA_pAcc 0 Delta -0.00225509 SA_r 0.680217 freedomratio 0.159978
Iter 9000000 pBad 0.00121281 T 5.4798e-11 Obj 1.01002 Rho 0 GRdif 5.84007 success 1058135 failure 2681391 obj_new 1.01002 SA_pAcc 1 Delta 0.00113567 SA_r 0.215711 freedomratio 0.154332
Iter 9500000 pBad 0.000489146 T 1.65527e-11 Obj 1.01001 Rho 0 GRdif 5.85045 success 1062581 failure 3032666 obj_new 1.01003 SA_pAcc 0 Delta 0.000145094 SA_r 0.816697 freedomratio 0.147088
Good enough
iter 9.99999e+06 obj1.01 rho 0 GRdif 5.8336
Training:
Lab Growth Rates:
0.4 0.33 0.5 0.43 0.48 0.31 0.46 0.56 0.465 0.37 0.4 0.36 0.5 0.65 0.45 0.54 0.41 0.48 0.1 0.4 0.53 0.22 0.59 0.23 0.25 0.901 0.46 0.47 0.54 0.53 0.648 0.901 0.59 0.5 0.19 0.42 0.11 0.1 0.724 1.345 0.46 0.4 0.54 0.54 1.345 0.4 0.53 0.39 0.5 0.54 0.485 0.4 0.7 0.37 0.59 0.4 1.03 1.345 0.25 0.58 1.345 0.47 0.4 0.54 0.52 0.27 0.46 0.53 0.45 0.52 0.49 0.54 0.47 0.637 0.48 0.4 0.1 0.4 0.58 0.45 0.55 0.3 0.45 0.41 0.42 1.483 1.43 0.901 0.6 0.23 0.301 0.52 0.65 0.648 0.25 0.41 1.42 0.45 0.4 0.485 0.68 0.43 0.65 0.4 0.65 0.54 0.55 0.3 0.4 1.4 0.3 0.42 0.4 0.33 0.59 0.39 0.58 0.36 0.55 0.56 0.36 0.43 0.3 0.4 0.46 0.5 0.4 0.38 1.345 0.47 1.483 0.46 0.37 0.301 0.4 0.37 0.686 0.4 0.4 0.37 0.58 0.58 0.55 0.54 0.476 0.45 0.4 0.33 0.26 0.27 0.377 0.56 0.33 0.5 0.43 0.42 1.345 0.42 0.636 0.485 0.22 0.42 0.4 0.26 0.42 1.05 0.4 0.2 0.33 0.53 0.485 0.3 0.56 0.27 0.5 0.46 0.17 1.35 0.22 0.53 0.3 0.5 0.39 0.68 0.36 0.58 0.54 0.47 0.637 0.59 0.901 0.54 0.43 0.47 0.4 0.25 0.1 0.19 0.54 0.46 0.686 0.43 0.58 0.11 0.37 0.4 0.56 0.47 1.46 0.4 0.14 0.5 0.42 0.19 0.2 0.4 0.39 0.23 0.09 1.483 0.59 0.54 0.3 0.42 0.17 0.41 0.25 0.4 0.4 0.55 0.37 0.42 1.483 0.4 0.39 0.3 0.37 0.42 0.54 0.56 0.4 0.47 0.65 0.45 0.4 0.45 0.5 0.5 0.56 0.52 0.5 0.617 1.483 0.635 0.37 0.59 0.54 0.22 0.58 0.52 0.5 1.46 0.23 0.45 0.46 0.68 0.4 0.52 0.3 0.6 0.42 0.59 0.22 0.46 0.38 0.636 0.58 0.42 0.58 0.31 1.05 0.6 0.22 0.6 0.4 0.45 0.762 0.47 0.46 0.46 0.56 0.4 0.762 0.481 0.53 0.11 0.46 0.47 0.47 0.53 0.58 0.32 0.54 0.5 0.45 0.37 0.4 0.56 0.58 0.45 0.48 0.3 0.37 0.46 0.3 0.53 0.5 0.4 0.58 0.4 0.476 0.55 0.59 0.45 0.47 1.483 0.45 0.55 0.5 0.56 0.54 0.636 0.41 0.25 0.3 0.56 0.377 0.46 0.58 0.58 0.37 0.59 0.5 0.301 1.49 0.5 0.59 0.56 0.58 0.4 0.58 0.53 1.248 0.55 0.56 0.47 0.762 0.25 0.41 0.476 0.5 0.51 0.1 0.36 1.05 0.46 0.56 0.686 0.56 0.54 0.4 0.33 0.901 0.45 0.42 0.42 0.55 0.648 0.22 0.54 0.52 0.53 0.65 0.635 0.27 1.38 1.67 0.52 0.17 0.09 1.46 0.27 0.46 0.47 0.42 0.38 0.48 0.58 0.25 0.465 1.05 0.37 0.3 0.47 0.54 1.248 0.5 0.5 0.56 0.36 1.248 0.481 0.901 0.23 1.345 0.14 0.4 0.58 0.33 0.65 0.53 1.345 0.3 0.71 0.45 0.34 0.23 0.1 0.7 0.762 0.52 0.4 0.5 0.43 0.68 0.53 0.58 1.345 1.44 0.1 0.1 0.51 0.37 0.34 0.33 0.37 0.36 1.66 0.36 0.31 0.4 0.46 0.71 0.26 0.22 0.34 0.27 0.23 0.49 0.38 0.4 0.46 0.4 0.43 0.635 0.48 0.5 0.4 0.65 0.54 0.4 0.4 1.248 0.49 0.54 0.47 0.5 0.5 0.55 0.5 1.483 0.56 0.5 0.47 0.5 0.724 0.53 0.32 1.43 0.47 0.45 0.56 0.46 0.09 1.46 0.4 1.05 0.59 0.43 0.52 0.47 0.32 0.59 1.66 0.637 0.36 0.54 1.483 0.59 0.481 0.42 0.724 0.43 0.52 0.54 0.4 0.4 0.47 0.5 0.4 0.4 0.45 0.47 0.58 0.43 0.47 0.48 0.54 0.45 0.2 0.43 0.48 0.7 0.54 0.37 0.41 1.345 0.41 0.54 1.483 0.59 0.33 0.23 0.4 0.4 1.483 0.5 0.54 0.5 0.5 0.48 0.4 0.55 0.51 0.71 0.65 0.47 1.67 1.248 1.483 1.345 0.23 0.52 0.377 0.4 0.7 0.53 0.59 0.46 0.5 0.68 0.39 0.1 1.345 0.4 0.38 0.465 0.4 1.483 0.41 0.47 0.42 0.4 0.4 0.5 0.55
Dot Production Prediction of Lab Growth Rates:
0.407134 0.358857 0.545455 0.40475 0.341804 0.462729 0.396393 0.539535 0.505667 0.454769 0.404171 0.410521 0.501819 0.661383 0.428488 0.440973 0.383293 0.388619 0.475029 0.407887 0.513311 0.472786 0.383988 0.525576 0.362787 0.849817 0.498778 0.417705 0.348013 0.485115 0.6982 1.32445 0.384207 0.428583 0.38431 0.376413 0.391636 0.668745 0.709725 0.874309 0.428005 0.408112 0.402191 0.390019 0.8247 0.41048 0.432648 0.352723 0.544559 0.369555 0.498528 0.405484 0.702035 0.518257 0.353312 0.412094 1.04512 0.832172 0.393648 0.367066 0.84806 0.38733 0.407014 0.427451 0.417903 0.59245 0.475597 0.388254 1.40123 0.407159 0.414195 0.380504 0.452431 0.682499 0.37988 0.376293 0.99788 0.406568 0.491043 1.45804 0.556878 0.333949 0.371489 0.510128 0.371859 0.835141 1.45359 1.32958 0.318502 0.472194 0.535343 0.378974 0.647249 0.695195 0.396814 0.399077 1.44605 1.44995 0.405799 0.471956 0.690071 0.419589 0.660198 0.408323 0.642525 0.461116 0.447038 0.307696 0.41267 1.44345 0.306624 0.567189 0.414015 0.363421 0.368836 0.426803 0.49023 0.392706 0.571924 0.538674 0.398464 0.387573 0.264493 0.415694 0.408603 0.512719 0.411003 0.377206 0.859527 0.497796 0.825772 0.361141 0.415408 0.517206 0.402492 0.450347 0.713275 0.406341 0.40129 0.420399 0.424021 0.490819 0.571718 0.457857 0.514983 0.372348 0.404904 0.416918 0.516693 0.337388 0.520092 0.51891 0.386907 0.38162 0.432163 0.544468 0.840323 0.380227 0.703026 0.476032 0.470839 0.378167 0.40884 0.378074 0.555266 1.48684 0.408667 0.44585 0.412653 0.499257 0.497114 0.305744 0.496286 0.373921 0.54839 0.346515 0.355133 1.38278 0.473728 0.33151 0.364741 0.491841 0.352305 0.690574 0.386791 0.490792 0.44678 0.395708 0.683882 0.365744 1.3311 0.400893 0.449389 0.507829 0.402723 0.475028 0.398045 0.396682 0.540948 0.465578 0.715438 0.423411 0.493211 0.427931 0.480819 0.408662 0.558361 0.391909 1.41549 0.408669 0.141943 0.554554 0.397745 0.384257 0.385749 0.412733 0.384305 0.472349 0.387516 0.814625 0.559864 0.417913 0.312178 0.38619 0.478905 0.511515 0.517469 0.411261 0.397961 0.44997 0.455736 0.379354 0.810973 0.409601 0.336776 0.315575 0.460019 0.349044 0.471619 0.489995 0.408854 0.462821 0.640229 0.414719 0.403333 0.352081 0.353422 0.369611 0.490218 0.449326 0.536344 0.627569 0.816671 0.699943 0.480803 0.564735 0.406032 0.467808 0.389764 0.451295 0.512685 0.972638 0.508993 0.372436 0.425931 0.67962 0.411161 0.36289 0.319008 0.320014 0.363607 0.564486 0.479498 0.355907 0.367827 0.649072 0.490893 0.385629 0.425181 0.457981 1.06925 0.31694 0.430056 0.304725 0.405454 0.398471 0.782058 0.383238 0.418965 0.43821 0.559 0.39668 0.781654 0.488284 0.399278 0.430775 0.519224 0.434598 0.407299 0.472552 0.388296 0.364655 0.534257 0.413244 0.343043 0.489276 0.411662 0.558834 0.394178 0.421599 0.367169 0.339244 0.461015 0.47364 0.44604 0.535026 0.497337 0.397656 0.401976 0.403538 0.514317 0.453307 0.554006 0.416888 0.412773 0.812639 1.42723 0.564119 0.529406 0.550104 0.394792 0.703374 0.419561 1.4499 0.404402 0.548838 0.517488 0.465061 0.492627 0.48014 0.464073 0.354245 0.504587 0.522744 1.45804 0.508506 0.362083 0.539542 0.494413 0.405766 0.450225 0.401143 1.04788 0.457678 0.50066 0.430575 0.762782 0.653742 0.430216 0.513791 0.531312 0.455895 0.961942 0.414121 1.05436 0.418243 0.496871 0.714979 0.516288 0.549413 0.405247 0.512376 1.61281 1.43535 0.386214 0.379507 0.555895 0.69383 0.473804 0.429251 0.445577 0.531611 0.661082 0.70007 0.404351 0.990987 1.45982 0.448047 0.369415 0.398433 0.875019 0.400206 0.44154 0.45825 0.34843 0.345961 0.419317 0.493106 0.38661 0.517245 1.06461 0.486977 0.307057 0.386819 0.461534 1.04159 0.522952 0.343786 0.491001 0.374546 1.06603 0.48326 1.31028 0.497272 0.838438 0.138331 0.411984 0.49349 0.499016 0.680233 0.519428 0.83371 0.339106 0.70707 0.387672 0.346314 0.473629 0.463704 0.72229 0.773558 0.423041 0.408611 0.537549 0.452591 0.685478 0.548789 0.368015 0.863617 1.47889 1.20506 1.31107 0.444785 0.349893 0.353009 0.410034 0.45885 0.44615 1.6939 0.478175 0.472287 0.410071 0.487794 0.706825 0.439594 0.414567 0.371736 0.395005 0.538535 0.437913 0.380499 0.366904 0.478512 0.4064 0.366986 0.698593 0.349697 0.369903 0.401916 0.672638 0.54894 0.406396 0.401091 1.04246 0.421071 0.546087 0.466969 0.514233 0.3725 0.457684 0.423884 0.829663 0.537694 0.365522 0.400155 0.48717 0.70804 0.524048 0.348538 1.4612 0.407758 1.41324 0.534689 0.463791 0.478539 0.970702 0.405049 0.973392 0.352186 0.421964 0.398527 0.420171 0.379804 0.564842 1.69237 0.685085 0.379606 0.361005 0.772742 0.562514 0.484331 0.377661 0.705273 0.440507 0.416328 0.550939 0.399801 0.398677 0.4018 0.499982 0.409589 0.407605 1.42995 0.44403 0.49224 0.411281 0.423981 0.36471 0.47106 0.439387 0.42901 0.413468 0.366372 0.710797 0.406178 0.461699 0.36202 0.822439 0.495861 0.557204 0.835367 0.5478 0.469324 0.513747 0.402754 0.409423 0.819925 0.395029 0.448986 0.49213 0.518612 0.349562 0.405564 0.55402 0.440649 0.719433 0.661735 0.41135 1.43928 1.04758 0.840154 0.839069 0.543152 0.383542 0.510234 0.399951 0.703877 0.442042 0.378566 0.475531 0.500993 0.685806 0.385579 0.903014 0.857254 0.405528 0.358962 0.507632 0.408461 0.803339 0.423436 0.44084 0.425416 0.408781 0.400466 0.422044 0.46384
Testing:
Lab Growth Rates:
0.4 0.4 0.4
Dot Production Prediction of Lab Growth Rates:
0.39939 0.393266 0.403572
Best performance so far: 
Obj: 4.64809e-310Rho: 6.5069e-314Diff: 4.64809e-310
Test:
 Lab Growth Rates:
0.4 0.4 0.4Dot Product Prediction of Growth Rate:
0.3993903 0.3932664 0.4035716