seed =  5 traits =  1 
Training: part  117 
Training: part  117 
Round  1 
 Goal of obj  0.99 
Temperature range:  0.125 1e-13 
Cycle 1Round 1
Iter 500000 pBad 0.918944 T 0.0310503 Obj 1.10311 Rho 0 GRdif 57.7012 success 147954 failure 1939 obj_new 1.10311 SA_pAcc 0.986449 Delta 0.456375 SA_r 0.200557 freedomratio 0.36773
Iter 1000000 pBad 0.874167 T 0.00771294 Obj 1.06664 Rho 0 GRdif 37.9343 success 294514 failure 6626 obj_new 1.06664 SA_pAcc 1 Delta -0.315249 SA_r 0.823778 freedomratio 0.370277
Iter 1500000 pBad 0.832201 T 0.00191591 Obj 1.03184 Rho 0 GRdif 18.4305 success 441029 failure 12826 obj_new 1.03184 SA_pAcc 1 Delta 0.0481487 SA_r 0.938262 freedomratio 0.380336
Iter 2000000 pBad 0.765463 T 0.000475915 Obj 1.01835 Rho 0 GRdif 10.6913 success 585720 failure 23107 obj_new 1.01835 SA_pAcc 1 Delta 0.108908 SA_r 0.71034 freedomratio 0.37051
Iter 2500000 pBad 0.627641 T 0.000118218 Obj 1.01515 Rho 0 GRdif 8.8421 success 724592 failure 45620 obj_new 1.01515 SA_pAcc 0.768097 Delta -0.0973498 SA_r 0.0306616 freedomratio 0.369347
Iter 3000000 pBad 0.448532 T 2.93656e-05 Obj 1.01329 Rho 0 GRdif 7.76468 success 852008 failure 91221 obj_new 1.01329 SA_pAcc 1 Delta 0.0467142 SA_r 0.535757 freedomratio 0.363412
Iter 3500000 pBad 0.292598 T 7.29445e-06 Obj 1.01253 Rho 0 GRdif 7.3264 success 963582 failure 168965 obj_new 1.01254 SA_pAcc 0.340913 Delta 0.225506 SA_r 0.534214 freedomratio 0.349169
Iter 4000000 pBad 0.142343 T 1.81195e-06 Obj 1.01156 Rho 0 GRdif 6.75802 success 1048302 failure 302963 obj_new 1.01156 SA_pAcc 3.8291 Delta -0.139949 SA_r 0.818619 freedomratio 0.312102
Iter 4500000 pBad 0.0626357 T 4.50092e-07 Obj 1.01102 Rho 0 GRdif 6.4432 success 1100595 failure 510819 obj_new 1.01102 SA_pAcc 1 Delta 0.0540102 SA_r 0.78782 freedomratio 0.269849
Iter 5000000 pBad 0.0245383 T 1.11804e-07 Obj 1.0108 Rho 0 GRdif 6.32164 success 1128789 failure 785640 obj_new 1.01081 SA_pAcc 3.93588e-19 Delta -0.0230048 SA_r 0.00208021 freedomratio 0.238057
Iter 5500000 pBad 0.0193287 T 2.77722e-08 Obj 1.01066 Rho 0 GRdif 6.23605 success 1145339 failure 1099651 obj_new 1.01066 SA_pAcc 1 Delta 0.0189302 SA_r 0.850627 freedomratio 0.21875
Iter 6000000 pBad 0.00837454 T 6.89867e-09 Obj 1.01057 Rho 0 GRdif 6.18465 success 1155306 failure 1441685 obj_new 1.01057 SA_pAcc 5.76899e-29 Delta -0.00176277 SA_r 0.77656 freedomratio 0.206027
Iter 6500000 pBad 0.00325506 T 1.71364e-09 Obj 1.01049 Rho 0 GRdif 6.15963 success 1161451 failure 1802408 obj_new 1.01053 SA_pAcc 0 Delta 0.00167742 SA_r 0.476903 freedomratio 0.200136
Iter 7000000 pBad 0.00264114 T 4.25671e-10 Obj 1.01043 Rho 0 GRdif 6.10052 success 1165597 failure 2176271 obj_new 1.01043 SA_pAcc 1.40893e-180 Delta -0.00262529 SA_r 0.900984 freedomratio 0.192661
Iter 7500000 pBad 0.000887558 T 1.05737e-10 Obj 1.0104 Rho 0 GRdif 6.08114 success 1168441 failure 2561000 obj_new 1.0104 SA_pAcc 1 Delta 0.000865831 SA_r 0.451244 freedomratio 0.186845
Iter 8000000 pBad 0.000315914 T 2.62654e-11 Obj 1.01037 Rho 0 GRdif 6.06839 success 1173889 failure 2953994 obj_new 1.01037 SA_pAcc 1 Delta 0.00013863 SA_r 0.0720353 freedomratio 0.180368
Iter 8500000 pBad 0.000329245 T 6.52436e-12 Obj 1.01036 Rho 0 GRdif 6.06148 success 1178746 failure 3357264 obj_new 1.01036 SA_pAcc 0 Delta 0.000284535 SA_r 0.580532 freedomratio 0.175209
Iter 9000000 pBad 4.53606e-35 T 1.62066e-12 Obj 1.01036 Rho 0 GRdif 6.06675 success 1185513 failure 3753763 obj_new 1.01037 SA_pAcc 0 Delta 0 SA_r 0.689367 freedomratio 0.166714
Iter 9500000 pBad 2.68609e-252 T 4.02575e-13 Obj 1.01036 Rho 0 GRdif 6.05932 success 1185514 failure 4087756 obj_new 1.01036 SA_pAcc 1 Delta 0 SA_r 0.348484 freedomratio 0.166196
Iter 10000000 pBad 0 T 1e-13 Obj 1.01036 Rho 0 GRdif 6.05932 success 1185514 failure 4430228 obj_new 1.01036 SA_pAcc 1 Delta 0 SA_r 0.00127941 freedomratio 0.100927
Cannot move further
iter 9.0044e+06 obj1.01036 rho 0 GRdif 6.05932
Training:
Lab Growth Rates:
1.42 0.55 0.45 0.47 0.39 0.56 0.59 0.4 0.59 0.45 0.47 0.51 0.52 0.54 1.345 0.377 0.71 0.4 0.68 0.42 0.26 0.1 1.66 0.37 1.345 0.47 0.58 0.5 0.635 0.7 1.46 0.37 0.54 0.55 0.4 0.19 0.33 0.56 0.32 0.301 0.485 0.3 0.5 0.7 0.47 0.4 1.03 0.09 0.4 0.686 0.55 0.19 0.45 0.5 0.4 0.4 0.4 0.901 0.485 0.56 0.1 0.2 0.686 1.345 0.38 0.56 0.4 0.25 0.65 0.47 0.4 0.71 0.11 0.23 0.4 0.58 1.4 0.22 0.54 0.33 0.43 0.37 0.56 1.67 0.59 0.54 0.46 0.901 0.14 0.724 0.52 0.34 0.56 0.41 0.56 0.59 0.34 0.4 0.43 0.5 0.2 0.58 0.5 0.31 0.3 0.901 0.4 0.47 0.48 0.54 0.56 0.5 0.46 0.4 1.483 0.58 0.46 1.38 0.4 0.46 1.483 0.58 0.27 1.483 0.45 0.23 0.37 0.45 0.31 0.4 0.5 0.55 0.3 1.05 0.54 0.47 0.5 0.476 0.55 0.6 1.49 0.4 0.5 0.47 0.53 0.4 0.4 0.5 0.45 0.481 0.58 1.46 0.47 0.46 0.48 0.46 0.52 0.36 0.36 0.4 0.68 0.1 0.42 0.37 0.59 0.1 0.648 0.49 0.42 0.42 0.23 0.4 1.345 0.54 0.4 0.4 0.4 0.47 0.45 0.54 0.45 0.25 0.65 0.53 0.56 0.4 0.65 0.53 1.345 0.4 0.5 0.4 1.44 0.45 0.38 1.483 0.47 0.377 0.4 0.43 0.4 0.46 0.762 0.58 0.59 0.42 0.54 0.5 0.33 1.46 0.54 0.47 0.53 0.4 0.45 0.42 0.485 0.4 1.345 1.483 0.58 0.59 0.43 0.33 0.3 0.45 0.43 0.34 0.58 0.23 0.4 0.636 1.483 0.39 0.65 0.4 0.37 1.345 0.23 0.48 0.47 0.37 0.43 0.4 0.19 0.686 0.53 0.55 0.5 0.46 0.53 1.345 0.33 0.41 0.38 0.32 0.1 0.36 0.33 0.53 0.3 0.45 0.47 0.52 0.724 0.4 0.59 0.4 0.52 0.56 0.42 0.43 0.22 0.4 0.42 0.48 0.42 1.483 0.41 0.4 0.3 0.22 0.46 0.68 0.37 0.54 0.4 0.3 0.4 0.27 1.248 0.54 0.42 0.762 0.5 1.05 0.53 0.4 0.09 0.26 0.23 0.41 0.27 0.11 0.48 0.58 0.42 1.345 0.39 0.39 0.53 1.483 1.248 0.41 0.481 0.54 0.54 0.32 0.41 0.42 0.42 0.43 0.27 0.635 0.47 0.45 0.3 0.51 0.648 1.67 0.31 0.54 0.36 0.476 0.55 0.5 1.248 0.17 0.59 0.5 0.4 1.05 0.36 0.53 0.481 0.46 0.5 0.45 0.46 0.59 0.25 0.45 1.483 0.25 0.7 0.5 0.56 0.17 0.5 0.43 0.43 0.59 0.54 0.901 0.901 1.483 0.25 0.47 0.52 0.25 0.42 0.53 0.42 1.43 0.2 0.59 0.901 0.56 0.56 0.45 0.14 0.65 0.48 0.11 0.59 0.37 0.47 0.46 0.54 0.5 1.345 0.37 0.4 0.54 0.37 0.56 0.52 1.345 0.46 0.4 0.52 0.4 0.301 0.46 0.46 0.59 0.22 1.483 0.36 0.47 0.54 0.4 0.39 0.41 0.65 0.47 0.5 0.724 0.52 0.47 0.46 0.56 0.27 0.1 0.68 0.71 0.52 0.55 0.55 0.46 1.483 0.56 0.53 0.68 0.23 0.65 1.05 0.53 0.58 0.41 0.4 1.66 0.6 0.58 0.27 0.65 0.5 0.33 0.54 0.37 0.37 0.43 0.648 0.762 0.1 0.59 0.4 0.58 0.48 0.49 1.345 0.52 0.4 0.5 0.47 0.5 0.4 0.42 0.54 0.17 0.42 0.38 0.46 0.465 0.476 0.4 0.3 1.248 0.637 0.4 0.4 0.5 1.35 0.1 0.5 0.37 0.46 0.53 0.26 0.6 0.56 0.48 0.3 0.4 0.52 1.05 0.47 0.36 0.36 0.58 0.53 0.4 0.47 0.55 0.3 0.43 0.39 0.45 0.58 0.54 0.762 0.637 0.635 0.301 0.3 0.37 0.58 0.49 0.55 0.617 0.22 0.54 0.45 0.45 0.33 0.54 0.636 0.465 0.47 0.5 0.54 0.636 0.58 0.3 0.58 0.25 0.4 0.22 0.4 0.5 0.377 0.7 0.41 0.5 0.5 0.5 0.54 0.46 0.23 0.4 0.4 0.09 0.37 0.54 0.48 0.465 0.58 1.43 0.56 0.4 0.58 0.46 0.65 0.4 0.4 0.58 0.3 0.23 0.5 0.51 0.22 0.637 0.36 0.33 0.6 0.38 1.248 0.22 0.55 1.46 0.1 0.42 0.485 0.4 0.5 0.59 0.25 0.54
Dot Production Prediction of Lab Growth Rates:
1.48401 0.555053 0.414229 0.393761 0.361418 0.53286 0.371679 0.399865 0.551314 0.424341 0.407267 0.447886 0.420838 0.445595 0.770622 0.481345 0.698466 0.399795 0.68043 0.383936 0.481573 0.42032 1.66 0.458196 0.73615 0.400129 0.454829 0.407859 0.706897 0.709617 1.00693 0.345139 0.348411 0.546127 0.400226 0.387008 0.41691 0.53537 0.355779 0.50645 0.484992 0.321784 0.552896 0.699925 0.389723 0.402153 1.03 0.393901 0.400124 0.701992 0.547933 0.41341 0.369841 0.529833 0.399511 0.400527 0.401234 0.901028 0.475414 0.542578 1.34156 0.389792 0.703662 0.783379 0.37844 0.454624 0.402379 0.465116 0.665024 0.422311 0.39933 0.710198 0.425987 0.460224 0.346567 0.411558 1.39415 0.476162 0.539897 0.484302 0.405572 0.447501 0.531077 1.42544 0.396363 0.388458 0.462231 0.892229 0.140337 0.708138 0.396463 0.341588 0.457387 0.395267 0.534972 0.368016 0.359137 0.400998 0.408727 0.461656 0.386263 0.465079 0.459479 0.489866 0.392789 0.8632 0.398322 0.394735 0.387778 0.412749 0.541253 0.40631 0.462219 0.400323 0.694599 0.460872 0.405946 1.00547 0.398984 0.421226 0.737447 0.459864 0.335877 0.756277 1.49 0.531702 0.441516 1.45694 0.483948 0.400305 0.506425 0.555317 0.254568 1.04988 0.53369 0.434235 0.377207 0.473657 0.4692 0.300003 1.49 0.398408 0.395909 0.387062 0.534542 0.383556 0.399711 0.362261 0.385068 0.47277 0.453364 0.962555 0.36658 0.46863 0.353834 0.429361 0.422237 0.373983 0.386392 0.398963 0.67199 0.6019 0.364241 0.434962 0.361363 0.274196 0.69945 0.423276 0.355366 0.377909 0.462967 0.399959 0.756887 0.539716 0.399343 0.401391 0.39973 0.396897 1.39896 0.454954 1.39276 0.514574 0.647368 0.447014 0.527334 0.400484 0.637824 0.42296 0.758902 0.400595 0.467065 0.401524 1.42984 1.40961 0.34364 0.740991 0.465775 0.488343 0.401539 0.399851 0.399971 0.459647 1.85645 0.430157 0.371601 0.490753 0.448611 0.430971 0.387662 1.25654 0.370329 0.39974 0.53859 0.399429 1.4108 0.354226 0.484655 0.399635 0.720729 0.767614 0.466795 0.376101 0.389399 0.354903 0.300014 0.396266 0.404619 0.358341 0.377807 0.52099 0.401557 0.706956 0.690121 0.383527 0.640966 0.398456 0.423184 0.733998 0.462734 0.384789 0.409962 0.437884 0.390522 0.399557 0.395035 0.702057 0.549157 0.469014 0.374603 0.404472 0.43294 0.723709 0.414397 0.440603 0.350956 0.383429 0.314589 0.384285 0.385746 0.432514 0.290241 1.37798 0.408581 0.405061 0.704176 0.401878 0.55006 0.401316 0.402078 0.470256 0.366015 0.430321 0.468677 0.400735 0.352902 0.390157 0.380701 0.723203 0.500625 0.399228 0.305872 0.422191 0.475825 0.677814 0.436648 0.419122 0.399499 0.310755 0.401709 0.413364 1.50272 0.397764 0.365222 1.87587 0.438928 1.05 0.512088 0.400071 0.444935 0.430447 0.523148 0.502886 0.384672 0.406723 0.366192 0.458745 0.379927 0.750508 0.374358 0.394672 0.395946 0.734098 1.48317 0.405598 0.477182 0.422579 0.398906 0.374774 0.362155 0.372224 0.374404 0.41475 0.388781 0.707253 0.403361 0.439784 0.300565 0.443863 0.706148 1.3876 0.497302 0.541497 0.393259 0.47626 0.469147 0.554552 1.52259 0.439824 0.364133 0.499893 0.399028 1.05013 0.43861 0.523724 0.475616 0.420417 0.376292 0.416061 0.414688 0.556299 0.369536 0.396352 0.71026 0.609178 0.697867 0.468969 0.52969 0.351691 0.470368 0.433287 0.413667 0.387162 0.364697 0.894254 1.6194 0.710005 0.381062 0.383842 0.410761 1.43438 0.481727 0.372645 0.372109 1.43023 0.364553 0.537672 0.888764 0.52996 0.530034 0.398429 0.139178 0.646236 0.358264 0.388495 0.548869 0.458465 0.397224 0.460129 0.4574 0.532775 0.737988 0.436499 0.401272 0.378645 0.441635 0.46955 0.419329 0.745035 0.486608 0.399257 0.397154 0.349714 0.503545 0.478024 0.406718 0.36189 0.457956 0.722321 0.407024 0.421404 0.419652 0.402053 0.37032 0.426623 0.649503 0.467937 0.495275 0.707496 0.380292 0.376267 0.45851 0.456976 0.531619 0.300869 0.683116 0.701595 0.429101 0.543042 0.470888 0.459215 0.742398 0.471383 0.535311 0.676836 0.539419 0.654225 0.994051 0.459317 0.460969 0.501671 0.39764 1.65999 0.302704 0.402731 0.365667 0.649818 0.471232 0.350614 0.544919 0.40141 0.454468 0.418753 0.706122 1.88642 0.426231 0.549465 0.400504 0.400276 0.359711 0.418288 0.715319 0.415733 0.399408 0.504279 0.402748 0.528774 0.400206 0.429559 0.41702 0.358828 0.483225 0.356616 0.373585 0.476392 0.479406 0.400211 0.300001 1.47805 0.712761 0.399313 0.401792 0.38312 1.34996 0.277492 0.500008 0.493577 0.362037 0.415639 0.37753 0.300983 0.541703 0.370876 0.300259 0.399904 0.435553 1.26768 0.412431 0.447641 0.365667 0.401017 0.353403 0.399696 0.395987 0.553637 0.300508 0.417718 0.38228 0.396894 0.407941 0.546609 1.9331 0.708871 0.708981 0.510711 0.279367 0.408078 0.450139 0.41142 0.466592 0.616707 0.445036 0.393587 0.372736 0.387753 0.463145 0.435461 0.685434 0.474663 0.384488 0.495572 0.366232 0.70554 0.461055 0.412886 0.407929 0.373666 0.401324 0.459953 0.397515 0.551741 0.485123 0.703748 0.412108 0.474266 0.385058 0.548943 0.375559 0.359497 0.543593 0.39919 0.401229 0.390374 0.43686 0.454315 0.388353 0.470508 0.454407 1.42728 0.543055 0.400973 0.373288 0.406505 0.662943 0.39823 0.400743 0.461513 0.373291 0.532618 0.383718 0.423976 0.475746 0.706765 0.398129 0.483232 0.305611 0.390908 1.49899 0.396843 0.465185 1.01152 0.384555 0.365358 0.481073 0.398794 0.438117 0.555711 0.359022 0.532235
Testing:
Lab Growth Rates:
0.5
Dot Production Prediction of Lab Growth Rates:
0.506123
Best performance so far: 
Obj: 4.64579e-310Rho: 2.26291e-314Diff: 4.64579e-310
Anneal again with the best G and E so far as input
Cycle 2Round 1
Iter 500000 pBad 0.947095 T 0.0310503 Obj 1.16947 Rho 0 GRdif 92.0539 success 120499 failure 1284 obj_new 1.16947 SA_pAcc 0.997824 Delta 0.0242085 SA_r 0.951836 freedomratio 0.299542
Iter 1000000 pBad 0.862125 T 0.00771294 Obj 1.05181 Rho 0 GRdif 29.7008 success 240893 failure 5523 obj_new 1.05181 SA_pAcc 1 Delta 0.278196 SA_r 0.662221 freedomratio 0.288235
Iter 1500000 pBad 0.804486 T 0.00191591 Obj 1.03092 Rho 0 GRdif 17.9041 success 360606 failure 12373 obj_new 1.03092 SA_pAcc 0.967627 Delta 0.633801 SA_r 0.061376 freedomratio 0.288377
Iter 2000000 pBad 0.742622 T 0.000475915 Obj 1.02072 Rho 0 GRdif 12.0587 success 478816 failure 22348 obj_new 1.02072 SA_pAcc 1 Delta -0.690836 SA_r 0.972362 freedomratio 0.287109
Iter 2500000 pBad 0.652404 T 0.000118218 Obj 1.01443 Rho 0 GRdif 8.4218 success 593039 failure 40790 obj_new 1.01443 SA_pAcc 1.18299 Delta 0.34964 SA_r 0.839139 freedomratio 0.288518
Iter 3000000 pBad 0.481166 T 2.93656e-05 Obj 1.01241 Rho 0 GRdif 7.25402 success 697867 failure 77860 obj_new 1.01241 SA_pAcc 0.959511 Delta -0.134662 SA_r 0.674486 freedomratio 0.284333
Iter 3500000 pBad 0.300545 T 7.29445e-06 Obj 1.01133 Rho 0 GRdif 6.6273 success 786636 failure 148566 obj_new 1.01133 SA_pAcc 1 Delta 0.222464 SA_r 0.60429 freedomratio 0.278937
Iter 4000000 pBad 0.188975 T 1.81195e-06 Obj 1.01015 Rho 0 GRdif 5.93614 success 857908 failure 258739 obj_new 1.01015 SA_pAcc 1.93264 Delta 0.119903 SA_r 0.361871 freedomratio 0.256769
Iter 4500000 pBad 0.0739617 T 4.50092e-07 Obj 1.00974 Rho 0 GRdif 5.69761 success 905003 failure 429717 obj_new 1.00974 SA_pAcc 2.41621 Delta -0.0736198 SA_r 0.356169 freedomratio 0.22915
Iter 5000000 pBad 0.0310661 T 1.11804e-07 Obj 1.0095 Rho 0 GRdif 5.58277 success 931375 failure 663006 obj_new 1.00954 SA_pAcc 2.36352e-142 Delta 0.0248264 SA_r 0.892532 freedomratio 0.199187
Iter 5500000 pBad 0.0143466 T 2.77722e-08 Obj 1.00935 Rho 0 GRdif 5.47196 success 946382 failure 941737 obj_new 1.00935 SA_pAcc 1 Delta 0.0117812 SA_r 0.496635 freedomratio 0.184673
Iter 6000000 pBad 0.00806561 T 6.89867e-09 Obj 1.00932 Rho 0 GRdif 5.45699 success 954088 failure 1250449 obj_new 1.00932 SA_pAcc 4.2333e-180 Delta 0.00420572 SA_r 0.469057 freedomratio 0.177162
Iter 6500000 pBad 0.00308268 T 1.71364e-09 Obj 1.00929 Rho 0 GRdif 5.44657 success 958547 failure 1575263 obj_new 1.00931 SA_pAcc 0 Delta -0.000550445 SA_r 0.659425 freedomratio 0.174016
Iter 7000000 pBad 0.00326709 T 4.25671e-10 Obj 1.00928 Rho 0 GRdif 5.45788 success 961401 failure 1909646 obj_new 1.00933 SA_pAcc 0 Delta 0.00122642 SA_r 0.74002 freedomratio 0.170385
Iter 7500000 pBad 0.00185165 T 1.05737e-10 Obj 1.00927 Rho 0 GRdif 5.42643 success 963787 failure 2250848 obj_new 1.00927 SA_pAcc 1 Delta -0.000197505 SA_r 0.760166 freedomratio 0.166667
Iter 8000000 pBad 0.00162111 T 2.62654e-11 Obj 1.00927 Rho 0 GRdif 5.42405 success 966060 failure 2600522 obj_new 1.00927 SA_pAcc 0 Delta 1.97106e-05 SA_r 0.684514 freedomratio 0.162431
Iter 8500000 pBad 0.000776995 T 6.52436e-12 Obj 1.00926 Rho 0 GRdif 5.42157 success 967933 failure 2957434 obj_new 1.00926 SA_pAcc 4.05913e-12 Delta -0.000580449 SA_r 0.0749499 freedomratio 0.161273
Iter 9000000 pBad 0.000997405 T 1.62066e-12 Obj 1.00926 Rho 0 GRdif 5.42046 success 971878 failure 3316645 obj_new 1.00926 SA_pAcc 1 Delta 0.000206906 SA_r 0.830339 freedomratio 0.153685
Iter 9500000 pBad 1.83056e-84 T 4.02575e-13 Obj 1.00926 Rho 0 GRdif 5.42194 success 973988 failure 3616764 obj_new 1.00926 SA_pAcc 0 Delta 0 SA_r 0.652586 freedomratio 0.149656
Good enough
iter 9.17327e+06 obj1.00926 rho 0 GRdif 5.42046
Training:
Lab Growth Rates:
1.42 0.55 0.45 0.47 0.39 0.56 0.59 0.4 0.59 0.45 0.47 0.51 0.52 0.54 1.345 0.377 0.71 0.4 0.68 0.42 0.26 0.1 1.66 0.37 1.345 0.47 0.58 0.5 0.635 0.7 1.46 0.37 0.54 0.55 0.4 0.19 0.33 0.56 0.32 0.301 0.485 0.3 0.5 0.7 0.47 0.4 1.03 0.09 0.4 0.686 0.55 0.19 0.45 0.5 0.4 0.4 0.4 0.901 0.485 0.56 0.1 0.2 0.686 1.345 0.38 0.56 0.4 0.25 0.65 0.47 0.4 0.71 0.11 0.23 0.4 0.58 1.4 0.22 0.54 0.33 0.43 0.37 0.56 1.67 0.59 0.54 0.46 0.901 0.14 0.724 0.52 0.34 0.56 0.41 0.56 0.59 0.34 0.4 0.43 0.5 0.2 0.58 0.5 0.31 0.3 0.901 0.4 0.47 0.48 0.54 0.56 0.5 0.46 0.4 1.483 0.58 0.46 1.38 0.4 0.46 1.483 0.58 0.27 1.483 0.45 0.23 0.37 0.45 0.31 0.4 0.5 0.55 0.3 1.05 0.54 0.47 0.5 0.476 0.55 0.6 1.49 0.4 0.5 0.47 0.53 0.4 0.4 0.5 0.45 0.481 0.58 1.46 0.47 0.46 0.48 0.46 0.52 0.36 0.36 0.4 0.68 0.1 0.42 0.37 0.59 0.1 0.648 0.49 0.42 0.42 0.23 0.4 1.345 0.54 0.4 0.4 0.4 0.47 0.45 0.54 0.45 0.25 0.65 0.53 0.56 0.4 0.65 0.53 1.345 0.4 0.5 0.4 1.44 0.45 0.38 1.483 0.47 0.377 0.4 0.43 0.4 0.46 0.762 0.58 0.59 0.42 0.54 0.5 0.33 1.46 0.54 0.47 0.53 0.4 0.45 0.42 0.485 0.4 1.345 1.483 0.58 0.59 0.43 0.33 0.3 0.45 0.43 0.34 0.58 0.23 0.4 0.636 1.483 0.39 0.65 0.4 0.37 1.345 0.23 0.48 0.47 0.37 0.43 0.4 0.19 0.686 0.53 0.55 0.5 0.46 0.53 1.345 0.33 0.41 0.38 0.32 0.1 0.36 0.33 0.53 0.3 0.45 0.47 0.52 0.724 0.4 0.59 0.4 0.52 0.56 0.42 0.43 0.22 0.4 0.42 0.48 0.42 1.483 0.41 0.4 0.3 0.22 0.46 0.68 0.37 0.54 0.4 0.3 0.4 0.27 1.248 0.54 0.42 0.762 0.5 1.05 0.53 0.4 0.09 0.26 0.23 0.41 0.27 0.11 0.48 0.58 0.42 1.345 0.39 0.39 0.53 1.483 1.248 0.41 0.481 0.54 0.54 0.32 0.41 0.42 0.42 0.43 0.27 0.635 0.47 0.45 0.3 0.51 0.648 1.67 0.31 0.54 0.36 0.476 0.55 0.5 1.248 0.17 0.59 0.5 0.4 1.05 0.36 0.53 0.481 0.46 0.5 0.45 0.46 0.59 0.25 0.45 1.483 0.25 0.7 0.5 0.56 0.17 0.5 0.43 0.43 0.59 0.54 0.901 0.901 1.483 0.25 0.47 0.52 0.25 0.42 0.53 0.42 1.43 0.2 0.59 0.901 0.56 0.56 0.45 0.14 0.65 0.48 0.11 0.59 0.37 0.47 0.46 0.54 0.5 1.345 0.37 0.4 0.54 0.37 0.56 0.52 1.345 0.46 0.4 0.52 0.4 0.301 0.46 0.46 0.59 0.22 1.483 0.36 0.47 0.54 0.4 0.39 0.41 0.65 0.47 0.5 0.724 0.52 0.47 0.46 0.56 0.27 0.1 0.68 0.71 0.52 0.55 0.55 0.46 1.483 0.56 0.53 0.68 0.23 0.65 1.05 0.53 0.58 0.41 0.4 1.66 0.6 0.58 0.27 0.65 0.5 0.33 0.54 0.37 0.37 0.43 0.648 0.762 0.1 0.59 0.4 0.58 0.48 0.49 1.345 0.52 0.4 0.5 0.47 0.5 0.4 0.42 0.54 0.17 0.42 0.38 0.46 0.465 0.476 0.4 0.3 1.248 0.637 0.4 0.4 0.5 1.35 0.1 0.5 0.37 0.46 0.53 0.26 0.6 0.56 0.48 0.3 0.4 0.52 1.05 0.47 0.36 0.36 0.58 0.53 0.4 0.47 0.55 0.3 0.43 0.39 0.45 0.58 0.54 0.762 0.637 0.635 0.301 0.3 0.37 0.58 0.49 0.55 0.617 0.22 0.54 0.45 0.45 0.33 0.54 0.636 0.465 0.47 0.5 0.54 0.636 0.58 0.3 0.58 0.25 0.4 0.22 0.4 0.5 0.377 0.7 0.41 0.5 0.5 0.5 0.54 0.46 0.23 0.4 0.4 0.09 0.37 0.54 0.48 0.465 0.58 1.43 0.56 0.4 0.58 0.46 0.65 0.4 0.4 0.58 0.3 0.23 0.5 0.51 0.22 0.637 0.36 0.33 0.6 0.38 1.248 0.22 0.55 1.46 0.1 0.42 0.485 0.4 0.5 0.59 0.25 0.54
Dot Production Prediction of Lab Growth Rates:
1.46977 0.554135 0.40425 0.38142 0.335298 0.548289 0.351783 0.40843 0.553454 0.416793 0.386875 0.454401 0.408614 0.49813 0.807838 0.535901 0.693029 0.396478 0.685257 0.384103 0.503958 0.462979 1.66992 0.459528 0.801792 0.405341 0.480705 0.383207 0.689767 0.704637 0.980267 0.326792 0.342657 0.551469 0.402095 0.375162 0.410126 0.532692 0.350607 0.541802 0.508793 0.319088 0.546298 0.703305 0.412327 0.393859 1.03528 0.411688 0.405547 0.701712 0.552503 0.38333 0.341964 0.50241 0.407265 0.405412 0.399733 0.904663 0.516588 0.556124 1.3783 0.416443 0.698678 0.831184 0.375846 0.476307 0.407967 0.481489 0.661346 0.451103 0.395818 0.70602 0.432189 0.454556 0.360787 0.387355 1.50363 0.485458 0.544707 0.500347 0.408109 0.462563 0.551646 1.51492 0.395636 0.404901 0.464649 0.908875 0.140749 0.6974 0.377621 0.351916 0.478598 0.37659 0.538717 0.346507 0.377381 0.406248 0.433752 0.487982 0.411259 0.487948 0.485626 0.480595 0.3875 0.923066 0.407766 0.440946 0.367782 0.390502 0.535788 0.392813 0.462453 0.405749 0.751422 0.474946 0.409848 0.988204 0.406199 0.432829 0.780658 0.494516 0.325513 0.80023 1.51229 0.531456 0.439637 1.4854 0.480257 0.400412 0.526442 0.560889 0.26405 1.05489 0.55343 0.462688 0.353811 0.524707 0.486152 0.306719 1.51229 0.408332 0.416676 0.430883 0.533806 0.390529 0.408061 0.360769 0.394173 0.511552 0.480607 0.919698 0.36869 0.465162 0.36334 0.438889 0.412222 0.367493 0.403458 0.403253 0.673036 0.624736 0.350485 0.434548 0.361665 1.87209 0.686826 0.436614 0.35349 0.381337 0.45354 0.400028 0.800746 0.55924 0.404983 0.407326 0.401375 0.411159 1.48685 0.485802 1.48159 0.511959 0.654435 0.456578 0.546668 0.401798 0.638551 0.435527 0.829344 0.404517 0.485859 0.407924 1.49977 1.46776 0.328066 0.784889 0.478449 0.536009 0.410401 0.425 0.408185 0.466702 1.31632 0.442161 0.355666 0.527285 0.4848 0.409537 0.405012 1.36334 0.363082 0.408366 0.535562 0.407603 1.4884 0.380721 0.512833 0.402751 0.780894 0.807239 0.485914 0.361828 0.417807 0.356158 0.31033 0.371792 0.395565 0.347235 0.357289 0.523124 0.40668 0.692561 0.739879 0.380319 0.628523 0.401894 0.451165 0.785102 0.454239 0.361105 0.395445 0.435132 0.385544 0.405216 0.375452 0.701155 0.547187 0.474162 0.346981 0.415083 0.477879 0.775433 0.414089 0.420309 0.353618 0.374142 2.22268 0.366436 0.357044 0.411648 0.301676 1.46881 0.420114 0.394392 0.69478 0.403805 0.555438 0.410526 0.403378 0.490987 0.379341 0.442721 0.481603 0.404465 0.349858 0.381689 0.365433 0.771436 0.526148 0.403644 0.301924 0.429977 0.486272 0.683637 0.435532 0.429484 0.409769 0.316336 0.403929 0.399589 1.23986 0.42645 0.365477 1.31135 0.421305 1.05516 0.532701 0.397256 0.473814 0.444788 0.535526 0.516717 0.407103 0.427437 0.340205 0.466394 0.364681 0.784555 0.343255 0.406834 0.394087 0.762779 1.22624 0.389139 0.514254 0.459184 0.383435 0.377914 0.365089 0.375286 0.380943 0.447976 0.400454 0.691957 0.413709 0.42736 0.320107 0.435095 0.691583 1.55325 0.489454 0.539019 0.3917 0.526385 0.476123 0.535772 1.25152 0.464325 0.358683 0.514065 0.40587 1.05671 0.454915 0.522595 0.516005 0.428824 0.364349 0.427778 0.42589 0.559945 0.393824 0.373781 0.773825 0.594067 0.706398 0.496255 0.526583 0.370715 0.497072 0.438554 0.408819 0.381593 0.402133 0.906758 1.14486 0.746485 0.383255 0.395607 0.412281 1.45714 0.522085 0.369596 0.390927 1.44508 0.365383 0.550605 0.897772 0.546976 0.531649 0.43041 0.137962 0.625635 0.339225 0.387807 0.551045 0.455005 0.395168 0.457653 0.470125 0.550395 0.801353 0.486136 0.40506 0.399719 0.439014 0.487164 0.447487 0.791393 0.512353 0.39759 0.389694 0.340947 0.54859 0.496371 0.397283 0.345505 0.479252 0.792299 0.398678 0.428909 0.416113 0.400768 0.336015 0.414205 0.656459 0.477031 0.469469 0.697879 0.368695 0.430881 0.475093 0.477045 0.557332 2.0677 0.68939 0.695375 0.431364 0.550045 0.4839 0.457292 0.794748 0.488608 0.530136 0.682905 0.544641 0.650711 0.966028 0.503879 0.471896 0.52641 0.407326 1.66964 0.299396 0.387087 0.368999 0.65297 0.495047 0.372849 0.555809 0.408473 0.4554 0.406269 0.694709 1.33938 0.467331 0.558623 0.406366 0.383966 0.357056 0.424077 0.754703 0.427507 0.398782 0.492452 0.412245 0.523282 0.408754 0.414884 0.388137 0.349885 0.528174 0.34851 0.369577 0.525038 0.527658 0.399617 0.304783 1.2262 0.689216 0.40386 0.394187 0.36031 1.35854 1.89267 0.502639 0.518498 0.340858 0.391945 0.359945 0.312148 0.553573 0.344675 0.303606 0.393531 0.44104 1.4252 0.460607 0.433965 0.378483 0.404191 0.322295 0.402015 0.383898 0.559625 0.298359 0.410269 0.379364 0.410578 0.418962 0.541141 1.32151 0.686867 0.691062 0.537207 0.299469 0.407988 0.47457 0.404351 0.473221 0.620365 0.46258 0.39971 0.366305 0.340204 0.462346 0.48206 0.665962 0.519553 0.403318 0.514253 0.366029 0.693569 0.473587 0.418856 0.411922 0.396071 0.400311 0.484711 0.397468 0.536437 0.534637 0.703039 0.414094 0.496886 0.361999 0.554743 0.398825 0.351467 0.542069 0.402737 0.400832 0.388313 0.439392 0.473436 0.41074 0.51755 0.479654 1.43703 0.555147 0.407613 0.350689 0.419739 0.659394 0.408748 0.401428 0.481703 0.353693 0.52791 0.376438 0.430643 0.488698 0.687751 0.39974 0.48451 0.305976 0.389044 1.23727 0.410334 0.465059 0.969374 0.380691 0.380244 0.517851 0.410164 0.44142 0.555947 0.343794 0.540992
Testing:
Lab Growth Rates:
0.5
Dot Production Prediction of Lab Growth Rates:
0.504068
Best performance so far: 
Obj: 4.64579e-310Rho: 2.122e-314Diff: 4.64579e-310
Test:
 Lab Growth Rates:
0.5Dot Product Prediction of Growth Rate:
0.5040685