seed =  5 traits =  1 
Training: part  54 
Training: part  54 
Round  1 
 Goal of obj  0.99 
Temperature range:  0.125 2e-14 
Cycle 1Round 1
Iter 500000 pBad 0.926727 T 0.0286495 Obj 1.08463 Rho 0 GRdif 47.3637 success 147547 failure 2077 obj_new 1.08463 SA_pAcc 0.993921 Delta -0.0938177 SA_r 0.826619 freedomratio 0.368754
Iter 1000000 pBad 0.87722 T 0.00656634 Obj 1.04628 Rho 0 GRdif 26.3751 success 293655 failure 6612 obj_new 1.04628 SA_pAcc 1.0907 Delta 0.732928 SA_r 0.76976 freedomratio 0.376129
Iter 1500000 pBad 0.838897 T 0.00150498 Obj 1.02172 Rho 0 GRdif 12.5271 success 439010 failure 13829 obj_new 1.02172 SA_pAcc 0.97342 Delta 0.563642 SA_r 0.706601 freedomratio 0.376129
Iter 2000000 pBad 0.736007 T 0.000344933 Obj 1.01675 Rho 0 GRdif 9.6839 success 582025 failure 26752 obj_new 1.01675 SA_pAcc 0.966659 Delta 0.336748 SA_r 0.216034 freedomratio 0.359433
Iter 2500000 pBad 0.567599 T 7.90572e-05 Obj 1.01188 Rho 0 GRdif 6.97541 success 718991 failure 52898 obj_new 1.01204 SA_pAcc 0.138392 Delta 0.345167 SA_r 0.704387 freedomratio 0.360544
Iter 3000000 pBad 0.349387 T 1.81195e-05 Obj 1.01143 Rho 0 GRdif 6.64809 success 839841 failure 111466 obj_new 1.01147 SA_pAcc 0.0998384 Delta -0.139174 SA_r 0.135551 freedomratio 0.355271
Iter 3500000 pBad 0.196918 T 4.15292e-06 Obj 1.01032 Rho 0 GRdif 5.98484 success 934193 failure 222613 obj_new 1.01032 SA_pAcc 1 Delta 0.0168706 SA_r 0.409718 freedomratio 0.326245
Iter 4000000 pBad 0.0774187 T 9.5183e-07 Obj 1.00973 Rho 0 GRdif 5.64365 success 1000227 failure 396065 obj_new 1.00973 SA_pAcc 0.952848 Delta 0.0186255 SA_r 0.723913 freedomratio 0.2889
Iter 4500000 pBad 0.0403618 T 2.18155e-07 Obj 1.00927 Rho 0 GRdif 5.37801 success 1041247 failure 633486 obj_new 1.00927 SA_pAcc 1 Delta -0.0213934 SA_r 0.438473 freedomratio 0.249572
Iter 5000000 pBad 0.0185423 T 5.00001e-08 Obj 1.00906 Rho 0 GRdif 5.25915 success 1063190 failure 930558 obj_new 1.00906 SA_pAcc 2.5301e-07 Delta -0.0155442 SA_r 0.7007 freedomratio 0.221673
Iter 5500000 pBad 0.0111393 T 1.14598e-08 Obj 1.00901 Rho 0 GRdif 5.22791 success 1074131 failure 1265698 obj_new 1.00901 SA_pAcc 1 Delta -0.00323334 SA_r 0.133948 freedomratio 0.210621
Iter 6000000 pBad 0.00323628 T 2.62654e-09 Obj 1.00898 Rho 0 GRdif 5.21187 success 1080008 failure 1618147 obj_new 1.00898 SA_pAcc 1 Delta 0.00168924 SA_r 0.147686 freedomratio 0.205137
Iter 6500000 pBad 0.00281508 T 6.0199e-10 Obj 1.00895 Rho 0 GRdif 5.1968 success 1084419 failure 1980992 obj_new 1.00895 SA_pAcc 1.37327e-05 Delta -0.000161435 SA_r 0.839799 freedomratio 0.197761
Iter 7000000 pBad 0.00240769 T 1.37973e-10 Obj 1.00895 Rho 0 GRdif 5.19275 success 1087199 failure 2354200 obj_new 1.00895 SA_pAcc 4.14555e-86 Delta 0.000837552 SA_r 0.544075 freedomratio 0.19401
Iter 7500000 pBad 0.000598497 T 3.16229e-11 Obj 1.00893 Rho 0 GRdif 5.19076 success 1092657 failure 2742631 obj_new 1.00894 SA_pAcc 0 Delta 0.000191003 SA_r 0.624562 freedomratio 0.181112
Iter 8000000 pBad 0.000141535 T 7.24782e-12 Obj 1.00893 Rho 0 GRdif 5.18347 success 1100437 failure 3145975 obj_new 1.00893 SA_pAcc 0 Delta 1.74601e-06 SA_r 0.194538 freedomratio 0.166476
Iter 8500000 pBad 0.000986088 T 1.66117e-12 Obj 1.00892 Rho 0 GRdif 5.17928 success 1105388 failure 3556206 obj_new 1.00892 SA_pAcc 0 Delta 0.000950143 SA_r 0.202884 freedomratio 0.166192
Iter 9000000 pBad 3.61102e-149 T 3.80732e-13 Obj 1.00892 Rho 0 GRdif 5.17974 success 1108055 failure 3937436 obj_new 1.00892 SA_pAcc 0 Delta 0 SA_r 0.517025 freedomratio 0.157653
Iter 9500000 pBad 2.42331e-49 T 8.7262e-14 Obj 1.00892 Rho 0 GRdif 5.1786 success 1108055 failure 4290262 obj_new 1.00892 SA_pAcc 1 Delta 0 SA_r 0.277041 freedomratio 0.120529
Iter 10000000 pBad 0 T 2.00001e-14 Obj 1.00892 Rho 0 GRdif 5.18029 success 1108055 failure 4661626 obj_new 1.00893 SA_pAcc 0 Delta 0 SA_r 0.650783 freedomratio 0.0737695
Cannot move further
iter 8.99498e+06 obj1.00892 rho 0 GRdif 5.1786
Training:
Lab Growth Rates:
0.5 0.46 0.54 0.17 0.41 0.56 0.465 0.23 0.4 0.58 0.22 0.25 0.25 0.42 0.43 0.42 0.52 0.4 0.53 0.65 0.54 0.54 0.25 0.901 0.3 0.48 0.52 0.48 0.648 0.901 0.54 0.47 0.51 0.54 0.36 1.46 0.724 1.345 0.1 0.4 0.59 0.52 1.345 0.4 0.58 0.47 0.5 0.42 0.485 0.53 0.3 0.59 0.48 0.4 1.66 1.345 0.42 0.46 1.345 0.52 0.4 0.42 0.47 0.43 0.26 0.58 0.45 0.46 0.45 0.52 0.19 1.483 0.47 0.71 0.45 0.55 0.637 0.54 0.4 1.4 0.4 0.5 0.45 0.42 0.6 0.54 0.41 0.53 0.38 1.05 0.901 0.5 1.46 0.301 0.49 0.65 0.648 0.42 0.45 1.42 0.45 0.4 0.485 0.68 0.46 0.65 0.4 1.05 0.55 0.56 0.3 0.4 0.37 0.6 0.54 0.4 0.5 0.52 0.47 0.5 0.47 0.55 0.56 0.33 0.22 0.5 0.4 0.1 0.4 0.4 0.3 1.345 0.41 1.483 0.47 0.37 0.301 0.4 0.09 0.686 0.4 0.4 0.59 0.46 0.58 0.55 0.55 0.476 0.54 0.53 0.5 0.52 0.45 0.377 0.56 0.5 0.47 0.43 0.39 1.345 0.54 0.636 0.485 0.46 0.48 0.4 0.46 0.42 1.66 0.4 0.53 0.36 0.43 0.485 0.6 0.58 0.43 0.5 0.47 0.31 1.05 0.25 0.39 0.51 0.22 0.41 0.68 0.43 0.46 0.55 0.17 0.637 0.43 0.901 0.52 0.5 0.5 0.4 0.59 0.47 0.46 0.54 0.58 0.686 0.27 0.5 0.37 0.4 0.56 0.52 0.1 0.4 0.14 0.5 0.59 0.47 0.27 0.4 0.42 0.7 0.37 1.483 0.59 0.52 0.3 0.5 0.42 0.41 0.43 0.4 0.4 0.56 0.23 0.54 1.483 0.4 0.58 0.3 0.617 0.45 0.55 0.58 0.4 0.34 1.35 0.33 0.4 0.2 0.47 0.33 0.58 0.52 0.5 0.3 1.483 0.635 0.37 0.59 0.4 0.65 0.38 0.47 0.4 0.1 0.54 0.33 0.43 0.68 0.4 0.54 0.5 0.5 0.4 0.59 0.65 0.52 0.54 0.636 0.5 0.42 0.36 0.11 1.05 0.5 0.17 0.5 0.4 0.38 0.762 0.45 0.37 0.33 0.56 0.39 0.762 0.481 0.33 0.09 0.45 0.47 0.46 0.45 0.53 0.32 0.54 0.5 0.25 0.46 0.4 0.56 0.58 0.25 0.41 0.6 0.7 0.58 0.53 0.53 0.4 0.38 0.53 0.36 0.476 0.56 0.59 0.47 0.39 1.483 0.56 0.49 0.45 0.55 0.65 0.55 0.5 0.48 0.47 0.56 0.54 0.636 0.43 0.25 0.58 0.56 0.377 0.58 0.46 0.46 0.51 0.22 0.301 1.49 0.5 0.36 0.56 0.5 0.4 0.36 0.46 1.248 0.33 0.58 0.45 0.762 1.46 0.47 0.476 0.5 0.42 0.48 0.43 0.4 0.58 0.686 0.56 0.54 0.4 1.05 0.901 0.45 0.4 0.54 0.55 0.648 0.3 0.58 0.58 0.53 0.635 0.65 0.5 0.37 0.37 0.31 0.4 0.42 0.36 0.4 0.27 0.48 0.37 0.2 0.58 0.26 0.465 0.1 1.67 0.7 0.3 0.55 1.248 0.34 0.27 0.58 0.47 1.248 0.481 0.901 0.54 1.345 0.14 0.45 0.4 0.47 0.65 0.53 1.345 0.32 0.71 0.48 0.4 0.22 0.1 0.11 0.762 0.4 0.3 0.33 0.37 0.68 0.53 0.5 1.345 1.44 0.59 0.1 0.5 0.53 0.47 0.27 0.22 0.4 0.4 0.48 0.26 0.4 0.54 0.71 0.36 0.45 0.42 0.4 0.53 0.4 0.59 0.3 0.31 0.47 1.483 0.33 0.54 0.58 0.39 0.55 0.42 0.54 0.1 0.635 0.53 0.5 0.59 0.32 0.4 0.49 1.248 0.09 0.23 0.41 0.4 0.19 0.54 0.39 1.483 0.5 0.4 0.724 0.37 0.46 0.56 0.34 0.45 0.7 0.59 1.483 0.59 1.43 0.3 0.46 0.59 0.46 1.483 0.37 0.1 0.637 0.11 0.3 0.4 0.4 0.481 0.4 0.724 0.37 1.46 0.37 1.43 0.56 0.58 0.4 0.46 0.465 0.4 0.5 0.41 0.45 0.4 0.56 0.54 0.3 0.47 0.65 0.38 0.4 0.46 1.483 0.42 0.59 0.22 0.22 0.4 0.19 0.54 0.43 1.248 0.42 1.345 0.41 0.45 0.47 1.67 0.27 0.5 1.345 1.38 0.2 0.5 0.47 0.46 0.37 0.56 0.377 0.54 0.54 0.25 0.42 1.03 0.46 1.483 0.37 0.4 0.68 0.4 0.36 1.345
Dot Production Prediction of Lab Growth Rates:
0.557834 0.396307 0.361788 0.355844 0.374566 0.543534 1.05608 0.382373 0.40225 0.39917 0.382084 0.577862 0.342098 0.526033 0.39173 0.347752 0.416433 0.399014 0.555172 0.653902 0.40376 0.378053 0.47016 0.901 0.416941 0.364759 0.376278 0.341714 0.70465 0.899743 0.394284 0.390927 0.43072 0.42675 0.36719 1.00801 0.708996 0.778106 0.43853 0.403554 0.402897 0.395198 0.726805 0.404181 0.376476 0.393016 0.503094 0.359627 1.06137 0.395207 0.305258 0.371995 0.37251 0.40357 1.6597 0.753637 0.366407 0.446268 0.74686 0.413095 0.397741 0.365295 0.37492 0.389873 0.43954 0.384995 1.43433 0.3391 0.359668 0.398634 0.370535 0.756955 0.397018 0.709406 0.371355 0.555008 0.708408 0.407493 0.409636 1.39886 0.402447 0.399989 1.49897 0.516085 0.308351 0.399555 1.05596 0.380121 0.353895 1.05 0.901508 0.522969 0.98205 1.05593 0.39494 0.648178 0.704666 0.378861 0.417939 1.4669 1.49052 0.39952 1.03478 0.679966 0.450094 0.637803 0.403749 0.998901 0.383137 0.396046 0.302373 0.400909 0.379609 0.311389 0.406021 0.404181 0.417613 0.407994 0.380527 0.395352 0.416853 0.566884 0.557336 0.395914 0.39162 0.50322 0.392486 0.443519 0.394538 0.402945 0.361967 0.752671 0.393414 0.740113 0.386514 0.506805 1.04983 0.400765 0.448272 0.707262 0.402454 0.402037 0.365301 0.453934 0.393345 0.568983 0.38492 1.06442 0.387031 0.378447 0.362011 0.408431 0.344906 1.04885 0.550955 0.37187 0.399848 0.433655 0.368201 0.754583 0.35569 0.70639 1.04378 0.382081 0.397577 0.402174 0.395119 0.525293 1.66 0.399959 0.323449 0.431914 0.397115 1.05529 0.312223 0.405602 0.427604 0.499914 0.384538 0.515811 1.05 0.384804 0.359875 0.423309 0.391777 0.408396 0.681633 0.404377 0.382531 0.372762 0.347591 0.704692 0.419404 0.90152 0.384056 0.356629 0.370792 0.401545 0.368403 0.402529 0.423447 0.556259 0.393423 0.708527 0.540137 0.392533 0.370177 0.402314 0.561575 0.386474 0.413878 0.40283 0.140351 0.550369 0.352074 0.381695 0.391747 0.390496 0.364739 0.699825 0.412879 0.749076 0.555708 0.406615 0.258166 0.40007 0.383718 1.06054 0.3889 0.402493 0.39757 0.395136 0.381642 0.404813 0.72378 0.398982 0.413086 0.278922 0.61718 0.386789 0.384345 0.39928 0.405243 0.341894 1.35001 0.363963 0.405023 0.413821 0.389623 0.386126 0.396544 0.408303 0.539554 0.298074 0.737202 0.702304 0.368392 0.554597 0.355619 0.649833 0.392281 0.384972 0.401916 0.432822 0.377131 0.443783 0.384819 0.670568 0.404952 0.395145 0.474257 0.52143 0.401685 0.557082 0.637647 0.404883 0.336063 0.705609 0.403145 0.365328 0.394784 0.411404 1.2106 0.500488 0.438026 0.464274 0.389391 0.390548 0.914457 0.367402 0.41073 0.479891 0.558617 0.346021 0.923415 1.05082 0.466353 0.398042 0.3879 0.401257 0.376824 0.404028 0.429238 0.336079 0.561414 0.398469 0.380176 0.35575 0.402449 0.559606 0.359559 0.499961 0.402112 0.313753 0.701225 0.392747 0.494413 0.537387 0.39289 0.348964 0.435906 0.375754 1.0647 0.394072 0.567459 0.451575 0.337075 0.730187 0.40011 0.405885 1.45349 0.5566 0.636175 0.561695 0.537476 0.337071 0.447732 0.557152 0.39004 0.710087 0.413403 1.44508 0.392319 0.544004 1.03928 0.393478 0.384269 0.382018 0.413206 0.38917 1.05188 1.49897 0.479188 0.36867 0.560214 0.398353 0.39185 0.395071 0.331285 0.947293 0.358641 0.387968 0.411913 0.902991 1.00687 0.449681 1.06995 0.561321 0.363585 0.364793 0.448963 0.399771 0.397767 0.707714 0.555804 0.549402 0.394061 1.05392 0.902948 1.47042 0.406742 0.400881 0.556144 0.704675 0.312752 0.396872 0.362599 0.552897 0.703565 0.662812 0.399196 0.44954 0.370926 0.507766 0.397014 0.387512 0.388998 0.394771 0.329247 0.380723 0.346107 0.387548 0.39715 0.389793 1.0673 0.577968 1.39536 0.692049 0.325294 0.382012 0.938273 0.365511 0.395242 0.398105 0.424828 0.953684 1.04063 0.900919 0.379499 0.758846 0.139407 0.355446 0.403494 0.415467 0.653941 0.543793 0.733095 0.360483 0.704147 0.332594 0.400568 0.444846 0.380939 0.378076 0.907535 0.399868 0.315433 0.350779 0.408094 0.673417 0.55579 0.37503 0.773193 1.51016 0.357367 1.37213 0.397641 0.420437 0.408045 0.373792 0.389352 0.405222 0.39933 0.338093 0.504942 0.401553 0.36428 0.706158 0.416812 1.44859 0.355503 0.3983 0.541901 0.391002 0.560851 0.300002 0.513514 0.392966 0.73876 0.393355 0.558799 0.384149 0.350408 0.379765 0.340142 0.547884 0.41605 0.706096 0.462381 0.342022 0.397815 0.369707 0.40181 0.402368 0.938355 0.379652 0.381691 0.413503 0.395164 0.366458 0.373805 0.38557 0.735837 0.364193 0.400666 0.708554 0.387039 0.483628 0.55224 0.348777 1.43218 0.702444 0.556966 0.722286 0.565723 1.44256 0.313679 0.405668 0.349428 0.390566 0.746743 0.384569 0.478491 0.705859 0.40103 0.38982 0.397565 0.391306 1.04095 0.402269 0.70726 0.373303 1.19909 0.371576 1.40921 0.400063 0.393409 0.402372 0.473071 1.05774 0.400926 0.49703 1.05133 0.373141 0.397573 0.398909 0.385408 0.300895 0.439555 0.657574 0.362408 0.403434 0.492308 0.752463 0.36672 0.338449 0.395213 0.409222 0.404652 0.381643 0.54838 0.417299 0.94323 0.366113 0.747196 0.345146 0.414057 0.45437 1.45167 0.387351 0.415408 0.734374 1.02894 0.409846 0.53957 0.392306 0.428544 0.424362 0.557471 1.03345 0.37338 0.567808 0.37742 0.418144 1.03 0.38378 0.754245 0.383906 0.369128 0.681085 0.401121 0.382195 0.765412
Testing:
Lab Growth Rates:
0.23 0.23 0.23 0.23 0.23 0.23
Dot Production Prediction of Lab Growth Rates:
0.553541 0.545468 0.551334 0.54794 0.548059 0.546876
Best performance so far: 
Obj: 4.6618e-310Rho: 2.26291e-314Diff: 4.6618e-310
Anneal again with the best G and E so far as input
Cycle 2Round 1
Iter 500000 pBad 0.9242 T 0.0286495 Obj 1.11256 Rho 0 GRdif 62.1853 success 121536 failure 1727 obj_new 1.11256 SA_pAcc 1 Delta -0.116331 SA_r 0.29711 freedomratio 0.294444
Iter 1000000 pBad 0.863252 T 0.00656634 Obj 1.04432 Rho 0 GRdif 25.2827 success 243036 failure 6190 obj_new 1.04432 SA_pAcc 1 Delta 0.254116 SA_r 0.629798 freedomratio 0.294444
Iter 1500000 pBad 0.799829 T 0.00150498 Obj 1.02633 Rho 0 GRdif 15.1543 success 363053 failure 13763 obj_new 1.02633 SA_pAcc 1.00061 Delta -0.158048 SA_r 0.936878 freedomratio 0.290918
Iter 2000000 pBad 0.775769 T 0.000344933 Obj 1.02036 Rho 0 GRdif 11.7513 success 481963 failure 23913 obj_new 1.02036 SA_pAcc 1.06819 Delta -0.207303 SA_r 0.156293 freedomratio 0.294742
Iter 2500000 pBad 0.585477 T 7.90572e-05 Obj 1.01223 Rho 0 GRdif 7.08603 success 594610 failure 46407 obj_new 1.01223 SA_pAcc 1 Delta 0.0453585 SA_r 0.0809182 freedomratio 0.288471
Iter 3000000 pBad 0.380383 T 1.81195e-05 Obj 1.01079 Rho 0 GRdif 6.25727 success 693069 failure 98810 obj_new 1.01079 SA_pAcc 1 Delta -0.0115956 SA_r 0.410463 freedomratio 0.277884
Iter 3500000 pBad 0.221215 T 4.15292e-06 Obj 1.01007 Rho 0 GRdif 5.84365 success 772472 failure 192199 obj_new 1.01007 SA_pAcc 1 Delta 0.217996 SA_r 0.931898 freedomratio 0.269284
Iter 4000000 pBad 0.0987412 T 9.5183e-07 Obj 1.0095 Rho 0 GRdif 5.5145 success 830383 failure 337469 obj_new 1.0095 SA_pAcc 0.702654 Delta 0.0885812 SA_r 0.998901 freedomratio 0.239229
Iter 4500000 pBad 0.0418042 T 2.18155e-07 Obj 1.00919 Rho 0 GRdif 5.3331 success 866720 failure 540774 obj_new 1.00919 SA_pAcc 1 Delta -0.00978712 SA_r 0.618064 freedomratio 0.213319
Iter 5000000 pBad 0.0255483 T 5.00001e-08 Obj 1.00907 Rho 0 GRdif 5.27667 success 886293 failure 800733 obj_new 1.00909 SA_pAcc 1.15865e-190 Delta 0.0200873 SA_r 0.442657 freedomratio 0.194983
Iter 5500000 pBad 0.00760497 T 1.14598e-08 Obj 1.009 Rho 0 GRdif 5.24149 success 896761 failure 1098899 obj_new 1.00903 SA_pAcc 0 Delta -0.0043026 SA_r 0.300473 freedomratio 0.183276
Iter 6000000 pBad 0.00429324 T 2.62654e-09 Obj 1.00897 Rho 0 GRdif 5.28334 success 903113 failure 1417850 obj_new 1.0091 SA_pAcc 0 Delta 0.000496844 SA_r 0.40665 freedomratio 0.176399
Iter 6500000 pBad 0.00385313 T 6.0199e-10 Obj 1.00895 Rho 0 GRdif 5.19595 success 906742 failure 1751239 obj_new 1.00895 SA_pAcc 6.19137e-44 Delta 0.00207699 SA_r 0.562336 freedomratio 0.171219
Iter 7000000 pBad 0.0012025 T 1.37973e-10 Obj 1.00895 Rho 0 GRdif 5.1921 success 909511 failure 2092302 obj_new 1.00895 SA_pAcc 2.74418e-122 Delta 0.0011146 SA_r 0.14588 freedomratio 0.166714
Iter 7500000 pBad 0.00111277 T 3.16229e-11 Obj 1.00894 Rho 0 GRdif 5.18926 success 911552 failure 2445283 obj_new 1.00894 SA_pAcc 0 Delta -0.000803125 SA_r 0.211268 freedomratio 0.16172
Iter 8000000 pBad 0.000217848 T 7.24782e-12 Obj 1.00894 Rho 0 GRdif 5.18741 success 914401 failure 2807454 obj_new 1.00894 SA_pAcc 0 Delta -2.72929e-05 SA_r 0.695718 freedomratio 0.157016
Iter 8500000 pBad 6.51174e-22 T 1.66117e-12 Obj 1.00894 Rho 0 GRdif 5.18688 success 921064 failure 3143690 obj_new 1.00894 SA_pAcc 1 Delta 0 SA_r 0.251659 freedomratio 0.14991
Iter 9000000 pBad 2.89375e-47 T 3.80732e-13 Obj 1.00894 Rho 0 GRdif 5.19402 success 921066 failure 3438682 obj_new 1.00895 SA_pAcc 0 Delta -2.67783e-47 SA_r 0.504534 freedomratio 0.150219
Iter 9500000 pBad 0 T 8.7262e-14 Obj 1.00894 Rho 0 GRdif 5.18688 success 921066 failure 3737036 obj_new 1.00894 SA_pAcc 1 Delta 0 SA_r 0.16973 freedomratio 0.111153
Good enough
iter 8.50913e+06 obj1.00894 rho 0 GRdif 5.18688
Training:
Lab Growth Rates:
0.5 0.46 0.54 0.17 0.41 0.56 0.465 0.23 0.4 0.58 0.22 0.25 0.25 0.42 0.43 0.42 0.52 0.4 0.53 0.65 0.54 0.54 0.25 0.901 0.3 0.48 0.52 0.48 0.648 0.901 0.54 0.47 0.51 0.54 0.36 1.46 0.724 1.345 0.1 0.4 0.59 0.52 1.345 0.4 0.58 0.47 0.5 0.42 0.485 0.53 0.3 0.59 0.48 0.4 1.66 1.345 0.42 0.46 1.345 0.52 0.4 0.42 0.47 0.43 0.26 0.58 0.45 0.46 0.45 0.52 0.19 1.483 0.47 0.71 0.45 0.55 0.637 0.54 0.4 1.4 0.4 0.5 0.45 0.42 0.6 0.54 0.41 0.53 0.38 1.05 0.901 0.5 1.46 0.301 0.49 0.65 0.648 0.42 0.45 1.42 0.45 0.4 0.485 0.68 0.46 0.65 0.4 1.05 0.55 0.56 0.3 0.4 0.37 0.6 0.54 0.4 0.5 0.52 0.47 0.5 0.47 0.55 0.56 0.33 0.22 0.5 0.4 0.1 0.4 0.4 0.3 1.345 0.41 1.483 0.47 0.37 0.301 0.4 0.09 0.686 0.4 0.4 0.59 0.46 0.58 0.55 0.55 0.476 0.54 0.53 0.5 0.52 0.45 0.377 0.56 0.5 0.47 0.43 0.39 1.345 0.54 0.636 0.485 0.46 0.48 0.4 0.46 0.42 1.66 0.4 0.53 0.36 0.43 0.485 0.6 0.58 0.43 0.5 0.47 0.31 1.05 0.25 0.39 0.51 0.22 0.41 0.68 0.43 0.46 0.55 0.17 0.637 0.43 0.901 0.52 0.5 0.5 0.4 0.59 0.47 0.46 0.54 0.58 0.686 0.27 0.5 0.37 0.4 0.56 0.52 0.1 0.4 0.14 0.5 0.59 0.47 0.27 0.4 0.42 0.7 0.37 1.483 0.59 0.52 0.3 0.5 0.42 0.41 0.43 0.4 0.4 0.56 0.23 0.54 1.483 0.4 0.58 0.3 0.617 0.45 0.55 0.58 0.4 0.34 1.35 0.33 0.4 0.2 0.47 0.33 0.58 0.52 0.5 0.3 1.483 0.635 0.37 0.59 0.4 0.65 0.38 0.47 0.4 0.1 0.54 0.33 0.43 0.68 0.4 0.54 0.5 0.5 0.4 0.59 0.65 0.52 0.54 0.636 0.5 0.42 0.36 0.11 1.05 0.5 0.17 0.5 0.4 0.38 0.762 0.45 0.37 0.33 0.56 0.39 0.762 0.481 0.33 0.09 0.45 0.47 0.46 0.45 0.53 0.32 0.54 0.5 0.25 0.46 0.4 0.56 0.58 0.25 0.41 0.6 0.7 0.58 0.53 0.53 0.4 0.38 0.53 0.36 0.476 0.56 0.59 0.47 0.39 1.483 0.56 0.49 0.45 0.55 0.65 0.55 0.5 0.48 0.47 0.56 0.54 0.636 0.43 0.25 0.58 0.56 0.377 0.58 0.46 0.46 0.51 0.22 0.301 1.49 0.5 0.36 0.56 0.5 0.4 0.36 0.46 1.248 0.33 0.58 0.45 0.762 1.46 0.47 0.476 0.5 0.42 0.48 0.43 0.4 0.58 0.686 0.56 0.54 0.4 1.05 0.901 0.45 0.4 0.54 0.55 0.648 0.3 0.58 0.58 0.53 0.635 0.65 0.5 0.37 0.37 0.31 0.4 0.42 0.36 0.4 0.27 0.48 0.37 0.2 0.58 0.26 0.465 0.1 1.67 0.7 0.3 0.55 1.248 0.34 0.27 0.58 0.47 1.248 0.481 0.901 0.54 1.345 0.14 0.45 0.4 0.47 0.65 0.53 1.345 0.32 0.71 0.48 0.4 0.22 0.1 0.11 0.762 0.4 0.3 0.33 0.37 0.68 0.53 0.5 1.345 1.44 0.59 0.1 0.5 0.53 0.47 0.27 0.22 0.4 0.4 0.48 0.26 0.4 0.54 0.71 0.36 0.45 0.42 0.4 0.53 0.4 0.59 0.3 0.31 0.47 1.483 0.33 0.54 0.58 0.39 0.55 0.42 0.54 0.1 0.635 0.53 0.5 0.59 0.32 0.4 0.49 1.248 0.09 0.23 0.41 0.4 0.19 0.54 0.39 1.483 0.5 0.4 0.724 0.37 0.46 0.56 0.34 0.45 0.7 0.59 1.483 0.59 1.43 0.3 0.46 0.59 0.46 1.483 0.37 0.1 0.637 0.11 0.3 0.4 0.4 0.481 0.4 0.724 0.37 1.46 0.37 1.43 0.56 0.58 0.4 0.46 0.465 0.4 0.5 0.41 0.45 0.4 0.56 0.54 0.3 0.47 0.65 0.38 0.4 0.46 1.483 0.42 0.59 0.22 0.22 0.4 0.19 0.54 0.43 1.248 0.42 1.345 0.41 0.45 0.47 1.67 0.27 0.5 1.345 1.38 0.2 0.5 0.47 0.46 0.37 0.56 0.377 0.54 0.54 0.25 0.42 1.03 0.46 1.483 0.37 0.4 0.68 0.4 0.36 1.345
Dot Production Prediction of Lab Growth Rates:
0.55766 0.39725 0.371855 0.373974 0.374042 0.543232 0.425285 0.380197 0.403541 0.393226 0.412265 0.534418 0.357373 0.515217 0.394368 0.352528 0.408267 0.400131 0.547772 0.650008 0.408089 0.401277 0.475902 0.897472 0.420852 0.35459 0.383957 0.359679 0.707469 0.904 0.401197 0.389444 0.430913 0.414215 0.367735 1.00917 0.71295 0.749545 0.447207 0.405435 0.400456 0.403393 0.714742 0.404847 0.382845 0.391585 0.507563 0.381264 0.424998 0.387631 0.300262 0.374635 0.373013 0.404525 1.6614 0.736621 0.372777 0.429912 0.735272 0.41297 0.400975 0.388688 0.369084 0.399681 0.441107 0.387775 1.44988 0.356071 0.376529 0.401104 0.371205 0.739643 0.40019 0.712989 0.382425 0.557518 0.702791 0.410796 0.404801 1.40125 0.403882 0.413222 1.50635 0.503452 0.306399 0.397871 0.420569 0.371359 0.360151 1.05344 0.90364 0.511738 1.00279 0.427057 0.40714 0.650152 0.704574 0.38253 0.415822 1.48177 1.50719 0.399854 0.420838 0.666743 0.446583 0.63986 0.406768 0.998457 0.411672 0.415031 0.302322 0.402035 0.374455 0.308209 0.403649 0.407318 0.411013 0.397789 0.379073 0.429103 0.411505 0.567556 0.551399 0.400658 0.382905 0.50059 0.392146 0.452181 0.396272 0.4028 0.372594 0.73932 0.387976 0.728717 0.404267 0.500203 0.425402 0.40374 0.444371 0.714351 0.405721 0.404132 0.365323 0.433078 0.419817 0.565543 0.410342 0.428548 0.390855 0.377491 0.368333 0.396128 0.365384 0.422336 0.548468 0.373789 0.395556 0.428552 0.367116 0.718456 0.369946 0.71324 0.419808 0.406825 0.385438 0.405543 0.395415 0.510327 1.66155 0.400222 0.350596 0.432783 0.402245 0.423957 0.310143 0.424037 0.420743 0.498522 0.390282 0.512619 1.05097 0.387834 0.366096 0.4197 0.415092 0.411003 0.666084 0.405047 0.405976 0.399623 0.36472 0.699493 0.418864 0.90183 0.386288 0.371343 0.37479 0.403303 0.372421 0.401851 0.429717 0.557225 0.410843 0.714479 0.530481 0.412957 0.370055 0.4025 0.559974 0.397339 0.712693 0.402641 0.140595 0.550498 0.361332 0.389239 0.400451 0.391081 0.374647 0.702976 0.425009 0.733151 0.553957 0.406365 0.267808 0.389852 0.381569 0.422514 0.403911 0.403113 0.397156 0.413686 0.378973 0.396693 0.714495 0.399451 0.416894 0.283288 0.617647 0.385665 0.411384 0.415667 0.40585 0.359661 1.35136 0.37391 0.402676 0.408917 0.414403 0.394033 0.414788 0.412871 0.543099 0.29894 0.722796 0.704543 0.369009 0.557242 0.365975 0.660213 0.389658 0.39827 0.401604 0.765016 0.423768 0.432706 0.388726 0.655082 0.403281 0.402449 0.489103 0.510769 0.403518 0.553615 0.625436 0.400074 0.351409 0.708478 0.424125 0.377131 0.393935 0.409652 1.33958 0.504623 0.440561 0.464827 0.39059 0.393299 0.914462 0.377257 0.406505 0.482652 0.560402 0.367095 0.918359 0.423743 0.452266 0.400072 0.393872 0.401435 0.381112 0.401645 0.409433 0.354665 0.564156 0.389942 0.380894 0.375345 0.402263 0.558605 0.352619 0.495423 0.397624 0.319115 0.698703 0.414425 0.494713 0.539674 0.393183 0.349447 0.436808 0.377007 0.427065 0.414703 0.556949 0.457601 0.355188 0.720689 0.418401 0.423271 1.45325 0.56122 0.638862 0.560164 0.542848 0.365272 0.446851 0.556505 0.392889 0.716722 0.40842 1.46612 0.386543 0.543996 0.425898 0.413947 0.404247 0.401125 0.412986 0.414957 0.423809 1.50635 0.482335 0.367066 0.55462 0.419292 0.392451 0.392499 0.352769 0.93799 0.364822 0.400901 0.415181 0.90126 1.00753 0.436408 0.428977 0.555116 0.393612 0.37487 0.441706 0.400497 0.423388 0.713485 0.548612 0.553356 0.396831 1.05087 0.901935 1.47142 0.407047 0.407622 0.558738 0.700335 0.307826 0.393673 0.367577 0.55079 0.706453 0.667926 0.39859 0.44647 0.37076 0.50524 0.397973 0.400503 0.382057 0.396624 0.34622 0.374433 0.349658 0.380919 0.420789 0.378892 0.428184 0.546908 1.39489 0.70086 0.322508 0.410717 0.936508 0.369037 0.397423 0.41477 0.416399 0.951741 0.422538 0.901596 0.399427 0.738007 0.139933 0.373093 0.4049 0.423929 0.655002 0.538872 0.725585 0.371655 0.710609 0.353989 0.400985 0.435617 0.398464 0.382408 0.913743 0.399271 0.324325 0.361512 0.398866 0.661663 0.559638 0.375862 0.759181 1.48038 0.364936 1.37701 0.416117 0.408007 0.416145 0.377491 0.410528 0.405234 0.398718 0.351693 0.508838 0.400037 0.381722 0.713958 0.422409 1.48495 0.363752 0.399865 0.543732 0.391129 0.563425 0.300348 0.506557 0.392936 0.717877 0.395764 0.563174 0.402445 0.368364 0.413017 0.360831 0.553976 0.722934 0.703077 0.468371 0.358843 0.386155 0.379186 0.403428 0.407472 0.938934 0.382434 0.380649 0.407917 0.398431 0.371669 0.411594 0.391325 0.714406 0.369602 0.401941 0.71711 0.384404 0.480342 0.549147 0.351853 1.44783 0.700569 0.554928 0.715959 0.558424 1.43217 0.307605 0.415683 0.362997 0.414441 0.730864 0.38272 0.823411 0.702772 0.403576 0.400675 0.398814 0.392686 0.422011 0.402869 0.713255 0.370925 1.32716 0.370699 1.43082 0.422679 0.412121 0.404159 0.472161 0.428743 0.401689 0.50064 0.418215 0.39011 0.399279 0.420853 0.409213 0.301409 0.446435 0.654818 0.357226 0.403563 0.486083 0.743905 0.374033 0.353502 0.412909 0.407265 0.403332 0.383611 0.556189 0.424723 0.939728 0.373349 0.726865 0.365465 0.406219 0.468641 1.48452 0.398284 0.398529 0.716127 1.00749 0.412735 0.542808 0.389441 0.419606 0.438693 0.554062 0.42653 0.416258 0.563667 0.386342 0.408202 1.03098 0.409182 0.737298 0.384048 0.371318 0.666302 0.402168 0.386566 0.747173
Testing:
Lab Growth Rates:
0.23 0.23 0.23 0.23 0.23 0.23
Dot Production Prediction of Lab Growth Rates:
0.55509 0.55222 0.548257 0.548469 0.548609 0.546461
Best performance so far: 
Obj: 4.6618e-310Rho: 6.5069e-314Diff: 4.6618e-310
Test:
 Lab Growth Rates:
0.23 0.23 0.23 0.23 0.23 0.23Dot Product Prediction of Growth Rate:
0.5550905 0.5522199 0.5482572 0.5484692 0.5486092 0.5464613