seed =  5 traits =  1 
Training: part  184 
Training: part  184 
Round  1 
 Goal of obj  0.99 
Temperature range:  0.125 2.5e-12 
Cycle 1Round 1
Iter 500000 pBad 0.949409 T 0.0364723 Obj 1.13596 Rho 0 GRdif 74.7 success 148016 failure 1315 obj_new 1.13596 SA_pAcc 1 Delta -0.14178 SA_r 0.545002 freedomratio 0.376365
Iter 1000000 pBad 0.887468 T 0.0106418 Obj 1.06503 Rho 0 GRdif 36.9171 success 294677 failure 5351 obj_new 1.06503 SA_pAcc 1 Delta 0.635982 SA_r 0.53183 freedomratio 0.381759
Iter 1500000 pBad 0.830292 T 0.00310503 Obj 1.0354 Rho 0 GRdif 20.3837 success 441057 failure 10953 obj_new 1.0354 SA_pAcc 1 Delta -0.477788 SA_r 0.93852 freedomratio 0.365337
Iter 2000000 pBad 0.784268 T 0.000905977 Obj 1.02254 Rho 0 GRdif 13.0591 success 586074 failure 19294 obj_new 1.02254 SA_pAcc 1 Delta 0 SA_r 0.930699 freedomratio 0.365337
Iter 2500000 pBad 0.726627 T 0.000264343 Obj 1.0161 Rho 0 GRdif 9.35808 success 728325 failure 33818 obj_new 1.0161 SA_pAcc 1.09587 Delta 0.214839 SA_r 0.153141 freedomratio 0.371356
Iter 3000000 pBad 0.587179 T 7.71294e-05 Obj 1.0135 Rho 0 GRdif 7.89109 success 864687 failure 60025 obj_new 1.01356 SA_pAcc 0.502924 Delta 0.443743 SA_r 0.733442 freedomratio 0.359069
Iter 3500000 pBad 0.472249 T 2.25046e-05 Obj 1.01279 Rho 0 GRdif 7.44559 success 991724 failure 107145 obj_new 1.01279 SA_pAcc 0.543209 Delta -0.389815 SA_r 0.0274052 freedomratio 0.367398
Iter 4000000 pBad 0.31573 T 6.56634e-06 Obj 1.01192 Rho 0 GRdif 6.94578 success 1101525 failure 188886 obj_new 1.01192 SA_pAcc 1.17229 Delta -0.0243401 SA_r 0.667254 freedomratio 0.351741
Iter 4500000 pBad 0.136133 T 1.91591e-06 Obj 1.01092 Rho 0 GRdif 6.36343 success 1187899 failure 318936 obj_new 1.01092 SA_pAcc 6.36248 Delta 0.0527174 SA_r 0.222254 freedomratio 0.32092
Iter 5000000 pBad 0.0683209 T 5.59018e-07 Obj 1.01034 Rho 0 GRdif 6.03683 success 1244620 failure 515755 obj_new 1.01036 SA_pAcc 1.24948e-09 Delta -0.00295553 SA_r 0.82885 freedomratio 0.275505
Iter 5500000 pBad 0.0342172 T 1.63109e-07 Obj 1.01008 Rho 0 GRdif 5.92424 success 1278249 failure 774292 obj_new 1.01016 SA_pAcc 2.32072e-208 Delta 0.0273794 SA_r 0.298975 freedomratio 0.246945
Iter 6000000 pBad 0.0181527 T 4.75915e-08 Obj 1.00993 Rho 0 GRdif 5.78851 success 1297830 failure 1078056 obj_new 1.00993 SA_pAcc 0.221364 Delta -0.00265012 SA_r 0.341743 freedomratio 0.222307
Iter 6500000 pBad 0.0115859 T 1.38861e-08 Obj 1.00985 Rho 0 GRdif 5.74238 success 1309552 failure 1411322 obj_new 1.00985 SA_pAcc 1 Delta -0.00518757 SA_r 0.770305 freedomratio 0.213713
Iter 7000000 pBad 0.00811019 T 4.05165e-09 Obj 1.00981 Rho 0 GRdif 5.73229 success 1316248 failure 1763774 obj_new 1.00983 SA_pAcc 0 Delta -0.00620712 SA_r 0.648061 freedomratio 0.205614
Iter 7500000 pBad 0.00301055 T 1.18218e-09 Obj 1.00979 Rho 0 GRdif 5.71269 success 1320705 failure 2125693 obj_new 1.0098 SA_pAcc 0 Delta -0.00196029 SA_r 0.990757 freedomratio 0.200273
Iter 8000000 pBad 0.0015804 T 3.44933e-10 Obj 1.00978 Rho 0 GRdif 5.70187 success 1323279 failure 2496097 obj_new 1.00978 SA_pAcc 3.31915e-53 Delta -0.000943685 SA_r 0.0904444 freedomratio 0.197706
Iter 8500000 pBad 0.000846133 T 1.00644e-10 Obj 1.00977 Rho 0 GRdif 5.69613 success 1325223 failure 2872046 obj_new 1.00977 SA_pAcc 3.91263e-43 Delta 0.00055409 SA_r 0.261452 freedomratio 0.194684
Iter 9000000 pBad 0.000390085 T 2.93655e-11 Obj 1.00976 Rho 0 GRdif 5.69164 success 1326276 failure 3252610 obj_new 1.00976 SA_pAcc 1 Delta 0.000287289 SA_r 0.261969 freedomratio 0.19289
Iter 9500000 pBad 0.000101678 T 8.5682e-12 Obj 1.00976 Rho 0 GRdif 5.70053 success 1327804 failure 3632878 obj_new 1.00978 SA_pAcc 0 Delta 9.06393e-05 SA_r 0.571328 freedomratio 0.193144
Iter 10000000 pBad 0.000995664 T 2.50001e-12 Obj 1.00975 Rho 0 GRdif 5.68945 success 1331572 failure 4000647 obj_new 1.00976 SA_pAcc 0 Delta 0.000435811 SA_r 0.669167 freedomratio 0.188728
Cannot move further
iter 9.99945e+06 obj1.00975 rho 0 GRdif 5.68815
Training:
Lab Growth Rates:
0.4 0.5 0.5 0.43 0.48 0.31 0.33 0.56 0.465 0.37 0.4 0.36 0.5 0.65 0.45 0.54 0.41 0.48 0.1 0.4 0.53 0.22 0.59 0.23 0.25 0.901 0.46 0.47 0.58 0.53 0.648 0.901 0.59 0.33 0.47 0.43 0.09 0.1 0.724 1.345 0.46 0.4 0.54 0.45 1.345 0.4 0.4 0.39 0.5 0.42 0.485 0.4 0.7 0.37 0.51 0.4 1.03 1.345 0.25 0.58 1.345 0.46 0.4 0.42 0.52 0.45 0.46 0.4 0.45 0.54 0.52 0.58 0.5 0.637 0.48 0.4 0.1 0.4 0.58 0.45 0.55 0.3 0.49 0.41 0.42 1.483 1.43 0.901 0.6 0.23 0.301 0.54 0.65 0.648 0.25 0.47 1.42 0.45 0.4 0.485 0.68 0.43 0.65 0.4 0.65 0.54 0.55 0.3 0.4 1.4 0.3 0.42 0.4 0.36 0.59 0.39 0.58 0.11 0.55 0.56 0.48 0.43 0.3 0.4 0.46 0.5 0.4 0.38 1.345 0.5 1.483 0.52 0.37 0.301 0.4 0.5 0.686 0.4 0.4 0.37 0.58 0.58 0.55 0.54 0.476 0.49 0.4 0.5 0.26 0.27 0.377 0.56 0.5 0.33 0.43 0.42 1.345 0.54 0.636 0.485 0.22 0.42 0.4 0.26 0.42 1.05 0.4 0.2 0.36 0.53 0.485 0.3 0.56 0.27 0.5 0.52 0.17 1.35 0.22 0.53 0.3 0.5 0.39 0.68 0.36 0.58 0.54 0.5 0.637 0.51 0.901 0.45 0.27 0.5 0.4 0.25 0.1 0.47 0.54 0.46 0.686 0.27 0.58 0.09 0.37 0.4 0.56 0.46 1.46 0.4 0.14 0.5 0.54 0.47 0.2 0.4 0.39 0.23 0.37 1.483 0.59 0.58 0.3 0.42 0.17 0.41 0.25 0.4 0.4 0.55 0.37 0.54 1.483 0.4 0.39 0.3 0.37 0.42 0.54 0.56 0.4 0.34 0.65 0.41 0.4 0.45 0.47 0.33 0.56 0.47 0.5 0.617 1.483 0.635 0.37 0.59 0.54 0.22 0.53 0.47 0.5 1.46 0.23 0.45 0.46 0.68 0.4 0.54 0.3 0.6 0.42 0.59 0.22 0.52 0.38 0.636 0.58 0.42 0.58 0.31 1.05 0.6 0.22 0.6 0.4 0.45 0.762 0.47 0.46 0.33 0.56 0.4 0.762 0.481 0.53 0.09 0.46 0.47 0.47 0.53 0.53 0.52 0.54 0.47 0.45 0.5 0.4 0.56 0.58 0.45 0.48 0.3 0.37 0.46 0.3 0.53 0.5 0.4 0.53 0.4 0.476 0.55 0.59 0.41 0.47 1.483 0.45 0.55 0.5 0.56 0.45 0.636 0.41 0.25 0.3 0.56 0.377 0.46 0.58 0.58 0.37 0.51 0.5 0.301 1.49 0.5 0.59 0.56 0.58 0.4 0.58 0.4 1.248 0.55 0.56 0.5 0.762 0.25 0.47 0.476 0.5 0.19 0.1 0.36 1.05 0.46 0.56 0.686 0.56 0.54 0.4 0.42 0.901 0.45 0.42 0.43 0.55 0.648 0.22 0.54 0.52 0.53 0.65 0.635 0.45 1.38 1.67 0.54 0.17 0.37 1.46 0.27 0.33 0.34 0.42 0.38 0.48 0.58 0.25 0.465 1.05 0.37 0.3 0.47 0.54 1.248 0.5 0.47 0.56 0.11 1.248 0.481 0.901 0.23 1.345 0.14 0.4 0.58 0.42 0.65 0.53 1.345 0.3 0.71 0.49 0.32 0.23 0.1 0.7 0.762 0.52 0.4 0.5 0.43 0.68 0.53 0.58 1.345 1.44 0.1 0.1 0.19 0.37 0.32 0.36 0.5 0.48 1.66 0.48 0.31 0.4 0.46 0.71 0.26 0.22 0.32 0.45 0.23 0.52 0.38 0.4 0.46 0.4 0.43 0.635 0.48 0.33 0.4 0.65 0.54 0.4 0.4 1.248 0.52 0.54 0.34 0.5 0.47 0.55 0.47 1.483 0.56 0.33 0.5 0.5 0.724 0.53 0.52 1.43 0.36 0.45 0.56 0.46 0.37 1.46 0.4 1.05 0.59 0.43 0.54 0.47 0.52 0.59 1.66 0.637 0.11 0.54 1.483 0.59 0.481 0.42 0.724 0.43 0.47 0.54 0.4 0.4 0.46 0.5 0.4 0.4 0.45 0.36 0.58 0.27 0.47 0.59 0.54 0.41 0.2 0.43 0.59 0.7 0.54 0.37 0.47 1.345 0.41 0.54 1.483 0.59 0.42 0.23 0.4 0.4 1.483 0.47 0.42 0.5 0.5 0.59 0.4 0.55 0.19 0.71 0.65 0.47 1.67 1.248 1.483 1.345 0.23 0.54 0.377 0.4 0.7 0.53 0.59 0.46 0.5 0.68 0.39 0.1 1.345 0.4 0.38 0.465 0.4 1.483 0.41 0.36 0.43 0.4 0.4 0.33 0.55
Dot Production Prediction of Lab Growth Rates:
0.400284 0.403573 0.560262 0.377187 0.343109 0.481042 0.448979 0.528653 0.431838 0.441471 0.402281 0.376063 0.484693 0.647962 0.410438 0.407918 0.369947 0.374598 0.42342 0.399716 0.536526 0.477331 0.373235 0.533302 0.352147 1.48362 0.445699 0.376649 0.388323 0.419295 0.715983 0.901 0.376663 0.358188 0.413697 0.396351 0.427204 0.623572 0.720676 0.820324 0.421497 0.402733 0.380992 0.36129 0.778095 0.402787 0.399716 0.354477 0.522218 0.369225 0.440219 0.397807 0.699833 0.464286 0.416996 0.402116 1.03 0.744128 0.378224 0.343247 0.752934 0.336193 0.401773 0.412388 0.38762 0.400139 0.436433 0.400208 1.41757 0.393284 0.403152 0.399106 0.372173 0.721339 0.342029 0.345937 0.596722 0.400896 0.46044 1.48928 0.551915 0.310468 0.396478 0.459957 0.361711 0.74813 1.42298 0.893471 0.307095 0.474825 0.464716 0.37069 0.644179 0.71713 0.377313 0.453355 1.45078 1.42519 0.401469 0.449581 0.6448 0.386473 0.650439 0.403324 0.630611 0.475022 0.484124 0.302983 0.402224 1.39705 0.302087 0.465906 0.404978 0.425669 0.402651 0.382737 0.457741 0.392585 0.550408 0.540231 0.381889 0.420309 0.26496 0.406281 0.398329 0.493335 0.404061 0.395143 0.770979 0.405128 0.723456 0.378257 0.404127 0.472809 0.400765 0.359482 0.719257 0.400328 0.398877 0.404088 0.389863 0.458404 0.548135 0.465821 0.434879 0.408718 0.400995 0.366659 0.47536 0.343615 0.445674 0.530578 0.357289 0.352269 0.402491 0.466353 0.793282 0.358472 0.715354 0.449512 0.490289 0.351284 0.399927 0.377928 0.469835 1.24107 0.399272 0.371595 0.421026 0.429914 0.435557 0.275671 0.482214 0.363434 0.524349 0.393717 0.350503 1.35 0.427451 0.337554 0.359513 0.471946 0.362691 0.643902 0.358698 0.474526 0.472039 0.420578 0.719144 0.422014 0.892443 0.373275 0.385582 0.365041 0.400491 0.442403 0.352544 0.397154 0.534348 0.468208 0.720458 0.511555 0.458578 0.367396 0.467542 0.4001 0.541198 0.346338 1.26706 0.401313 0.140252 0.541504 0.403224 0.37095 0.367837 0.400644 0.370822 0.473699 0.424981 0.72532 0.543677 0.374242 0.306109 0.379308 0.418768 0.459645 0.483321 0.400853 0.40095 0.482013 0.447142 0.389606 0.761804 0.401013 0.344882 0.311908 0.434652 0.346024 0.474467 0.461485 0.400711 0.366919 0.639741 0.39216 0.399945 0.358826 0.365239 0.376021 0.461212 0.370242 0.536023 0.617006 0.703259 0.717124 0.462713 0.554404 0.38201 0.483283 0.405871 0.381578 0.500324 1.01518 0.546865 0.361122 0.382455 0.625659 0.40292 0.351794 0.3 0.313725 0.35227 0.53433 0.494281 0.390182 0.337017 0.71436 0.473442 0.366571 0.394727 0.473477 1.05112 0.300354 0.397876 0.301695 0.399504 0.393789 1.68197 0.372853 0.418055 0.47563 0.538379 0.38416 1.7106 0.437216 0.384107 0.381052 0.459752 0.38704 0.401792 0.423251 0.361173 0.406638 0.548843 0.446971 0.343131 0.379351 0.399547 0.543035 0.38271 0.391175 0.353889 0.32329 0.434057 0.464876 0.390995 0.52819 0.49609 0.396573 0.388166 0.403048 0.430414 0.479652 0.542612 0.346516 0.381125 0.7013 1.40737 0.550494 0.542429 0.533007 0.36456 0.718897 0.393727 1.42688 0.37448 0.529192 0.444028 0.461809 0.458569 0.456102 0.446651 0.399838 0.485176 0.468319 1.48928 0.504012 0.364847 0.531188 0.472472 0.400285 0.398349 0.399815 1.325 0.488978 0.479162 0.365144 1.66288 0.635959 0.450802 0.43852 0.541743 0.372257 0.578138 0.387953 1.04682 0.394989 0.481249 0.717405 0.534551 0.535165 0.401453 0.361083 0.855932 1.38592 0.369054 0.377387 0.550836 0.712145 0.470915 0.395855 0.410502 0.512346 0.648825 0.719183 0.410983 1.04077 1.36605 0.382342 0.355424 0.417585 0.978202 0.377958 0.472468 0.37117 0.342617 0.336853 0.381558 0.45707 0.371798 0.432687 1.05 0.469682 0.302687 0.380548 0.460601 1.30804 0.506057 0.380626 0.462859 0.359716 1.3612 0.440561 0.889554 0.53343 0.734687 0.138013 0.4018 0.472555 0.364 0.65755 0.516756 0.725729 0.302572 0.710065 0.40032 0.365199 0.476306 0.418085 0.701717 1.66121 0.402437 0.403224 0.508654 0.413509 0.637174 0.541683 0.362397 0.791889 1.45103 0.624375 1.3454 0.36798 0.334725 0.374412 0.384016 0.386325 0.373517 1.66 0.360077 0.486292 0.402464 0.470744 0.714912 0.435732 0.387245 0.350927 0.414401 0.549597 0.393947 0.383926 0.353265 0.456401 0.400044 0.39039 0.717537 0.345055 0.392206 0.400852 0.655801 0.540153 0.399802 0.402823 1.30566 0.371573 0.550541 0.36221 0.486362 0.415213 0.489025 0.395611 0.771545 0.531013 0.355298 0.363374 0.464914 0.722921 0.525807 0.410608 1.43953 0.359011 1.40918 0.538042 0.459996 0.403245 1.01008 0.400512 1.00924 0.358293 0.382059 0.390605 0.386465 0.396731 0.548484 1.66 0.724136 0.3892 0.353324 0.77135 0.546631 0.435645 0.361556 0.719626 0.411342 0.375744 0.533333 0.399856 0.397397 0.36307 0.449466 0.399236 0.398603 1.40674 0.366436 0.461387 0.384822 0.379987 0.36725 0.469673 0.402832 0.379341 0.427252 0.375645 0.700518 0.376348 0.435912 0.384191 0.779588 0.461291 0.542946 0.774629 0.540727 0.359078 0.536499 0.402451 0.400746 0.765944 0.406819 0.355558 0.467459 0.518548 0.354496 0.399095 0.553266 0.384928 0.725412 0.650227 0.398659 1.45543 1.33584 0.799246 0.80306 0.543193 0.37669 0.451024 0.398033 0.695412 0.407961 0.408151 0.453997 0.480804 0.638859 0.364973 0.574749 0.767185 0.400566 0.346683 0.431646 0.400654 0.771171 0.413799 0.38137 0.402984 0.400142 0.3998 0.394579 0.487412
Testing:
Lab Growth Rates:
0.46 0.46 0.46
Dot Production Prediction of Lab Growth Rates:
0.376988 0.401436 0.392537
Best performance so far: 
Obj: 4.65651e-310Rho: 2.26291e-314Diff: 4.65651e-310
Anneal again with the best G and E so far as input
Cycle 2Round 1
Iter 500000 pBad 0.938881 T 0.0364723 Obj 1.18106 Rho 0 GRdif 97.5189 success 110560 failure 1401 obj_new 1.18106 SA_pAcc 1 Delta 0.916588 SA_r 0.685244 freedomratio 0.259752
Iter 1000000 pBad 0.885914 T 0.0106418 Obj 1.08147 Rho 0 GRdif 45.8951 success 220586 failure 5355 obj_new 1.08147 SA_pAcc 1 Delta 0.838465 SA_r 0.470629 freedomratio 0.263252
Iter 1500000 pBad 0.843744 T 0.00310503 Obj 1.02276 Rho 0 GRdif 13.1899 success 329999 failure 11430 obj_new 1.02276 SA_pAcc 1 Delta -0.55682 SA_r 0.939444 freedomratio 0.261141
Iter 2000000 pBad 0.771605 T 0.000905977 Obj 1.02629 Rho 0 GRdif 15.2072 success 438760 failure 19625 obj_new 1.02629 SA_pAcc 0.749056 Delta -0.0175277 SA_r 0.441016 freedomratio 0.265399
Iter 2500000 pBad 0.673792 T 0.000264343 Obj 1.01557 Rho 0 GRdif 9.05202 success 545416 failure 31274 obj_new 1.01557 SA_pAcc 0.982983 Delta -0.458343 SA_r 0.161581 freedomratio 0.259867
Iter 3000000 pBad 0.574026 T 7.71294e-05 Obj 1.01278 Rho 0 GRdif 7.44166 success 648254 failure 52231 obj_new 1.01278 SA_pAcc 0.964814 Delta -0.302689 SA_r 0.283877 freedomratio 0.259867
Iter 3500000 pBad 0.363259 T 2.25046e-05 Obj 1.012 Rho 0 GRdif 6.98782 success 739117 failure 97315 obj_new 1.012 SA_pAcc 1 Delta -0.0388204 SA_r 0.963576 freedomratio 0.257243
Iter 4000000 pBad 0.249962 T 6.56634e-06 Obj 1.0108 Rho 0 GRdif 6.29225 success 816613 failure 171260 obj_new 1.0108 SA_pAcc 1 Delta 0.165738 SA_r 0.12284 freedomratio 0.244779
Iter 4500000 pBad 0.13287 T 1.91591e-06 Obj 1.00989 Rho 0 GRdif 5.76794 success 877459 failure 284568 obj_new 1.00989 SA_pAcc 1 Delta -0.0984663 SA_r 0.0711597 freedomratio 0.227132
Iter 5000000 pBad 0.0727106 T 5.59018e-07 Obj 1.00916 Rho 0 GRdif 5.34584 success 921836 failure 443888 obj_new 1.00916 SA_pAcc 1 Delta -0.0182844 SA_r 0.107724 freedomratio 0.208393
Iter 5500000 pBad 0.0387411 T 1.63109e-07 Obj 1.0088 Rho 0 GRdif 5.13473 success 950749 failure 650164 obj_new 1.0088 SA_pAcc 1 Delta 0.024927 SA_r 0.537799 freedomratio 0.194814
Iter 6000000 pBad 0.0173841 T 4.75915e-08 Obj 1.00867 Rho 0 GRdif 5.05785 success 967523 failure 901614 obj_new 1.00867 SA_pAcc 1 Delta -0.0166513 SA_r 0.637186 freedomratio 0.1764
Iter 6500000 pBad 0.0111872 T 1.38861e-08 Obj 1.0086 Rho 0 GRdif 5.02257 success 976373 failure 1187383 obj_new 1.00861 SA_pAcc 2.11906e-269 Delta -0.009802 SA_r 0.0831471 freedomratio 0.170299
Iter 7000000 pBad 0.0072947 T 4.05165e-09 Obj 1.00857 Rho 0 GRdif 5.00146 success 982668 failure 1487016 obj_new 1.00857 SA_pAcc 1 Delta 0.00355136 SA_r 0.473027 freedomratio 0.165771
Iter 7500000 pBad 0.003233 T 1.18218e-09 Obj 1.00856 Rho 0 GRdif 4.99294 success 986218 failure 1800254 obj_new 1.00856 SA_pAcc 0 Delta -0.00286359 SA_r 0.856519 freedomratio 0.162552
Iter 8000000 pBad 0.0018139 T 3.44933e-10 Obj 1.00854 Rho 0 GRdif 5.11321 success 989013 failure 2121165 obj_new 1.00876 SA_pAcc 0 Delta 0.00136874 SA_r 0.693938 freedomratio 0.159847
Iter 8500000 pBad 0.00112348 T 1.00644e-10 Obj 1.00853 Rho 0 GRdif 4.97888 success 990682 failure 2448141 obj_new 1.00853 SA_pAcc 1.25438e-180 Delta 0.000839903 SA_r 0.450264 freedomratio 0.158293
Iter 9000000 pBad 0.000591413 T 2.93655e-11 Obj 1.00853 Rho 0 GRdif 4.97538 success 993447 failure 2782037 obj_new 1.00853 SA_pAcc 1 Delta 0.000316728 SA_r 0.360159 freedomratio 0.152843
Iter 9500000 pBad 0.00018277 T 8.5682e-12 Obj 1.00852 Rho 0 GRdif 4.98679 success 995537 failure 3122534 obj_new 1.00855 SA_pAcc 0 Delta 0.000161446 SA_r 0.0168863 freedomratio 0.151735
Good enough
iter 9.99991e+06 obj1.00852 rho 0 GRdif 4.97143
Training:
Lab Growth Rates:
0.4 0.5 0.5 0.43 0.48 0.31 0.33 0.56 0.465 0.37 0.4 0.36 0.5 0.65 0.45 0.54 0.41 0.48 0.1 0.4 0.53 0.22 0.59 0.23 0.25 0.901 0.46 0.47 0.58 0.53 0.648 0.901 0.59 0.33 0.47 0.43 0.09 0.1 0.724 1.345 0.46 0.4 0.54 0.45 1.345 0.4 0.4 0.39 0.5 0.42 0.485 0.4 0.7 0.37 0.51 0.4 1.03 1.345 0.25 0.58 1.345 0.46 0.4 0.42 0.52 0.45 0.46 0.4 0.45 0.54 0.52 0.58 0.5 0.637 0.48 0.4 0.1 0.4 0.58 0.45 0.55 0.3 0.49 0.41 0.42 1.483 1.43 0.901 0.6 0.23 0.301 0.54 0.65 0.648 0.25 0.47 1.42 0.45 0.4 0.485 0.68 0.43 0.65 0.4 0.65 0.54 0.55 0.3 0.4 1.4 0.3 0.42 0.4 0.36 0.59 0.39 0.58 0.11 0.55 0.56 0.48 0.43 0.3 0.4 0.46 0.5 0.4 0.38 1.345 0.5 1.483 0.52 0.37 0.301 0.4 0.5 0.686 0.4 0.4 0.37 0.58 0.58 0.55 0.54 0.476 0.49 0.4 0.5 0.26 0.27 0.377 0.56 0.5 0.33 0.43 0.42 1.345 0.54 0.636 0.485 0.22 0.42 0.4 0.26 0.42 1.05 0.4 0.2 0.36 0.53 0.485 0.3 0.56 0.27 0.5 0.52 0.17 1.35 0.22 0.53 0.3 0.5 0.39 0.68 0.36 0.58 0.54 0.5 0.637 0.51 0.901 0.45 0.27 0.5 0.4 0.25 0.1 0.47 0.54 0.46 0.686 0.27 0.58 0.09 0.37 0.4 0.56 0.46 1.46 0.4 0.14 0.5 0.54 0.47 0.2 0.4 0.39 0.23 0.37 1.483 0.59 0.58 0.3 0.42 0.17 0.41 0.25 0.4 0.4 0.55 0.37 0.54 1.483 0.4 0.39 0.3 0.37 0.42 0.54 0.56 0.4 0.34 0.65 0.41 0.4 0.45 0.47 0.33 0.56 0.47 0.5 0.617 1.483 0.635 0.37 0.59 0.54 0.22 0.53 0.47 0.5 1.46 0.23 0.45 0.46 0.68 0.4 0.54 0.3 0.6 0.42 0.59 0.22 0.52 0.38 0.636 0.58 0.42 0.58 0.31 1.05 0.6 0.22 0.6 0.4 0.45 0.762 0.47 0.46 0.33 0.56 0.4 0.762 0.481 0.53 0.09 0.46 0.47 0.47 0.53 0.53 0.52 0.54 0.47 0.45 0.5 0.4 0.56 0.58 0.45 0.48 0.3 0.37 0.46 0.3 0.53 0.5 0.4 0.53 0.4 0.476 0.55 0.59 0.41 0.47 1.483 0.45 0.55 0.5 0.56 0.45 0.636 0.41 0.25 0.3 0.56 0.377 0.46 0.58 0.58 0.37 0.51 0.5 0.301 1.49 0.5 0.59 0.56 0.58 0.4 0.58 0.4 1.248 0.55 0.56 0.5 0.762 0.25 0.47 0.476 0.5 0.19 0.1 0.36 1.05 0.46 0.56 0.686 0.56 0.54 0.4 0.42 0.901 0.45 0.42 0.43 0.55 0.648 0.22 0.54 0.52 0.53 0.65 0.635 0.45 1.38 1.67 0.54 0.17 0.37 1.46 0.27 0.33 0.34 0.42 0.38 0.48 0.58 0.25 0.465 1.05 0.37 0.3 0.47 0.54 1.248 0.5 0.47 0.56 0.11 1.248 0.481 0.901 0.23 1.345 0.14 0.4 0.58 0.42 0.65 0.53 1.345 0.3 0.71 0.49 0.32 0.23 0.1 0.7 0.762 0.52 0.4 0.5 0.43 0.68 0.53 0.58 1.345 1.44 0.1 0.1 0.19 0.37 0.32 0.36 0.5 0.48 1.66 0.48 0.31 0.4 0.46 0.71 0.26 0.22 0.32 0.45 0.23 0.52 0.38 0.4 0.46 0.4 0.43 0.635 0.48 0.33 0.4 0.65 0.54 0.4 0.4 1.248 0.52 0.54 0.34 0.5 0.47 0.55 0.47 1.483 0.56 0.33 0.5 0.5 0.724 0.53 0.52 1.43 0.36 0.45 0.56 0.46 0.37 1.46 0.4 1.05 0.59 0.43 0.54 0.47 0.52 0.59 1.66 0.637 0.11 0.54 1.483 0.59 0.481 0.42 0.724 0.43 0.47 0.54 0.4 0.4 0.46 0.5 0.4 0.4 0.45 0.36 0.58 0.27 0.47 0.59 0.54 0.41 0.2 0.43 0.59 0.7 0.54 0.37 0.47 1.345 0.41 0.54 1.483 0.59 0.42 0.23 0.4 0.4 1.483 0.47 0.42 0.5 0.5 0.59 0.4 0.55 0.19 0.71 0.65 0.47 1.67 1.248 1.483 1.345 0.23 0.54 0.377 0.4 0.7 0.53 0.59 0.46 0.5 0.68 0.39 0.1 1.345 0.4 0.38 0.465 0.4 1.483 0.41 0.36 0.43 0.4 0.4 0.33 0.55
Dot Production Prediction of Lab Growth Rates:
0.401039 0.392796 0.539751 0.390452 0.350744 0.47468 0.429443 0.532304 0.348728 0.442709 0.399486 0.384401 0.487144 0.649933 0.398005 0.40912 0.375402 0.382826 0.445063 0.400835 0.523773 0.458944 0.354882 0.524384 0.344976 0.8975 0.479951 0.398219 0.380519 0.465782 0.719058 0.903554 0.367074 0.364966 0.406555 0.38221 0.460712 0.620137 0.723792 0.835852 0.408996 0.404036 0.400201 0.37718 0.792814 0.402273 0.40295 0.354559 0.524706 0.367461 0.350236 0.396538 0.699992 0.513465 0.431508 0.401815 1.03001 0.828897 0.375866 0.354297 0.83217 0.345582 0.400271 0.406501 0.389988 0.406048 0.457446 0.40002 1.42589 0.386941 0.38061 0.378246 0.371159 0.715588 0.357556 0.359433 0.365657 0.400892 0.475418 1.4945 0.547908 0.309435 0.4007 0.349417 0.371054 0.827729 1.42244 0.907288 0.310453 0.450994 0.358125 0.396574 0.643045 0.72082 0.376974 0.476774 1.48089 1.50517 0.396473 0.339545 0.618105 0.403578 0.653331 0.403829 0.628891 0.459805 0.440469 0.299914 0.402297 1.39713 0.301163 0.524583 0.40278 0.424706 0.351775 0.38069 0.469552 0.41794 0.563127 0.543262 0.367783 0.407096 0.260437 0.404546 0.395561 0.496178 0.401594 0.365267 0.834719 0.397553 0.794543 0.387011 0.394915 0.35052 0.39815 0.360079 0.723587 0.397307 0.396659 0.387134 0.393061 0.474272 0.562913 0.458703 0.354129 0.422102 0.397084 0.357442 0.489794 0.347745 0.353005 0.517616 0.35708 0.360379 0.399888 0.514362 0.793599 0.356893 0.720644 0.340353 0.468818 0.355144 0.400313 0.370254 0.522787 1.50078 0.397941 0.400587 0.427179 0.487359 0.347257 0.28997 0.480758 0.364866 0.528318 0.401305 0.345708 1.35002 0.427947 0.341853 0.361829 0.480481 0.35569 0.61869 0.369351 0.483847 0.450399 0.42359 0.714432 0.441092 0.900999 0.381047 0.38327 0.356461 0.397816 0.495317 0.403811 0.394363 0.538348 0.459867 0.725682 0.563842 0.476215 0.377365 0.462099 0.401992 0.546109 0.343751 1.43821 0.401369 0.142511 0.552164 0.428877 0.380676 0.375068 0.40167 0.357682 0.453765 0.435655 0.813867 0.548092 0.374213 0.302851 0.371055 0.443886 0.349014 0.524811 0.400593 0.396437 0.445852 0.439794 0.385895 0.760659 0.403323 0.344959 0.312412 0.436179 0.346492 0.468704 0.471117 0.401852 0.339871 0.633039 0.382225 0.399018 0.369492 0.409264 0.377811 0.475338 0.384205 0.526702 0.616993 0.797707 0.719468 0.461689 0.558679 0.39595 0.465812 0.403991 0.383657 0.499713 0.984595 0.521486 0.376848 0.400679 0.609391 0.403814 0.358939 0.300008 0.309085 0.354935 0.554306 0.470498 0.403775 0.35787 0.690603 0.479623 0.393598 0.399165 0.478791 1.05014 0.308984 0.411396 0.309635 0.395985 0.402532 0.927706 0.361553 0.414926 0.471733 0.553798 0.395369 0.930929 0.343905 0.37492 0.391486 0.482659 0.395538 0.392887 0.44379 0.36533 0.429089 0.537687 0.432194 0.359916 0.384043 0.399477 0.550057 0.391454 0.39688 0.351213 0.320422 0.436135 0.460873 0.41058 0.530481 0.485688 0.39585 0.387358 0.401711 0.352127 0.451558 0.554065 0.349112 0.398069 0.789644 1.45353 0.563015 0.525551 0.54589 0.378737 0.722546 0.404374 1.4701 0.390476 0.543551 0.349531 0.457255 0.476068 0.466084 0.447075 0.417436 0.485848 0.351974 1.4945 0.52541 0.341251 0.541443 0.479782 0.401163 0.424434 0.398415 0.968028 0.455351 0.481393 0.38329 0.904262 0.609559 0.464773 0.355675 0.538142 0.38613 0.337776 0.400826 1.03956 0.403569 0.482991 0.724749 0.527693 0.540482 0.402868 0.383464 0.901505 1.44779 0.364159 0.391097 0.549761 0.71889 0.463176 0.406838 0.396751 0.528087 0.648865 0.718909 0.423773 0.987818 1.39334 0.396062 0.357984 0.439364 0.891294 0.38519 0.444027 0.359666 0.34192 0.343164 0.381667 0.472965 0.379244 0.354163 1.05724 0.465763 0.298389 0.386148 0.455598 0.959569 0.499931 0.42199 0.473912 0.37747 0.975528 0.343367 0.897123 0.517105 0.817732 0.139484 0.403629 0.47856 0.393197 0.656016 0.523973 0.816494 0.314021 0.714038 0.400485 0.368119 0.452439 0.438332 0.709063 0.917738 0.405825 0.401844 0.510169 0.417303 0.613494 0.548437 0.363255 0.846129 1.47573 0.412481 1.36385 0.388025 0.35031 0.365151 0.389613 0.387413 0.363487 1.66 0.351725 0.48272 0.400924 0.45042 0.716456 0.420174 0.373819 0.338978 0.412447 0.537745 0.37698 0.369682 0.354086 0.462353 0.402085 0.387736 0.718784 0.353549 0.399247 0.398362 0.651988 0.538578 0.400153 0.402801 0.963122 0.369745 0.54802 0.348602 0.495836 0.45094 0.448276 0.397977 0.775841 0.543425 0.35793 0.371762 0.472226 0.723996 0.534457 0.436868 1.44686 0.361257 1.44119 0.533196 0.455146 0.422292 0.985935 0.39822 0.966433 0.350095 0.398997 0.395219 0.385798 0.415776 0.554401 1.66 0.718726 0.410269 0.349774 0.775494 0.549823 0.342745 0.364069 0.72054 0.40685 0.395943 0.545356 0.396551 0.396627 0.364979 0.473302 0.399582 0.401632 1.45987 0.367819 0.474063 0.398818 0.399885 0.356502 0.468001 0.408327 0.412106 0.423475 0.3659 0.699313 0.381843 0.434075 0.3989 0.786612 0.344671 0.554578 0.802919 0.542135 0.383441 0.522134 0.401958 0.401753 0.816918 0.457316 0.36355 0.477901 0.523799 0.349428 0.393063 0.546974 0.397216 0.725403 0.649655 0.391276 1.4818 0.963504 0.807726 0.819359 0.542354 0.379319 0.348196 0.399998 0.700814 0.420074 0.361226 0.460172 0.479395 0.617459 0.36481 0.330362 0.838835 0.400413 0.351799 0.349294 0.401033 0.783179 0.414057 0.37547 0.421335 0.400179 0.400092 0.398973 0.464085
Testing:
Lab Growth Rates:
0.46 0.46 0.46
Dot Production Prediction of Lab Growth Rates:
0.372352 0.413168 0.411802
Best performance so far: 
Obj: 4.65651e-310Rho: 6.5069e-314Diff: 4.65651e-310
Test:
 Lab Growth Rates:
0.46 0.46 0.46Dot Product Prediction of Growth Rate:
0.372352 0.4131676 0.4118021