seed =  5 traits =  1 
Training: part  204 
Training: part  204 
Round  1 
 Goal of obj  0.99 
Temperature range:  0.125 1.6e-13 
Cycle 1Round 1
Iter 500000 pBad 0.94239 T 0.0317886 Obj 1.09914 Rho 0 GRdif 55.3923 success 147577 failure 1601 obj_new 1.09914 SA_pAcc 1 Delta -0.652121 SA_r 0.801173 freedomratio 0.375882
Iter 1000000 pBad 0.895835 T 0.00808411 Obj 1.04959 Rho 0 GRdif 28.3637 success 294655 failure 5677 obj_new 1.04959 SA_pAcc 0.955348 Delta 0.00972782 SA_r 0.578573 freedomratio 0.3754
Iter 1500000 pBad 0.813713 T 0.00205586 Obj 1.03652 Rho 0 GRdif 21.0179 success 440163 failure 13264 obj_new 1.03652 SA_pAcc 1 Delta -0.255416 SA_r 0.459691 freedomratio 0.364201
Iter 2000000 pBad 0.789678 T 0.000522821 Obj 1.01474 Rho 0 GRdif 8.57601 success 583951 failure 24284 obj_new 1.01474 SA_pAcc 1 Delta -0.45658 SA_r 0.714387 freedomratio 0.371356
Iter 2500000 pBad 0.649084 T 0.000132958 Obj 1.01371 Rho 0 GRdif 7.98208 success 722423 failure 46559 obj_new 1.01371 SA_pAcc 1 Delta 0.375295 SA_r 0.845558 freedomratio 0.365337
Iter 3000000 pBad 0.466153 T 3.38123e-05 Obj 1.01218 Rho 0 GRdif 7.09208 success 851322 failure 88970 obj_new 1.01218 SA_pAcc 1.16545 Delta -0.392547 SA_r 0.505511 freedomratio 0.367859
Iter 3500000 pBad 0.285896 T 8.59874e-06 Obj 1.01119 Rho 0 GRdif 6.52143 success 964788 failure 162740 obj_new 1.01119 SA_pAcc 0.656289 Delta -0.267041 SA_r 0.290105 freedomratio 0.348188
Iter 4000000 pBad 0.131143 T 2.18673e-06 Obj 1.01028 Rho 0 GRdif 5.99064 success 1056528 failure 282044 obj_new 1.01028 SA_pAcc 1 Delta 0.0889138 SA_r 0.61137 freedomratio 0.306967
Iter 4500000 pBad 0.046529 T 5.56104e-07 Obj 1.00979 Rho 0 GRdif 5.70841 success 1108933 failure 489240 obj_new 1.00979 SA_pAcc 1 Delta -0.00623918 SA_r 0.40343 freedomratio 0.266001
Iter 5000000 pBad 0.0383069 T 1.41422e-07 Obj 1.00955 Rho 0 GRdif 5.56884 success 1139717 failure 755663 obj_new 1.00955 SA_pAcc 1 Delta 0.00173754 SA_r 0.44657 freedomratio 0.240954
Iter 5500000 pBad 0.0113419 T 3.59647e-08 Obj 1.00943 Rho 0 GRdif 5.50039 success 1156906 failure 1064723 obj_new 1.00943 SA_pAcc 1 Delta -0.0105851 SA_r 0.248988 freedomratio 0.223494
Iter 6000000 pBad 0.00924651 T 9.14613e-09 Obj 1.00938 Rho 0 GRdif 5.46876 success 1166214 failure 1401177 obj_new 1.00938 SA_pAcc 2.38298e-35 Delta 0.00810747 SA_r 0.353565 freedomratio 0.214416
Iter 6500000 pBad 0.00288085 T 2.32594e-09 Obj 1.00935 Rho 0 GRdif 5.47774 success 1171848 failure 1752450 obj_new 1.00939 SA_pAcc 0 Delta -0.00253487 SA_r 0.986632 freedomratio 0.206048
Iter 7000000 pBad 0.0027955 T 5.91505e-10 Obj 1.00933 Rho 0 GRdif 5.44242 success 1175184 failure 2114576 obj_new 1.00933 SA_pAcc 0.00180994 Delta 0.000137434 SA_r 0.119819 freedomratio 0.204252
Iter 7500000 pBad 0.00243885 T 1.50425e-10 Obj 1.00932 Rho 0 GRdif 5.54073 success 1177542 failure 2481360 obj_new 1.0095 SA_pAcc 0 Delta 0.00104444 SA_r 0.835291 freedomratio 0.20193
Iter 8000000 pBad 0.00058146 T 3.82542e-11 Obj 1.00932 Rho 0 GRdif 5.43414 success 1178891 failure 2852984 obj_new 1.00932 SA_pAcc 1 Delta 0.000315304 SA_r 0.307596 freedomratio 0.199523
Iter 8500000 pBad 0.00168854 T 9.72836e-12 Obj 1.00931 Rho 0 GRdif 5.46153 success 1180564 failure 3228157 obj_new 1.00936 SA_pAcc 0 Delta 0.00167931 SA_r 0.926647 freedomratio 0.196381
Iter 9000000 pBad 0.0001959 T 2.474e-12 Obj 1.00931 Rho 0 GRdif 5.43102 success 1183903 failure 3599345 obj_new 1.00931 SA_pAcc 4.28735e-140 Delta 3.52477e-05 SA_r 0.143431 freedomratio 0.193655
Iter 9500000 pBad 1.00042e-79 T 6.29159e-13 Obj 1.00931 Rho 0 GRdif 5.54211 success 1184480 failure 3908579 obj_new 1.0095 SA_pAcc 0 Delta 0 SA_r 0.0796632 freedomratio 0.18148
Iter 10000000 pBad 3.63507e-209 T 1.6e-13 Obj 1.00931 Rho 0 GRdif 5.43358 success 1184480 failure 4198793 obj_new 1.00932 SA_pAcc 0 Delta -9.8895e-210 SA_r 0.722234 freedomratio 0.171999
Cannot move further
iter 9.15621e+06 obj1.00931 rho 0 GRdif 5.43086
Training:
Lab Growth Rates:
0.4 0.5 0.5 0.41 0.53 0.26 0.33 0.56 0.465 0.37 0.4 0.43 0.5 0.65 0.45 0.48 0.46 0.47 0.1 0.4 0.53 0.22 0.59 0.23 0.25 0.901 0.46 0.39 0.58 0.39 0.648 0.901 0.59 0.33 0.47 0.43 0.09 0.1 0.724 1.345 0.46 0.4 0.54 0.45 1.345 0.4 0.4 0.58 0.5 0.42 0.485 0.4 0.7 0.37 0.51 0.4 1.03 1.345 0.25 0.58 1.345 0.46 0.4 0.42 0.52 0.45 0.43 0.4 0.45 0.54 0.52 0.58 0.5 0.637 0.53 0.4 0.1 0.4 0.58 0.45 0.55 0.3 0.49 0.41 0.42 1.483 1.43 0.901 0.6 0.23 0.301 0.54 0.65 0.648 0.25 0.47 1.42 0.45 0.4 0.485 0.68 0.41 0.65 0.4 0.65 0.54 0.55 0.3 0.4 1.4 0.3 0.54 0.4 0.36 0.59 0.42 0.58 0.11 0.55 0.56 0.48 0.22 0.3 0.4 0.46 0.5 0.4 0.38 1.345 0.5 1.483 0.52 0.37 0.301 0.4 0.5 0.686 0.4 0.4 0.37 0.58 0.58 0.55 0.54 0.476 0.49 0.4 0.5 0.46 0.27 0.377 0.56 0.5 0.33 0.43 0.54 1.345 0.54 0.636 0.485 0.22 0.48 0.4 0.46 0.54 1.05 0.4 0.42 0.36 0.39 0.485 0.3 0.56 0.27 0.5 0.52 0.31 1.35 0.17 0.39 0.3 0.5 0.58 0.68 0.43 0.58 0.54 0.5 0.637 0.51 0.901 0.45 0.27 0.5 0.4 0.25 0.1 0.47 0.54 0.46 0.686 0.27 0.58 0.09 0.37 0.4 0.56 0.46 1.46 0.4 0.14 0.5 0.54 0.47 0.42 0.4 0.42 0.23 0.37 1.483 0.59 0.58 0.3 0.42 0.31 0.41 0.25 0.4 0.4 0.55 0.37 0.54 1.483 0.4 0.58 0.3 0.37 0.48 0.54 0.56 0.4 0.34 0.65 0.41 0.4 0.45 0.47 0.33 0.56 0.47 0.5 0.617 1.483 0.635 0.37 0.59 0.54 0.22 0.53 0.47 0.5 1.46 0.23 0.45 0.43 0.68 0.4 0.54 0.3 0.6 0.42 0.59 0.22 0.52 0.38 0.636 0.58 0.42 0.36 0.26 1.05 0.6 0.17 0.6 0.4 0.45 0.762 0.47 0.46 0.33 0.56 0.4 0.762 0.481 0.53 0.09 0.46 0.47 0.47 0.53 0.53 0.52 0.54 0.47 0.45 0.5 0.4 0.56 0.58 0.45 0.47 0.3 0.37 0.46 0.3 0.53 0.5 0.4 0.53 0.4 0.476 0.55 0.59 0.41 0.39 1.483 0.45 0.55 0.5 0.56 0.45 0.636 0.46 0.25 0.3 0.56 0.377 0.46 0.58 0.58 0.37 0.51 0.5 0.301 1.49 0.5 0.59 0.56 0.58 0.4 0.36 0.4 1.248 0.55 0.56 0.5 0.762 0.25 0.47 0.476 0.5 0.19 0.1 0.43 1.05 0.43 0.56 0.686 0.56 0.54 0.4 0.42 0.901 0.45 0.42 0.43 0.55 0.648 0.22 0.48 0.52 0.53 0.65 0.635 0.45 1.38 1.67 0.54 0.31 0.37 1.46 0.27 0.33 0.34 0.48 0.38 0.47 0.58 0.25 0.465 1.05 0.37 0.3 0.47 0.54 1.248 0.5 0.47 0.56 0.11 1.248 0.481 0.901 0.23 1.345 0.14 0.4 0.58 0.42 0.65 0.53 1.345 0.3 0.71 0.49 0.32 0.23 0.1 0.7 0.762 0.52 0.4 0.5 0.43 0.68 0.53 0.36 1.345 1.44 0.1 0.1 0.19 0.37 0.32 0.36 0.5 0.48 1.66 0.48 0.26 0.4 0.46 0.71 0.46 0.17 0.32 0.45 0.23 0.52 0.38 0.4 0.46 0.4 0.22 0.635 0.53 0.33 0.4 0.65 0.54 0.4 0.4 1.248 0.52 0.54 0.34 0.5 0.47 0.55 0.47 1.483 0.56 0.33 0.5 0.5 0.724 0.53 0.52 1.43 0.36 0.45 0.56 0.46 0.37 1.46 0.4 1.05 0.59 0.41 0.54 0.47 0.52 0.59 1.66 0.637 0.11 0.48 1.483 0.59 0.481 0.42 0.724 0.43 0.47 0.54 0.4 0.4 0.46 0.5 0.4 0.4 0.45 0.36 0.58 0.27 0.39 0.59 0.54 0.41 0.42 0.22 0.59 0.7 0.54 0.37 0.47 1.345 0.41 0.54 1.483 0.59 0.42 0.23 0.4 0.4 1.483 0.47 0.42 0.5 0.5 0.59 0.4 0.55 0.19 0.71 0.65 0.47 1.67 1.248 1.483 1.345 0.23 0.54 0.377 0.4 0.7 0.53 0.59 0.46 0.5 0.68 0.42 0.1 1.345 0.4 0.38 0.465 0.4 1.483 0.46 0.36 0.43 0.4 0.4 0.33 0.55
Dot Production Prediction of Lab Growth Rates:
0.399802 0.428797 0.555317 0.439034 0.493677 0.375697 0.481346 0.528856 0.698847 0.379338 0.400849 0.42658 0.421439 0.649529 0.438523 0.350996 0.399946 0.412104 0.45065 0.40095 0.539449 0.413797 0.386647 0.536883 0.360916 1.29417 0.493351 0.3557 0.407376 0.393104 0.690405 0.901098 0.381196 0.362448 0.441931 0.410523 0.487995 0.688679 0.69281 0.904947 0.438244 0.400924 0.391933 0.38839 0.855752 0.402615 0.399916 0.369389 0.52445 0.374339 0.710766 0.387722 0.702515 0.536402 0.445836 0.403629 1.03 0.838592 0.382369 0.356624 0.837383 0.33824 0.402634 0.428797 0.408929 0.425675 0.427082 0.400924 1.44707 0.409335 0.407122 0.412875 0.377548 0.68579 0.326249 0.363251 1.29599 0.402666 0.399856 1.49799 0.543932 0.312478 0.430135 0.728061 0.37074 0.841576 1.42999 0.900897 0.312238 0.396551 0.754195 0.391823 0.635437 0.685076 0.379339 0.485268 1.48939 1.48984 0.396304 0.717805 0.683149 0.44435 0.649663 0.402203 0.638748 0.40566 0.406069 0.296634 0.403254 1.39832 0.301361 0.430246 0.404853 0.445945 0.398511 0.352035 0.388188 0.428976 0.557259 0.543847 0.385708 0.416444 0.245371 0.404919 0.414459 0.49501 0.404741 0.404258 0.848287 0.427734 0.837672 0.391873 0.42503 0.752928 0.399754 0.355147 0.688581 0.396884 0.399472 0.423318 0.417092 0.403498 0.553803 0.398278 0.707198 0.447083 0.391383 0.363623 0.411575 0.344879 0.730112 0.536387 0.365788 0.365947 0.409798 0.365298 0.876499 0.364547 0.691264 0.712931 0.420667 0.413496 0.403347 0.425547 0.444199 1.35722 0.40003 0.541311 0.464974 0.415147 0.698353 0.282747 0.412817 0.369175 0.530379 0.443441 0.5279 1.35 0.376293 0.389117 0.353786 0.401297 0.425013 0.681211 0.394635 0.411655 0.393924 0.448492 0.685869 0.454399 0.899536 0.383237 0.397445 0.372103 0.399163 0.501468 0.388818 0.419988 0.537939 0.398858 0.691098 0.572866 0.396217 0.386137 0.396208 0.401311 0.544154 0.350773 1.33653 0.403357 0.140021 0.53786 0.457298 0.385141 0.525275 0.400878 0.369959 0.397191 0.469749 0.814571 0.545804 0.402494 0.308294 0.380863 0.504025 0.729969 0.541703 0.399471 0.395012 0.415819 0.380494 0.418883 0.849396 0.402791 0.44408 0.304897 0.372959 0.359447 0.407633 0.398795 0.401006 0.371823 0.629945 0.395587 0.395003 0.358996 0.396993 0.397909 0.400309 0.394404 0.535966 0.61784 0.811305 0.685215 0.394351 0.558386 0.400527 0.419289 0.437626 0.400727 0.500018 0.974174 0.53735 0.360235 0.414699 0.672013 0.404174 0.353179 0.299997 0.313015 0.341309 0.541 0.42106 0.409684 0.352891 0.670152 0.413256 0.37928 0.400329 0.444084 1.05101 0.305924 0.476732 0.302918 0.391921 0.424999 1.47947 0.389678 0.431483 0.510077 0.552543 0.394634 1.47304 0.70525 0.410098 0.403584 0.511712 0.440227 0.410691 0.478203 0.378729 0.43115 0.550055 0.462721 0.33602 0.399348 0.400097 0.544667 0.399536 0.402608 0.419412 0.324599 0.373178 0.407669 0.417725 0.532865 0.487148 0.395974 0.41133 0.402556 0.70247 0.418188 0.542588 0.361506 0.335343 0.800185 1.45747 0.550683 0.535507 0.536686 0.386674 0.693045 0.433495 1.49271 0.391641 0.528661 0.726487 0.396575 0.399198 0.386636 0.383429 0.42772 0.416699 0.750141 1.49799 0.507544 0.364378 0.532792 0.41079 0.401282 0.41278 0.398673 1.25593 0.42798 0.416987 0.382495 1.46716 0.681563 0.489648 0.710738 0.542339 0.37537 1.19321 0.453846 1.03636 0.418563 0.415168 0.689461 0.539922 0.532338 0.401692 0.381486 0.894811 1.44969 0.368445 0.389373 0.54982 0.676105 0.411362 0.344551 0.452608 0.522509 0.649001 0.686991 0.441917 0.988533 1.39946 0.413801 0.521179 0.464541 0.928164 0.408588 0.511902 0.381195 0.383873 0.341725 0.411855 0.403351 0.382622 0.707797 1.05 0.39755 0.300836 0.392198 0.394202 1.24714 0.500188 0.417728 0.402273 0.377515 1.27367 0.70804 0.900997 0.529862 0.839786 0.135256 0.401748 0.407782 0.37784 0.661817 0.517128 0.816298 0.311546 0.691907 0.436094 0.376462 0.397169 0.43984 0.700701 1.46253 0.430543 0.402452 0.506094 0.426044 0.67798 0.543802 0.369552 0.878325 1.45709 1.38167 1.32661 0.380984 0.33536 0.387793 0.406111 0.40773 0.374896 1.65999 0.357683 0.523101 0.402628 0.498918 0.692175 0.489729 0.354053 0.346533 0.448109 0.543559 0.400354 0.38966 0.358063 0.390676 0.398036 0.479877 0.684011 0.467678 0.408742 0.400079 0.650322 0.534371 0.401601 0.40338 1.24784 0.388082 0.555921 0.354083 0.499666 0.449641 0.422387 0.40896 0.855481 0.534988 0.362958 0.366248 0.400225 0.693713 0.530271 0.446296 1.43002 0.370735 1.46557 0.536949 0.389026 0.43867 0.974575 0.398383 0.960149 0.364251 0.381465 0.413875 0.398238 0.416745 0.552349 1.66 0.68787 0.423801 0.34448 0.845745 0.545878 0.702904 0.370394 0.688771 0.415705 0.400601 0.529958 0.392861 0.396836 0.378981 0.469482 0.4004 0.400363 1.46063 0.376564 0.396308 0.406613 0.359684 0.367055 0.410179 0.424795 0.538518 0.436303 0.39102 0.699364 0.390901 0.370016 0.392447 0.868977 0.733822 0.550765 0.879978 0.54953 0.372276 0.533758 0.402846 0.402551 0.853221 0.439834 0.36886 0.406525 0.540995 0.348421 0.390807 0.545496 0.396489 0.702671 0.659796 0.409696 1.47849 1.25804 0.876098 0.890064 0.537632 0.383255 0.731595 0.399431 0.695194 0.466438 0.412746 0.388552 0.419443 0.679998 0.349026 1.15387 0.8604 0.399109 0.357459 0.710362 0.400997 0.856567 0.432231 0.393388 0.427954 0.401432 0.400848 0.414257 0.422452
Testing:
Lab Growth Rates:
0.2 0.2 0.2
Dot Production Prediction of Lab Growth Rates:
0.419906 0.378467 0.412742
Best performance so far: 
Obj: 4.65135e-310Rho: 2.26291e-314Diff: 4.65135e-310
Anneal again with the best G and E so far as input
Cycle 2Round 1
Iter 500000 pBad 0.937983 T 0.0317886 Obj 1.1858 Rho 0 GRdif 99.865 success 113157 failure 1369 obj_new 1.1858 SA_pAcc 1 Delta -0.276079 SA_r 0.283587 freedomratio 0.266243
Iter 1000000 pBad 0.872849 T 0.00808411 Obj 1.08238 Rho 0 GRdif 46.3899 success 225370 failure 6264 obj_new 1.08238 SA_pAcc 1.0154 Delta 0.139569 SA_r 0.983913 freedomratio 0.269425
Iter 1500000 pBad 0.826159 T 0.00205586 Obj 1.03998 Rho 0 GRdif 22.9735 success 336984 failure 13017 obj_new 1.03998 SA_pAcc 1 Delta 0.751333 SA_r 0.732815 freedomratio 0.268315
Iter 2000000 pBad 0.757258 T 0.000522821 Obj 1.01876 Rho 0 GRdif 10.8903 success 447563 failure 22712 obj_new 1.01876 SA_pAcc 1 Delta -0.107758 SA_r 0.184532 freedomratio 0.265519
Iter 2500000 pBad 0.633629 T 0.000132958 Obj 1.01314 Rho 0 GRdif 7.65081 success 555136 failure 38488 obj_new 1.01314 SA_pAcc 1 Delta 0.133497 SA_r 0.532902 freedomratio 0.266243
Iter 3000000 pBad 0.455783 T 3.38123e-05 Obj 1.01093 Rho 0 GRdif 6.36876 success 653000 failure 74446 obj_new 1.01093 SA_pAcc 1.34851 Delta 0.226828 SA_r 0.358951 freedomratio 0.261841
Iter 3500000 pBad 0.284405 T 8.59874e-06 Obj 1.01033 Rho 0 GRdif 6.01975 success 735692 failure 141826 obj_new 1.01033 SA_pAcc 1 Delta -0.209452 SA_r 0.993999 freedomratio 0.254893
Iter 4000000 pBad 0.179288 T 2.18673e-06 Obj 1.00962 Rho 0 GRdif 5.61323 success 805314 failure 239313 obj_new 1.00962 SA_pAcc 1 Delta -0.133365 SA_r 0.166995 freedomratio 0.244574
Iter 4500000 pBad 0.0861231 T 5.56104e-07 Obj 1.0093 Rho 0 GRdif 5.42529 success 852890 failure 392602 obj_new 1.0093 SA_pAcc 1.13353 Delta 0.0281432 SA_r 0.747872 freedomratio 0.218657
Iter 5000000 pBad 0.0300935 T 1.41422e-07 Obj 1.00908 Rho 0 GRdif 5.29512 success 881053 failure 603888 obj_new 1.00908 SA_pAcc 1 Delta 0.00709702 SA_r 0.655911 freedomratio 0.197373
Iter 5500000 pBad 0.0260125 T 3.59647e-08 Obj 1.00896 Rho 0 GRdif 5.22683 success 897524 failure 862320 obj_new 1.00896 SA_pAcc 1.16735e-12 Delta 0.00774717 SA_r 0.255391 freedomratio 0.180031
Iter 6000000 pBad 0.0127194 T 9.14613e-09 Obj 1.00891 Rho 0 GRdif 5.19877 success 906880 failure 1153992 obj_new 1.00891 SA_pAcc 1 Delta -0.00715452 SA_r 0.502513 freedomratio 0.171797
Iter 6500000 pBad 0.00845643 T 2.32594e-09 Obj 1.00888 Rho 0 GRdif 5.19393 success 912024 failure 1463248 obj_new 1.0089 SA_pAcc 0 Delta -0.00525324 SA_r 0.394923 freedomratio 0.166856
Iter 7000000 pBad 0.00237915 T 5.91505e-10 Obj 1.00887 Rho 0 GRdif 5.17301 success 914890 failure 1782936 obj_new 1.00887 SA_pAcc 1 Delta -0.0006894 SA_r 0.349009 freedomratio 0.164977
Iter 7500000 pBad 0.00178431 T 1.50425e-10 Obj 1.00886 Rho 0 GRdif 5.16782 success 916460 failure 2108540 obj_new 1.00886 SA_pAcc 1.16751e-64 Delta 0.000877236 SA_r 0.256407 freedomratio 0.163504
Iter 8000000 pBad 0.00109059 T 3.82542e-11 Obj 1.00885 Rho 0 GRdif 5.16341 success 917491 failure 2438364 obj_new 1.00885 SA_pAcc 1 Delta -0.000527643 SA_r 0.292731 freedomratio 0.162642
Iter 8500000 pBad 0.000758886 T 9.72836e-12 Obj 1.00884 Rho 0 GRdif 5.16025 success 919218 failure 2774189 obj_new 1.00884 SA_pAcc 1 Delta 0.000135723 SA_r 0.311071 freedomratio 0.156559
Iter 9000000 pBad 6.9329e-05 T 2.474e-12 Obj 1.00884 Rho 0 GRdif 5.16322 success 923025 failure 3115886 obj_new 1.00885 SA_pAcc 0 Delta 2.92574e-05 SA_r 0.521434 freedomratio 0.150218
Iter 9500000 pBad 4.42569e-14 T 6.29159e-13 Obj 1.00884 Rho 0 GRdif 5.19035 success 927106 failure 3471859 obj_new 1.0089 SA_pAcc 0 Delta -9.56118e-15 SA_r 0.670624 freedomratio 0.13979
Good enough
iter 9.69078e+06 obj1.00884 rho 0 GRdif 5.15714
Training:
Lab Growth Rates:
0.4 0.5 0.5 0.41 0.53 0.26 0.33 0.56 0.465 0.37 0.4 0.43 0.5 0.65 0.45 0.48 0.46 0.47 0.1 0.4 0.53 0.22 0.59 0.23 0.25 0.901 0.46 0.39 0.58 0.39 0.648 0.901 0.59 0.33 0.47 0.43 0.09 0.1 0.724 1.345 0.46 0.4 0.54 0.45 1.345 0.4 0.4 0.58 0.5 0.42 0.485 0.4 0.7 0.37 0.51 0.4 1.03 1.345 0.25 0.58 1.345 0.46 0.4 0.42 0.52 0.45 0.43 0.4 0.45 0.54 0.52 0.58 0.5 0.637 0.53 0.4 0.1 0.4 0.58 0.45 0.55 0.3 0.49 0.41 0.42 1.483 1.43 0.901 0.6 0.23 0.301 0.54 0.65 0.648 0.25 0.47 1.42 0.45 0.4 0.485 0.68 0.41 0.65 0.4 0.65 0.54 0.55 0.3 0.4 1.4 0.3 0.54 0.4 0.36 0.59 0.42 0.58 0.11 0.55 0.56 0.48 0.22 0.3 0.4 0.46 0.5 0.4 0.38 1.345 0.5 1.483 0.52 0.37 0.301 0.4 0.5 0.686 0.4 0.4 0.37 0.58 0.58 0.55 0.54 0.476 0.49 0.4 0.5 0.46 0.27 0.377 0.56 0.5 0.33 0.43 0.54 1.345 0.54 0.636 0.485 0.22 0.48 0.4 0.46 0.54 1.05 0.4 0.42 0.36 0.39 0.485 0.3 0.56 0.27 0.5 0.52 0.31 1.35 0.17 0.39 0.3 0.5 0.58 0.68 0.43 0.58 0.54 0.5 0.637 0.51 0.901 0.45 0.27 0.5 0.4 0.25 0.1 0.47 0.54 0.46 0.686 0.27 0.58 0.09 0.37 0.4 0.56 0.46 1.46 0.4 0.14 0.5 0.54 0.47 0.42 0.4 0.42 0.23 0.37 1.483 0.59 0.58 0.3 0.42 0.31 0.41 0.25 0.4 0.4 0.55 0.37 0.54 1.483 0.4 0.58 0.3 0.37 0.48 0.54 0.56 0.4 0.34 0.65 0.41 0.4 0.45 0.47 0.33 0.56 0.47 0.5 0.617 1.483 0.635 0.37 0.59 0.54 0.22 0.53 0.47 0.5 1.46 0.23 0.45 0.43 0.68 0.4 0.54 0.3 0.6 0.42 0.59 0.22 0.52 0.38 0.636 0.58 0.42 0.36 0.26 1.05 0.6 0.17 0.6 0.4 0.45 0.762 0.47 0.46 0.33 0.56 0.4 0.762 0.481 0.53 0.09 0.46 0.47 0.47 0.53 0.53 0.52 0.54 0.47 0.45 0.5 0.4 0.56 0.58 0.45 0.47 0.3 0.37 0.46 0.3 0.53 0.5 0.4 0.53 0.4 0.476 0.55 0.59 0.41 0.39 1.483 0.45 0.55 0.5 0.56 0.45 0.636 0.46 0.25 0.3 0.56 0.377 0.46 0.58 0.58 0.37 0.51 0.5 0.301 1.49 0.5 0.59 0.56 0.58 0.4 0.36 0.4 1.248 0.55 0.56 0.5 0.762 0.25 0.47 0.476 0.5 0.19 0.1 0.43 1.05 0.43 0.56 0.686 0.56 0.54 0.4 0.42 0.901 0.45 0.42 0.43 0.55 0.648 0.22 0.48 0.52 0.53 0.65 0.635 0.45 1.38 1.67 0.54 0.31 0.37 1.46 0.27 0.33 0.34 0.48 0.38 0.47 0.58 0.25 0.465 1.05 0.37 0.3 0.47 0.54 1.248 0.5 0.47 0.56 0.11 1.248 0.481 0.901 0.23 1.345 0.14 0.4 0.58 0.42 0.65 0.53 1.345 0.3 0.71 0.49 0.32 0.23 0.1 0.7 0.762 0.52 0.4 0.5 0.43 0.68 0.53 0.36 1.345 1.44 0.1 0.1 0.19 0.37 0.32 0.36 0.5 0.48 1.66 0.48 0.26 0.4 0.46 0.71 0.46 0.17 0.32 0.45 0.23 0.52 0.38 0.4 0.46 0.4 0.22 0.635 0.53 0.33 0.4 0.65 0.54 0.4 0.4 1.248 0.52 0.54 0.34 0.5 0.47 0.55 0.47 1.483 0.56 0.33 0.5 0.5 0.724 0.53 0.52 1.43 0.36 0.45 0.56 0.46 0.37 1.46 0.4 1.05 0.59 0.41 0.54 0.47 0.52 0.59 1.66 0.637 0.11 0.48 1.483 0.59 0.481 0.42 0.724 0.43 0.47 0.54 0.4 0.4 0.46 0.5 0.4 0.4 0.45 0.36 0.58 0.27 0.39 0.59 0.54 0.41 0.42 0.22 0.59 0.7 0.54 0.37 0.47 1.345 0.41 0.54 1.483 0.59 0.42 0.23 0.4 0.4 1.483 0.47 0.42 0.5 0.5 0.59 0.4 0.55 0.19 0.71 0.65 0.47 1.67 1.248 1.483 1.345 0.23 0.54 0.377 0.4 0.7 0.53 0.59 0.46 0.5 0.68 0.42 0.1 1.345 0.4 0.38 0.465 0.4 1.483 0.46 0.36 0.43 0.4 0.4 0.33 0.55
Dot Production Prediction of Lab Growth Rates:
0.400091 0.415785 0.536641 0.399652 0.478497 0.391271 0.434189 0.532031 0.48747 0.375448 0.40091 0.429783 0.401699 0.649804 0.41653 0.385248 0.386914 0.406235 0.44105 0.400191 0.531925 0.403323 0.379725 0.529292 0.379376 0.897182 0.466817 0.366484 0.39181 0.389188 0.709515 0.901062 0.389493 0.374623 0.43152 0.399449 0.446061 0.545553 0.708777 0.70381 0.440974 0.400784 0.407541 0.385266 0.676198 0.400715 0.401216 0.371708 0.529367 0.381219 0.489627 0.396184 0.700113 0.491858 0.429919 0.401013 1.03004 0.704575 0.390085 0.379989 0.7056 0.358666 0.402063 0.415927 0.399343 0.404804 0.401101 0.39986 1.41202 0.39153 0.405016 0.399308 0.370828 0.701894 0.359409 0.381234 0.451178 0.400407 0.40435 1.49043 0.544544 0.312477 0.402573 0.486578 0.390026 0.699572 1.42907 0.904815 0.309013 0.389515 0.492716 0.404468 0.630524 0.707572 0.394175 0.447949 1.44698 1.4691 0.398406 0.483021 0.679978 0.404289 0.647542 0.400763 0.640843 0.397246 0.381613 0.30184 0.401723 1.39754 0.300004 0.419011 0.401128 0.430943 0.40201 0.362001 0.40149 0.409933 0.548134 0.539328 0.375301 0.392671 0.26134 0.402307 0.422908 0.503282 0.401801 0.393347 0.706111 0.414157 0.688323 0.385888 0.406743 0.490062 0.399237 0.380374 0.709814 0.397321 0.397186 0.407507 0.40766 0.398182 0.55159 0.393057 0.489753 0.424377 0.394886 0.366246 0.406936 0.366838 0.490549 0.528327 0.366397 0.369293 0.413376 0.387143 0.691491 0.361214 0.709101 0.484651 0.401521 0.400483 0.401283 0.411159 0.424521 1.37224 0.399636 0.518839 0.438812 0.399765 0.487192 0.283862 0.404822 0.386504 0.529681 0.411325 0.491943 1.35 0.376408 0.378027 0.378808 0.404367 0.409555 0.680577 0.412131 0.403619 0.396204 0.414374 0.700734 0.435578 0.902413 0.38825 0.39714 0.377241 0.400036 0.480146 0.394432 0.412366 0.535271 0.401787 0.710793 0.523924 0.404657 0.379727 0.383908 0.400582 0.542205 0.35405 1.35392 0.400662 0.140196 0.544761 0.421751 0.396195 0.511972 0.399497 0.372083 0.388008 0.435721 0.692993 0.543088 0.383246 0.306271 0.386336 0.498754 0.487718 0.512721 0.399955 0.396033 0.393461 0.373845 0.393996 0.68541 0.402522 0.420405 0.30877 0.372208 0.371041 0.394195 0.398838 0.400376 0.36856 0.634732 0.402508 0.397468 0.387846 0.399145 0.405051 0.39831 0.386022 0.533894 0.616954 0.690559 0.704317 0.385141 0.541941 0.409535 0.400302 0.412269 0.388319 0.490032 1.01185 0.524583 0.389462 0.388067 0.673944 0.401165 0.366705 0.304202 0.307162 0.371438 0.54157 0.405866 0.404918 0.374043 0.696936 0.40036 0.400477 0.397804 0.43934 1.05244 0.308424 0.441024 0.304915 0.396891 0.406885 0.91505 0.389061 0.432741 0.470275 0.543036 0.416744 0.915573 0.487165 0.399398 0.388283 0.478059 0.416706 0.404683 0.444161 0.378785 0.40521 0.53876 0.437273 0.375746 0.396688 0.400622 0.54123 0.404367 0.401757 0.402292 0.324441 0.371635 0.406104 0.424836 0.531038 0.484099 0.397511 0.392992 0.400911 0.489303 0.39403 0.548468 0.368378 0.35941 0.684961 1.43573 0.544991 0.531311 0.542282 0.386006 0.711129 0.414857 1.45275 0.402426 0.538011 0.488822 0.401201 0.399148 0.401385 0.378176 0.415531 0.404529 0.491331 1.49043 0.499657 0.387656 0.538261 0.403673 0.400941 0.407069 0.398826 0.928577 0.391056 0.403998 0.383247 0.906192 0.55574 0.439787 0.49144 0.535247 0.384443 0.42594 0.442814 1.04706 0.397569 0.402308 0.710547 0.528791 0.539974 0.401389 0.379312 0.901 1.42574 0.379184 0.398475 0.542088 0.704327 0.404388 0.374038 0.416074 0.538166 0.654422 0.707391 0.423411 1.01673 1.39855 0.400083 0.490378 0.435055 0.981207 0.405553 0.452983 0.374548 0.387634 0.365203 0.406822 0.400311 0.388977 0.490116 1.05009 0.385044 0.301403 0.390315 0.390599 0.927454 0.502184 0.402356 0.398848 0.383722 0.936815 0.484382 0.900674 0.521126 0.706643 0.138937 0.401339 0.403663 0.37562 0.657587 0.529253 0.699707 0.315835 0.705793 0.40224 0.374032 0.387512 0.435891 0.702319 0.905654 0.41343 0.401551 0.513279 0.433593 0.678976 0.540976 0.378728 0.718481 1.4724 0.492432 1.34001 0.386855 0.367957 0.381006 0.397686 0.402934 0.373047 1.66 0.362547 0.506895 0.40094 0.456831 0.707811 0.446527 0.371051 0.364313 0.413648 0.53486 0.401335 0.393407 0.384484 0.402585 0.39881 0.441163 0.708398 0.46199 0.403038 0.398635 0.668036 0.540391 0.399712 0.401504 0.927872 0.388333 0.544119 0.359899 0.498169 0.449571 0.388832 0.405922 0.676599 0.540995 0.363841 0.377996 0.39983 0.71036 0.532206 0.407967 1.43073 0.376998 1.43796 0.534761 0.400784 0.420486 1.01329 0.398007 1.01608 0.375107 0.376301 0.401135 0.397765 0.395218 0.548788 1.65781 0.703239 0.405121 0.366503 0.667138 0.543038 0.483138 0.381555 0.708108 0.418497 0.390774 0.541959 0.396086 0.396244 0.371383 0.474641 0.399501 0.400202 1.44067 0.377713 0.403845 0.405087 0.372512 0.375919 0.393005 0.413995 0.522759 0.412737 0.380142 0.697794 0.402076 0.369958 0.391533 0.688404 0.486573 0.542636 0.69314 0.545191 0.373889 0.530567 0.399986 0.400538 0.701507 0.448593 0.365925 0.405645 0.530543 0.369266 0.395279 0.539236 0.393258 0.708426 0.651328 0.405136 1.45392 0.927104 0.692559 0.694857 0.537689 0.389304 0.488339 0.399723 0.695979 0.422464 0.410207 0.401262 0.400274 0.680652 0.362256 0.426116 0.713053 0.400445 0.371771 0.48894 0.401213 0.685397 0.421025 0.38574 0.42333 0.401054 0.400391 0.407065 0.391483
Testing:
Lab Growth Rates:
0.2 0.2 0.2
Dot Production Prediction of Lab Growth Rates:
0.424074 0.392314 0.415203
Best performance so far: 
Obj: 4.65135e-310Rho: 2.122e-314Diff: 4.65135e-310
Test:
 Lab Growth Rates:
0.2 0.2 0.2Dot Product Prediction of Growth Rate:
0.4240745 0.392314 0.4152027