seed =  5 traits =  1 
Training: part  36 
Training: part  36 
Round  1 
 Goal of obj  0.99 
Temperature range:  0.015625 6.25e-12 
Cycle 1Round 1
Iter 500000 pBad 0.958151 T 0.00529571 Obj 1.20538 Rho 0 GRdif 109.834 success 116716 failure 1185 obj_new 1.20538 SA_pAcc 1 Delta -0.0579983 SA_r 0.45302 freedomratio 0.374522
Iter 1000000 pBad 0.848698 T 0.00179485 Obj 1.10597 Rho 0 GRdif 59.2254 success 261039 failure 8764 obj_new 1.10597 SA_pAcc 1 Delta -0.0038309 SA_r 0.289816 freedomratio 0.364764
Iter 1500000 pBad 0.803705 T 0.000608317 Obj 1.04834 Rho 0 GRdif 27.7581 success 404751 failure 25836 obj_new 1.04834 SA_pAcc 1.03436 Delta -0.0429695 SA_r 0.916235 freedomratio 0.371212
Iter 2000000 pBad 0.728978 T 0.000206174 Obj 1.03196 Rho 0 GRdif 18.497 success 546248 failure 48375 obj_new 1.03196 SA_pAcc 1.40952 Delta 0.028436 SA_r 0.0630212 freedomratio 0.366355
Iter 2500000 pBad 0.699734 T 6.98773e-05 Obj 1.02532 Rho 0 GRdif 14.7018 success 685842 failure 74761 obj_new 1.02532 SA_pAcc 0.803387 Delta 0.0513917 SA_r 0.565264 freedomratio 0.361179
Iter 3000000 pBad 0.579277 T 2.36831e-05 Obj 1.01782 Rho 0 GRdif 10.3876 success 822699 failure 108011 obj_new 1.01782 SA_pAcc 1.27364 Delta -0.0248085 SA_r 0.679235 freedomratio 0.35723
Iter 3500000 pBad 0.444863 T 8.02679e-06 Obj 1.01573 Rho 0 GRdif 9.17636 success 955019 failure 147678 obj_new 1.01573 SA_pAcc 1 Delta -0.0333853 SA_r 0.960672 freedomratio 0.362963
Iter 4000000 pBad 0.320269 T 2.72048e-06 Obj 1.01212 Rho 0 GRdif 7.08616 success 1069511 failure 221336 obj_new 1.01212 SA_pAcc 1 Delta 0.0116211 SA_r 0.282343 freedomratio 0.345273
Iter 4500000 pBad 0.238344 T 9.22036e-07 Obj 1.00965 Rho 0 GRdif 5.64618 success 1169340 failure 325861 obj_new 1.00965 SA_pAcc 0.281863 Delta 0.0166092 SA_r 0.0205983 freedomratio 0.336384
Iter 5000000 pBad 0.0963688 T 3.12501e-07 Obj 1.00894 Rho 0 GRdif 5.23398 success 1241787 failure 488836 obj_new 1.00894 SA_pAcc 1 Delta -0.000112054 SA_r 0.543194 freedomratio 0.291667
Iter 5500000 pBad 0.0450822 T 1.05914e-07 Obj 1.00865 Rho 0 GRdif 5.06324 success 1284755 failure 721488 obj_new 1.00865 SA_pAcc 1 Delta 0.00391473 SA_r 0.0587987 freedomratio 0.254435
Iter 6000000 pBad 0.0278469 T 3.58969e-08 Obj 1.00848 Rho 0 GRdif 4.96276 success 1312463 failure 1000548 obj_new 1.00848 SA_pAcc 1 Delta -0.000206518 SA_r 0.0151158 freedomratio 0.237001
Iter 6500000 pBad 0.0196939 T 1.21663e-08 Obj 1.00841 Rho 0 GRdif 4.92159 success 1328151 failure 1317935 obj_new 1.00841 SA_pAcc 1 Delta 0.000121693 SA_r 0.320694 freedomratio 0.221719
Iter 7000000 pBad 0.00602656 T 4.12347e-09 Obj 1.00837 Rho 0 GRdif 4.90063 success 1337852 failure 1656509 obj_new 1.00837 SA_pAcc 7.49101e-07 Delta -0.000336663 SA_r 0.180242 freedomratio 0.212274
Iter 7500000 pBad 0.00441658 T 1.39755e-09 Obj 1.00835 Rho 0 GRdif 4.88828 success 1344090 failure 2007952 obj_new 1.00835 SA_pAcc 1 Delta -0.000376879 SA_r 0.98425 freedomratio 0.20985
Iter 8000000 pBad 0.00293424 T 4.73662e-10 Obj 1.00834 Rho 0 GRdif 4.88156 success 1347728 failure 2368072 obj_new 1.00834 SA_pAcc 7.66344e-19 Delta -0.000101399 SA_r 0.906154 freedomratio 0.206678
Iter 8500000 pBad 0.00171728 T 1.60536e-10 Obj 1.00833 Rho 0 GRdif 4.87854 success 1349707 failure 2733878 obj_new 1.00833 SA_pAcc 1 Delta -4.21964e-05 SA_r 0.937976 freedomratio 0.204593
Iter 9000000 pBad 0.00137355 T 5.44095e-11 Obj 1.00833 Rho 0 GRdif 5.00831 success 1351681 failure 3100991 obj_new 1.00855 SA_pAcc 0 Delta 5.82179e-05 SA_r 0.0213137 freedomratio 0.203742
Iter 9500000 pBad 0.000873031 T 1.84407e-11 Obj 1.00833 Rho 0 GRdif 4.87502 success 1353113 failure 3470951 obj_new 1.00833 SA_pAcc 1 Delta 7.63048e-05 SA_r 0.448621 freedomratio 0.201923
Iter 10000000 pBad 0.000601332 T 6.25001e-12 Obj 1.00832 Rho 0 GRdif 4.87369 success 1354512 failure 3843894 obj_new 1.00832 SA_pAcc 0 Delta 3.56837e-05 SA_r 0.841878 freedomratio 0.199322
Cannot move further
iter 9.99932e+06 obj1.00832 rho 0 GRdif 4.87357
Training:
Lab Growth Rates:
0.3 0.45 0.41 0.32 0.19 0.377 0.45 0.6 0.42 0.59 0.23 0.56 0.41 0.6 0.41 0.54 0.1 0.54 0.43 0.09 0.465 0.54 0.41 0.5 0.46 0.48 0.4 0.5 0.4 0.68 0.4 0.37 0.47 0.58 0.637 0.65 0.59 0.65 1.483 0.25 0.36 1.4 0.53 0.37 1.38 0.481 0.41 0.4 1.483 1.483 0.52 0.54 0.3 0.56 0.36 0.636 0.58 0.45 0.43 0.6 0.23 0.42 0.46 0.42 1.345 0.56 0.41 0.1 0.54 0.4 0.42 0.377 0.55 0.52 0.55 0.58 0.37 0.58 0.4 0.46 0.54 0.1 0.22 0.58 0.5 1.483 0.4 0.68 0.59 0.25 0.45 0.56 0.43 0.47 0.3 0.27 0.33 1.248 0.25 0.31 0.27 0.38 0.5 0.46 1.05 0.42 0.38 0.11 0.59 0.4 0.65 0.46 0.58 0.45 0.36 1.43 0.48 0.47 0.4 0.39 0.5 0.686 0.42 0.48 0.56 0.58 0.4 0.46 0.54 0.55 0.45 0.3 0.42 0.54 0.48 0.37 0.58 0.1 0.33 0.37 0.65 0.54 0.42 0.43 0.301 0.22 1.345 1.483 0.45 0.43 0.54 0.47 0.4 0.47 0.46 0.32 0.65 0.38 0.54 1.483 0.39 0.59 0.48 0.42 0.54 0.17 0.23 0.41 0.4 1.248 0.54 0.53 0.1 0.377 1.483 1.05 1.483 0.4 0.14 0.41 0.47 1.03 1.248 0.5 0.3 0.43 0.5 0.46 0.45 0.648 0.25 0.36 0.58 0.45 0.31 0.51 0.901 0.43 0.4 0.25 0.45 0.54 0.55 0.36 0.38 0.27 0.5 0.3 1.46 0.762 0.4 0.637 0.47 0.43 0.58 0.33 0.46 0.485 0.54 0.59 0.65 0.43 1.05 0.19 0.4 0.5 0.42 0.36 0.59 0.5 0.59 0.39 0.485 0.37 0.58 0.301 0.52 1.345 0.45 0.4 0.42 1.46 0.48 0.4 0.65 0.39 0.58 0.3 0.3 0.59 0.1 0.39 0.762 0.4 0.4 0.4 0.33 1.05 0.37 0.47 0.56 0.4 0.635 0.37 0.27 0.36 0.11 0.55 0.4 0.47 0.27 0.4 0.648 0.42 0.4 0.53 0.476 0.47 0.54 0.52 0.4 0.5 0.476 0.54 0.5 1.44 1.46 0.45 0.5 0.5 1.483 0.52 0.5 0.37 0.26 0.54 0.43 0.2 0.23 0.45 0.39 0.58 0.53 0.56 0.58 0.7 0.46 0.22 0.4 0.46 0.54 0.46 0.25 0.686 1.345 0.47 1.248 0.53 0.5 0.47 0.636 0.47 0.724 0.51 0.53 0.46 0.43 0.901 0.2 0.4 0.5 0.46 0.47 0.37 0.65 0.37 0.68 0.45 0.5 0.37 0.47 0.5 1.345 0.617 0.45 0.54 0.59 0.58 0.27 0.46 0.4 0.4 0.58 0.47 1.483 0.4 0.4 1.345 1.66 0.47 0.23 1.35 0.46 0.4 0.4 0.42 0.3 0.42 0.7 0.56 1.345 0.5 0.26 0.25 0.53 0.5 0.45 1.345 0.635 1.483 0.47 0.46 0.34 0.4 0.3 0.25 0.4 0.901 0.68 0.4 0.22 0.46 1.345 0.648 0.55 0.09 0.5 0.59 0.22 0.33 0.55 0.55 0.38 0.58 0.636 0.4 0.46 0.1 0.56 0.58 0.59 0.4 0.41 0.1 0.5 0.3 0.47 0.56 0.465 0.4 0.47 1.67 0.53 0.4 0.36 0.56 0.2 0.5 0.4 0.55 0.17 0.4 0.5 0.4 0.481 0.4 0.5 0.37 0.4 0.3 0.5 0.762 0.481 0.4 0.26 0.53 0.5 0.4 0.49 0.37 0.52 0.52 0.34 1.345 0.56 0.6 0.71 0.724 0.1 0.56 0.54 1.05 0.49 0.23 0.42 0.45 0.55 0.59 0.476 0.54 0.4 0.59 0.37 0.52 0.7 0.47 0.485 0.465 1.49 0.33 0.59 0.71 0.23 0.48 0.56 0.3 1.66 0.637 0.32 0.47 0.635 0.47 0.52 0.48 0.53 0.901 0.4 0.53 0.901 0.37 0.4 0.36 0.54 0.4 0.42 0.59 0.22 0.4 0.23 0.45 0.56 0.42 0.49 0.5 0.4 0.4 0.56 0.48 0.23 1.43 0.55 0.17 0.09 0.724 0.58 0.4 1.345 0.43 0.4 0.4 0.5 0.5 1.42 0.4 1.248 0.31 0.45 0.54 0.52 0.54 0.42 0.68 0.55 0.5 0.58 0.901 0.34 0.46 1.345 0.7 0.53 0.14 0.33 0.22 0.65 0.46 0.4 0.5 0.52 0.71 0.54 0.4 0.19 0.52 0.4 0.3 1.483 0.53 0.686 0.11 0.51 0.58 0.33 0.301 0.56 1.46 0.47 0.22 0.33 0.53 0.54 0.762 0.485 0.53 0.56 0.5 0.4 0.54
Dot Production Prediction of Lab Growth Rates:
0.484878 0.346972 0.355625 0.32065 0.33344 0.488566 1.48673 0.507942 0.37768 0.552594 0.430924 0.540286 0.399454 0.50982 0.411829 0.359967 1.06647 0.41596 0.35565 0.371567 0.490215 0.542859 0.487809 0.538195 0.466565 0.314507 0.402972 0.602472 0.409149 0.412648 0.414066 0.413512 0.349735 0.461967 0.674646 0.661217 0.559068 0.674207 1.02572 0.383734 0.326781 1.39957 0.403131 0.330413 1.35759 0.487666 0.489141 0.403815 1.009 1.04116 0.379768 0.361348 0.300216 0.544007 0.44533 0.682261 0.336285 0.415769 0.382749 0.500528 0.546593 0.328846 0.40621 0.356331 1.06729 0.46935 0.38241 0.47942 0.431543 0.409095 0.341794 0.489964 0.548818 0.353551 0.556204 0.46643 0.426484 0.472094 0.400085 0.345732 0.541872 1.06691 0.448719 0.459594 0.361844 1.0471 0.40284 0.410416 0.3275 0.550525 0.400701 0.460164 0.471612 0.46729 0.514421 0.396447 0.387072 0.858555 0.748552 0.590315 0.40202 0.392953 0.665885 0.434203 1.05 0.391244 0.345705 0.335205 0.543484 0.407701 0.643728 0.377403 0.472399 1.51271 0.379154 1.20238 0.324852 0.468598 0.412055 0.366621 0.644665 0.681511 0.332611 0.344 0.541191 0.316281 0.400835 0.527754 0.415621 0.45302 0.334486 0.404923 0.348062 0.455727 0.333074 0.42709 0.473493 1.20413 0.462537 0.415334 0.614458 0.444292 0.346024 0.445731 0.488974 0.473763 1.05696 1.03621 0.33133 0.403644 0.379743 0.360619 0.40174 0.509841 0.456907 0.347306 0.649891 0.326208 0.301082 1.0385 0.325267 0.419003 0.305744 0.300451 0.534277 0.344256 0.548221 0.305851 0.394036 0.853316 0.409106 0.547329 1.30524 0.49072 1.03276 1.0529 1.04334 0.412709 0.146901 0.376645 0.421245 1.3505 0.859728 0.372235 0.393656 0.390512 0.314439 0.461082 1.47945 0.677588 0.367355 0.347869 0.474878 0.371559 0.583131 0.401482 0.900985 0.425264 0.415703 1.52026 0.417599 0.446904 0.452306 0.327303 0.343452 0.357976 0.32987 0.445078 1.03846 0.809268 0.412587 0.678228 0.40665 0.373951 0.358844 0.375428 0.290515 0.484951 0.338884 0.320652 0.632444 0.4377 1.03623 0.325072 0.395615 0.468706 0.582731 0.353438 0.3075 0.370424 0.550198 0.293144 0.488035 0.438056 0.354641 0.491663 0.377847 1.05754 0.357734 0.343589 0.350419 1.04038 0.315376 0.412872 0.650476 0.325428 0.383782 0.484614 0.533233 0.353026 0.745637 0.306535 0.812926 0.399499 0.400653 0.415148 0.314995 1.04881 0.549168 0.364041 0.543611 0.400729 0.67472 0.424755 0.589261 0.348784 0.390144 0.553462 0.398215 0.378803 0.375514 0.41506 0.669738 0.358436 0.406228 0.507313 0.492472 0.367491 0.403017 0.389645 0.398824 0.576808 0.490392 0.37929 0.471513 1.53941 1.04416 0.38142 0.314919 0.537715 1.05932 0.406799 0.470861 0.416531 0.374872 0.360743 0.38723 0.420482 0.546457 1.57228 0.340533 0.469771 0.542885 0.547765 0.462207 0.708406 0.514432 0.468361 0.414256 0.434714 0.396121 0.538947 0.329857 0.68261 1.07229 0.428214 0.855474 0.338747 0.687767 0.43382 0.684157 0.496096 0.684691 0.43877 0.450501 0.293729 0.428219 0.900982 0.426938 0.410576 0.342646 0.455413 0.404853 0.406924 0.635318 0.40265 0.41611 0.33679 0.465599 0.418003 0.399685 0.602437 1.05938 0.570747 1.53 0.544278 0.542417 0.400245 0.306818 0.328122 0.411529 0.409486 0.367885 0.403189 1.05039 0.413506 0.410394 1.05594 1.66 0.407974 0.429836 1.11024 0.465519 0.4123 0.400094 0.610026 0.309432 0.40653 0.700255 0.542264 1.00885 0.31308 0.574488 0.510827 0.538176 0.547511 1.57419 1.03417 0.677278 1.02111 0.366334 0.467046 0.304762 0.403871 0.434923 0.383469 0.405947 0.834652 0.41438 0.404907 0.403858 0.45931 1.02471 0.674774 0.445786 0.466314 0.324736 0.551243 0.473326 0.305834 0.549492 0.548269 0.371328 0.461562 0.686611 0.409109 0.374692 0.340081 0.540578 0.37584 0.547157 0.415182 0.487068 1.43077 0.464058 0.507484 0.348093 0.461366 0.489037 0.411205 0.399272 1.38132 0.295883 0.418024 0.364963 0.460703 0.392542 0.533842 0.412068 0.452272 0.330168 0.398575 0.423847 0.415531 0.488405 0.395781 0.67321 0.414663 0.395211 0.303078 0.332827 0.815727 0.486062 0.399258 0.470506 0.536916 0.391422 0.41428 0.40823 0.457279 0.348514 0.35292 0.315151 1.0433 0.464969 0.510226 0.680889 0.681737 0.470165 0.5433 0.455569 1.55801 0.375398 0.546308 0.35373 0.363813 0.4291 0.324128 0.489291 0.537577 0.411774 0.40023 0.422041 0.373625 0.699625 0.380022 0.484289 0.492895 1.57228 0.370422 0.336544 0.681078 0.431252 0.357853 0.541204 0.488986 1.66 0.67506 0.307181 0.354528 0.678014 0.332916 0.387533 0.314566 0.360928 0.901668 0.405379 0.404808 0.902343 0.418917 0.404909 0.434319 0.31121 0.356511 0.59197 0.331905 0.357892 0.412415 0.544311 0.41938 0.468344 0.328102 0.383585 0.567015 0.400488 0.401446 0.537036 0.299485 0.547246 1.19289 0.54641 0.448086 0.33506 0.683629 0.449858 0.413865 1.07232 0.4558 0.406525 0.414002 0.576757 0.542782 1.50847 0.411572 0.855968 0.577296 1.49351 0.543191 0.371879 0.539894 0.305201 0.41205 0.436626 0.674263 0.470466 0.901035 0.338767 0.44679 1.05159 0.691652 0.333092 0.146957 0.517803 0.470601 0.659164 0.463824 0.402818 0.465338 0.395066 0.680228 0.407402 0.406688 0.319378 0.403304 0.414223 0.343868 1.02435 0.534004 0.683632 0.37672 0.421355 0.309263 0.324741 0.49284 0.546599 1.59785 0.356172 0.465557 0.502764 0.545499 0.435572 0.815049 0.487232 0.532662 0.550758 0.686456 0.413567 0.396906
Testing:
Lab Growth Rates:
1.67
Dot Production Prediction of Lab Growth Rates:
1.50145
Best performance so far: 
Obj: 4.65592e-310Rho: 2.26291e-314Diff: 4.65592e-310
Anneal again with the best G and E so far as input
Cycle 2Round 1
Iter 500000 pBad 0.902877 T 0.00529571 Obj 1.13671 Rho 0 GRdif 75.3473 success 106578 failure 4903 obj_new 1.13671 SA_pAcc 1 Delta -0.0246329 SA_r 0.0725548 freedomratio 0.246541
Iter 1000000 pBad 0.846037 T 0.00179485 Obj 1.07999 Rho 0 GRdif 45.2479 success 210990 failure 13736 obj_new 1.07999 SA_pAcc 1 Delta -0.01154 SA_r 0.974086 freedomratio 0.247788
Iter 1500000 pBad 0.77982 T 0.000608317 Obj 1.04832 Rho 0 GRdif 27.7486 success 313375 failure 28428 obj_new 1.04832 SA_pAcc 1 Delta -0.054846 SA_r 0.696942 freedomratio 0.244491
Iter 2000000 pBad 0.72475 T 0.000206174 Obj 1.03617 Rho 0 GRdif 20.8926 success 413369 failure 49753 obj_new 1.03617 SA_pAcc 1 Delta 0.0539828 SA_r 0.434377 freedomratio 0.248521
Iter 2500000 pBad 0.651079 T 6.98773e-05 Obj 1.027 Rho 0 GRdif 15.6662 success 510971 failure 75929 obj_new 1.027 SA_pAcc 1 Delta 0.0413195 SA_r 0.830715 freedomratio 0.243478
Iter 3000000 pBad 0.554371 T 2.36831e-05 Obj 1.02211 Rho 0 GRdif 12.8597 success 606575 failure 108063 obj_new 1.02211 SA_pAcc 1 Delta -0.0474395 SA_r 0.036971 freedomratio 0.244389
Iter 3500000 pBad 0.409617 T 8.02679e-06 Obj 1.01862 Rho 0 GRdif 10.8511 success 699277 failure 146924 obj_new 1.01863 SA_pAcc 0.349069 Delta 0.0324263 SA_r 0.472961 freedomratio 0.24128
Iter 4000000 pBad 0.301544 T 2.72048e-06 Obj 1.01586 Rho 0 GRdif 9.24961 success 785300 failure 199051 obj_new 1.01586 SA_pAcc 1 Delta -0.010531 SA_r 0.155344 freedomratio 0.234076
Iter 4500000 pBad 0.265737 T 9.22036e-07 Obj 1.0121 Rho 0 GRdif 7.07069 success 859068 failure 283640 obj_new 1.0121 SA_pAcc 1 Delta -0.0218064 SA_r 0.322323 freedomratio 0.224085
Iter 5000000 pBad 0.162661 T 3.12501e-07 Obj 1.01059 Rho 0 GRdif 6.19564 success 925050 failure 387054 obj_new 1.01059 SA_pAcc 0.818758 Delta 0.00557394 SA_r 0.739092 freedomratio 0.213508
Iter 5500000 pBad 0.0970911 T 1.05914e-07 Obj 1.00966 Rho 0 GRdif 5.65418 success 976996 failure 531173 obj_new 1.00966 SA_pAcc 1.31402 Delta -0.00611553 SA_r 0.868733 freedomratio 0.203531
Iter 6000000 pBad 0.0364629 T 3.58969e-08 Obj 1.00913 Rho 0 GRdif 5.34545 success 1013998 failure 725781 obj_new 1.00913 SA_pAcc 1 Delta 0.00204825 SA_r 0.125784 freedomratio 0.178832
Iter 6500000 pBad 0.0193654 T 1.21663e-08 Obj 1.00894 Rho 0 GRdif 5.23437 success 1037257 failure 977370 obj_new 1.00894 SA_pAcc 2.97089e-55 Delta 0.00095802 SA_r 0.510639 freedomratio 0.16443
Iter 7000000 pBad 0.0100774 T 4.12347e-09 Obj 1.00886 Rho 0 GRdif 5.1979 success 1052427 failure 1265704 obj_new 1.00888 SA_pAcc 0 Delta -0.00036307 SA_r 0.140976 freedomratio 0.155145
Iter 7500000 pBad 0.011657 T 1.39755e-09 Obj 1.00881 Rho 0 GRdif 5.16235 success 1064489 failure 1578019 obj_new 1.00882 SA_pAcc 0 Delta 0.000783961 SA_r 0.889019 freedomratio 0.149239
Iter 8000000 pBad 0.00278964 T 4.73662e-10 Obj 1.00879 Rho 0 GRdif 5.14571 success 1073769 failure 1911569 obj_new 1.00879 SA_pAcc 2.38261e-152 Delta 6.87282e-05 SA_r 0.828823 freedomratio 0.141926
Iter 8500000 pBad 0.00278183 T 1.60536e-10 Obj 1.00878 Rho 0 GRdif 5.13885 success 1081522 failure 2266341 obj_new 1.00878 SA_pAcc 0 Delta 9.07513e-05 SA_r 0.710532 freedomratio 0.136048
Iter 9000000 pBad 0.00158232 T 5.44095e-11 Obj 1.00877 Rho 0 GRdif 5.13277 success 1087692 failure 2636657 obj_new 1.00877 SA_pAcc 9.99968e-09 Delta -3.43238e-05 SA_r 0.369714 freedomratio 0.132851
Iter 9500000 pBad 0.00162945 T 1.84407e-11 Obj 1.00876 Rho 0 GRdif 5.13738 success 1095364 failure 3023743 obj_new 1.00878 SA_pAcc 0 Delta -8.31654e-05 SA_r 0.854125 freedomratio 0.125027
Good enough
iter 9.99983e+06 obj1.00876 rho 0 GRdif 5.12667
Training:
Lab Growth Rates:
0.3 0.45 0.41 0.32 0.19 0.377 0.45 0.6 0.42 0.59 0.23 0.56 0.41 0.6 0.41 0.54 0.1 0.54 0.43 0.09 0.465 0.54 0.41 0.5 0.46 0.48 0.4 0.5 0.4 0.68 0.4 0.37 0.47 0.58 0.637 0.65 0.59 0.65 1.483 0.25 0.36 1.4 0.53 0.37 1.38 0.481 0.41 0.4 1.483 1.483 0.52 0.54 0.3 0.56 0.36 0.636 0.58 0.45 0.43 0.6 0.23 0.42 0.46 0.42 1.345 0.56 0.41 0.1 0.54 0.4 0.42 0.377 0.55 0.52 0.55 0.58 0.37 0.58 0.4 0.46 0.54 0.1 0.22 0.58 0.5 1.483 0.4 0.68 0.59 0.25 0.45 0.56 0.43 0.47 0.3 0.27 0.33 1.248 0.25 0.31 0.27 0.38 0.5 0.46 1.05 0.42 0.38 0.11 0.59 0.4 0.65 0.46 0.58 0.45 0.36 1.43 0.48 0.47 0.4 0.39 0.5 0.686 0.42 0.48 0.56 0.58 0.4 0.46 0.54 0.55 0.45 0.3 0.42 0.54 0.48 0.37 0.58 0.1 0.33 0.37 0.65 0.54 0.42 0.43 0.301 0.22 1.345 1.483 0.45 0.43 0.54 0.47 0.4 0.47 0.46 0.32 0.65 0.38 0.54 1.483 0.39 0.59 0.48 0.42 0.54 0.17 0.23 0.41 0.4 1.248 0.54 0.53 0.1 0.377 1.483 1.05 1.483 0.4 0.14 0.41 0.47 1.03 1.248 0.5 0.3 0.43 0.5 0.46 0.45 0.648 0.25 0.36 0.58 0.45 0.31 0.51 0.901 0.43 0.4 0.25 0.45 0.54 0.55 0.36 0.38 0.27 0.5 0.3 1.46 0.762 0.4 0.637 0.47 0.43 0.58 0.33 0.46 0.485 0.54 0.59 0.65 0.43 1.05 0.19 0.4 0.5 0.42 0.36 0.59 0.5 0.59 0.39 0.485 0.37 0.58 0.301 0.52 1.345 0.45 0.4 0.42 1.46 0.48 0.4 0.65 0.39 0.58 0.3 0.3 0.59 0.1 0.39 0.762 0.4 0.4 0.4 0.33 1.05 0.37 0.47 0.56 0.4 0.635 0.37 0.27 0.36 0.11 0.55 0.4 0.47 0.27 0.4 0.648 0.42 0.4 0.53 0.476 0.47 0.54 0.52 0.4 0.5 0.476 0.54 0.5 1.44 1.46 0.45 0.5 0.5 1.483 0.52 0.5 0.37 0.26 0.54 0.43 0.2 0.23 0.45 0.39 0.58 0.53 0.56 0.58 0.7 0.46 0.22 0.4 0.46 0.54 0.46 0.25 0.686 1.345 0.47 1.248 0.53 0.5 0.47 0.636 0.47 0.724 0.51 0.53 0.46 0.43 0.901 0.2 0.4 0.5 0.46 0.47 0.37 0.65 0.37 0.68 0.45 0.5 0.37 0.47 0.5 1.345 0.617 0.45 0.54 0.59 0.58 0.27 0.46 0.4 0.4 0.58 0.47 1.483 0.4 0.4 1.345 1.66 0.47 0.23 1.35 0.46 0.4 0.4 0.42 0.3 0.42 0.7 0.56 1.345 0.5 0.26 0.25 0.53 0.5 0.45 1.345 0.635 1.483 0.47 0.46 0.34 0.4 0.3 0.25 0.4 0.901 0.68 0.4 0.22 0.46 1.345 0.648 0.55 0.09 0.5 0.59 0.22 0.33 0.55 0.55 0.38 0.58 0.636 0.4 0.46 0.1 0.56 0.58 0.59 0.4 0.41 0.1 0.5 0.3 0.47 0.56 0.465 0.4 0.47 1.67 0.53 0.4 0.36 0.56 0.2 0.5 0.4 0.55 0.17 0.4 0.5 0.4 0.481 0.4 0.5 0.37 0.4 0.3 0.5 0.762 0.481 0.4 0.26 0.53 0.5 0.4 0.49 0.37 0.52 0.52 0.34 1.345 0.56 0.6 0.71 0.724 0.1 0.56 0.54 1.05 0.49 0.23 0.42 0.45 0.55 0.59 0.476 0.54 0.4 0.59 0.37 0.52 0.7 0.47 0.485 0.465 1.49 0.33 0.59 0.71 0.23 0.48 0.56 0.3 1.66 0.637 0.32 0.47 0.635 0.47 0.52 0.48 0.53 0.901 0.4 0.53 0.901 0.37 0.4 0.36 0.54 0.4 0.42 0.59 0.22 0.4 0.23 0.45 0.56 0.42 0.49 0.5 0.4 0.4 0.56 0.48 0.23 1.43 0.55 0.17 0.09 0.724 0.58 0.4 1.345 0.43 0.4 0.4 0.5 0.5 1.42 0.4 1.248 0.31 0.45 0.54 0.52 0.54 0.42 0.68 0.55 0.5 0.58 0.901 0.34 0.46 1.345 0.7 0.53 0.14 0.33 0.22 0.65 0.46 0.4 0.5 0.52 0.71 0.54 0.4 0.19 0.52 0.4 0.3 1.483 0.53 0.686 0.11 0.51 0.58 0.33 0.301 0.56 1.46 0.47 0.22 0.33 0.53 0.54 0.762 0.485 0.53 0.56 0.5 0.4 0.54
Dot Production Prediction of Lab Growth Rates:
0.597219 0.31896 0.340246 0.330035 0.316722 0.607595 1.42268 0.642369 0.351147 0.553217 0.431217 0.559924 0.40249 0.605206 0.402044 0.322588 1.82627 0.371102 0.343611 0.387772 0.608105 0.534838 0.61125 0.531878 0.467609 0.289917 0.356217 0.739504 0.353484 0.40693 0.361121 0.40994 0.33381 0.464766 0.69171 0.640324 0.556027 0.650798 1.30525 0.348646 0.334476 1.4023 0.384643 0.262674 1.28356 0.605604 0.611226 0.372021 1.29659 1.33592 0.367266 0.387385 0.190531 0.547373 0.411483 0.71244 0.364472 0.4283 0.356285 0.595053 0.537864 0.311677 0.374417 0.328241 1.37846 0.496487 0.366824 0.451511 0.476334 0.353245 0.340095 0.60442 0.550012 0.342145 0.556305 0.494107 0.432699 0.498281 0.367012 0.331575 0.532943 1.78985 0.441713 0.483163 0.362518 1.34197 0.401338 0.405721 0.344049 0.537951 0.353693 0.494546 0.419281 0.425353 0.614388 0.37038 0.364786 0.862936 0.995195 0.608071 0.377351 0.382072 0.736344 0.383873 1.0672 0.33572 0.279695 0.329122 0.54695 0.352971 0.65006 0.327597 0.492155 1.47278 0.380453 1.19282 0.346105 0.454625 0.360369 0.325176 0.739925 0.701778 0.256774 0.32917 0.555818 0.311068 0.398713 0.512176 0.362675 0.500158 0.353839 0.503038 0.344041 0.482593 0.364844 0.431549 0.477919 2.08974 0.467439 0.39169 0.616359 0.480913 0.350524 0.424516 0.6186 0.487771 1.28202 1.22471 0.353487 0.362978 0.411995 0.335776 0.346702 0.451847 0.469194 0.370987 0.649806 0.295671 0.281573 1.25441 0.33762 0.378343 0.270564 0.291362 0.547152 0.302372 0.550996 0.316553 0.390009 0.857004 0.385166 0.541179 2.01312 0.612667 1.31712 1.06454 1.24 0.359842 0.497797 0.364268 0.364234 1.24427 0.869425 0.382681 0.358655 0.361951 0.332039 0.465926 1.45888 0.693304 0.351123 0.317636 0.477977 0.348891 0.577429 0.38674 0.899768 0.390505 0.364419 1.50322 0.406092 0.471523 0.509477 0.342339 0.279263 0.324469 0.320952 0.529186 1.0309 0.814582 0.361588 0.696605 0.385538 0.33378 0.325479 0.346549 0.272938 0.6081 0.332702 0.312086 0.627114 0.403699 1.05 0.292396 0.360745 0.480595 0.548162 0.346044 0.31503 0.356098 0.555139 0.288127 0.607812 0.417915 0.398205 0.621806 0.374234 1.29396 0.371717 0.276276 0.281694 1.04223 0.260189 0.360274 0.637004 0.298852 0.416166 0.565316 0.635594 0.313145 0.955752 0.319254 0.816291 0.398041 0.396838 0.359085 0.297124 1.04884 0.523367 0.333265 0.552377 0.401858 0.693681 0.43152 0.558934 0.369433 0.384863 0.56156 0.395536 0.382312 0.364958 0.362065 0.68524 0.332962 0.350893 0.447875 0.609443 0.330334 0.337125 0.381038 0.351372 0.668345 0.610518 0.349946 0.494846 1.51141 1.08787 0.394407 0.339594 0.534552 1.2956 0.411115 0.501646 0.415913 0.394442 0.385698 0.325918 0.347061 0.544107 1.52596 0.298059 0.475644 0.507208 0.547864 0.484137 0.826844 0.52282 0.501999 0.359068 0.404454 0.334587 0.521088 0.308633 0.700487 1.30671 0.351578 0.859694 0.308935 0.792985 0.407175 0.70057 0.437447 0.70185 0.416928 0.410823 0.299535 0.363534 0.901306 0.369183 0.357265 0.330504 0.453751 0.410462 0.419639 0.651937 0.402518 0.409833 0.27932 0.498847 0.419412 0.366896 0.669984 1.29197 0.702202 1.53042 0.555877 0.545862 0.368635 0.270009 0.336515 0.357307 0.356957 0.368997 0.412791 1.3424 0.361355 0.356332 1.35469 1.58371 0.386064 0.433173 1.13705 0.466476 0.356779 0.370873 0.564613 0.194389 0.39919 0.824826 0.552018 1.30411 0.307956 0.565481 0.494785 0.529806 0.578369 1.53069 1.31455 0.694992 1.29327 0.331548 0.483805 0.297358 0.404998 0.375835 0.347497 0.350024 0.851384 0.411744 0.348994 0.397356 0.41931 1.31555 0.695136 0.504826 0.456846 0.338187 0.547481 0.485205 0.301026 0.548626 0.543934 0.374673 0.487639 0.707206 0.354925 0.348951 0.313369 0.559004 0.338736 0.541299 0.360759 0.615898 1.45872 0.48706 0.602444 0.357994 0.48549 0.606851 0.359346 0.326625 1.36584 0.254583 0.366677 0.359916 0.486497 0.350681 0.570499 0.357642 0.497855 0.288839 0.338562 0.448179 0.361459 0.6061 0.340673 0.768992 0.413309 0.361502 0.192213 0.352471 0.824831 0.601917 0.343378 0.453968 0.526713 0.403083 0.363346 0.40129 0.430241 0.352423 0.350194 0.327234 1.24333 0.484449 0.639272 0.705058 0.705459 0.439958 0.550174 0.481159 1.33458 0.383229 0.562483 0.33984 0.30448 0.484458 0.340584 0.605307 0.559908 0.35793 0.357414 0.427671 0.400374 0.804485 0.351071 0.607403 0.611061 1.52596 0.3062 0.326147 0.70028 0.432252 0.334892 0.527647 0.567796 1.56507 0.698232 0.320864 0.374045 0.698206 0.300747 0.367518 0.25318 0.375997 0.905868 0.367927 0.432002 0.901254 0.421123 0.345096 0.430009 0.302292 0.277743 0.543191 0.294975 0.34126 0.356109 0.560096 0.407903 0.491906 0.302946 0.387343 0.717515 0.35103 0.399256 0.524962 0.3049 0.550363 1.18641 0.544151 0.414734 0.345143 0.707548 0.452802 0.36061 1.35926 0.430698 0.351355 0.359788 0.714367 0.540024 1.53111 0.358233 0.856922 0.597078 1.48094 0.573349 0.340928 0.530483 0.280687 0.411087 0.505998 0.756756 0.50052 0.901002 0.326485 0.418385 1.29932 0.807726 0.293872 0.49088 0.498231 0.483761 0.668656 0.449081 0.344703 0.479445 0.388827 0.695181 0.378067 0.35035 0.294169 0.375803 0.361356 0.307265 1.25399 0.530182 0.700949 0.360401 0.40931 0.263744 0.311983 0.626724 0.546748 1.42183 0.371496 0.500682 0.493081 0.545354 0.478678 0.833941 0.612786 0.53032 0.551093 0.766993 0.361137 0.361771
Testing:
Lab Growth Rates:
1.67
Dot Production Prediction of Lab Growth Rates:
1.5241
Best performance so far: 
Obj: 4.65592e-310Rho: 6.5069e-314Diff: 4.65592e-310
Test:
 Lab Growth Rates:
1.67Dot Product Prediction of Growth Rate:
1.524101